1 -0.121 -1.218180697837851e-18 -0.08 1 0 0 0 1 0 0 0 1 -0 -0 0 -0 0 0 
2 -0.08360146715730948 0 -0.03328676225522106 1 0 -5.204170427930421e-18 0 1 0 5.204170427930421e-18 0 1 -0 -0 -0 0 0 0 
3 0.08900000000000791 2.369754901583204e-16 -0.004999999999998046 1 5.858835622329662e-15 5.551115123125818e-17 -5.858835622329662e-15 1 5.984795992119954e-17 -5.551115123125784e-17 -5.984795992119986e-17 1 -0 -0 0 0 -0 0 
4 0.2745808346341185 2.029934624836471e-10 -1.25622515629864e-08 1 0 0 0 1 0 0 0 1 0 0 0 0 0 0 
1 -0.121 -1.218180697837851e-18 -0.08 1 0 0 0 1 0 0 0 1 5.293955920339377e-23 -0 -0 0 0 0 
2 -0.08360146900098235 1.174313911963373e-05 -0.03328676225522106 0.9999999507020004 -0.0003139999948401429 -5.204170235514022e-18 0.0003139999948401429 0.9999999507020004 -1.634109527796542e-21 5.204170492069224e-18 2.013958296461558e-29 1 -7.374691367129983e-07 0.002348627746738308 -4.493350757881656e-48 -1.634109453951403e-19 -5.131103917281141e-23 0.06279999999999999 
3 0.08899999611779046 1.098999981964132e-05 -0.004999999999998045 0.9999999969188751 7.849999871589472e-05 5.5515849167873e-17 -7.849999871589472e-05 0.9999999969188751 5.984360215749281e-17 -5.551115127412922e-17 -5.984795996719559e-17 1 -1.552886966504803e-06 0.002197999891642866 6.577409358776652e-20 -4.35799395826517e-19 -4.697722552249131e-19 -0.0156999992743951 
4 0.2745808303205436 2.029934624836471e-10 -1.25622515629864e-08 1 0 0 0 1 0 0 0 1 -1.725429955699885e-06 0 0 0 0 0 
1 -0.121 -1.218180697837851e-18 -0.08 1 0 0 0 1 0 0 0 1 4.235164736271502e-22 -0 -0 0 0 0 
2 -0.08360149665607157 4.697254490027025e-05 -0.03328676225522106 0.9999992112321037 -0.00125599966976918 -5.204166900296186e-18 0.00125599966976918 0.9999992112321037 -6.536437607696702e-21 5.204171005179885e-18 5.437688540205529e-28 1 -5.899751639474126e-06 0.00469725201999747 -2.426409934543104e-46 -3.268216813386046e-19 -4.10488281763358e-22 0.1256000000000016 
3 0.08899993788453858 4.395998844215473e-05 -0.004999999999998045 0.9999999507020247 0.0003139999174481508 5.552994113811329e-17 -0.0003139999174481508 0.9999999507020247 5.983052688497275e-17 -5.551115162009686e-17 -5.984796033238219e-17 1 -1.242309171295855e-05 0.004395996532576122 1.324018375676878e-19 -8.718194311836376e-19 -9.393385774809147e-19 -0.03139997678064381 
4 0.2745807656169326 2.029934624836538e-10 -1.256225156298641e-08 1 0 0 0 1 0 0 0 1 -1.380343432932231e-05 0 0 0 0 0 
1 -0.121 -1.218180697837851e-18 -0.08 1 0 0 0 1 0 0 0 1 -0 -0 -0 0 0 0 
2 -0.08360161649471275 0.0001056881131375721 -0.03328676225522106 0.9999960068646575 -0.002825996238465804 -5.204151250432143e-18 0.002825996238465804 0.9999960068646575 -1.470697310251179e-20 5.204172031402524e-18 2.517449366558078e-27 1 -1.991164051512257e-05 0.007045855452396789 -1.685007549542996e-45 -4.902310477907543e-19 -1.385396866256742e-21 0.1884000000000179 
3 0.08899968554066508 9.890986834652164e-05 -0.004999999999998045 0.9999997504295083 0.0007064990596222691 5.555342099937445e-17 -0.0007064990596222691 0.9999997504295083 5.980872753741615e-17 -5.551115232511747e-17 -5.984796105061746e-17 1 -4.192787575201374e-05 0.006593973669265792 1.973586767102519e-19 -1.308278166891677e-18 -1.408490260710599e-18 -0.0470998236780561 
4 0.274580485234907 2.029934624837008e-10 -1.256225156298646e-08 1 0 0 0 1 0 0 0 1 -4.658651311115883e-05 0 0 0 0 0 
1 -0.121 -1.218180697837851e-18 -0.08 1 0 0 0 1 0 0 0 1 -0 -0 -0 0 0 0 
2 -0.08360193913657199 0.0001878894385930739 -0.03328676225522106 0.9999873797385452 -0.005023978865252638 -5.204107892673947e-18 0.005023978865252638 0.9999873797385452 -2.614566493830073e-20 5.20417357073977e-18 6.907884947591622e-27 1 -4.719782697461243e-05 0.009394392888896543 -6.776263578034403e-21 -6.536359513200862e-19 -3.283895516251769e-21 0.2512000000000916 
3 0.08899900615507159 0.0001758392602839979 -0.004999999999998045 0.9999992112383252 0.001255994716318837 5.558627835191533e-17 -0.001255994716318837 0.9999992112383252 5.977819317881803e-17 -5.551115341280565e-17 -5.98479620999801e-17 1 -9.938421926058055e-05 0.008791889042663995 2.630037301224602e-19 -1.745388489426631e-18 -1.87701305765572e-18 -0.06279925698125069 
4 0.2745797303625485 2.029934624838454e-10 -1.25622515629866e-08 1 0 0 0 1 0 0 0 1 -0.0001104267941545525 0 0 0 0 0 
1 -0.121 -1.218180697837851e-18 -0.08 1 0 0 0 1 0 0 0 1 -0 -0 -0 0 0 0 
2 -0.08360261944693727 0.0002935754676510678 -0.03328676225522106 0.9999691889082218 -0.007849919377483208 -5.204015276747559e-18 0.007849919377483208 0.9999691889082218 -4.085237374968004e-20 5.204175623195566e-18 1.468178377064353e-26 1 -9.218269684259336e-05 0.01174277749367341 -1.355252715606881e-20 -8.170303984501817e-19 -6.413822678706163e-21 0.3140000000003131 
3 0.08899757363042411 0.0002747471782118723 -0.004999999999998046 0.9999980743345761 0.001962479844376176 5.562849844325409e-17 -0.001962479844376176 0.9999980743345761 5.973890867903554e-17 -5.551115491717042e-17 -5.984796344885243e-17 1 -0.0001941082584148244 0.01098966138611173 3.150962563785996e-19 -2.183355494802316e-18 -2.344684436358052e-18 -0.07849773248974277 
4 0.2745781386713775 2.029934624841682e-10 -1.256225156298692e-08 1 0 0 0 1 0 0 0 1 -0.000215675288912417 0 0 0 0 0 
1 -0.121 -1.218180697837851e-18 -0.08 1 0 0 0 1 0 0 0 1 -0 -0 -0 0 0 0 
2 -0.08360385653190859 0.0004227440120519366 -0.03328676225522106 0.9999361104723233 -0.0113037592632497 -5.203845695985751e-18 0.0113037592632497 0.9999361104723233 -5.882680421311696e-20 5.204178188775183e-18 2.68058600638784e-26 1 -0.0001592899437417404 0.01409086685880817 1.355252715606881e-20 -9.804045291258959e-19 -1.108296991377588e-20 0.376800000000838 
3 0.08899496871644552 0.0003956315742132119 -0.004999999999998048 0.9999960070241067 0.002825939815817392 5.568006197521939e-17 -0.002825939815817392 0.9999960070241067 5.969085489595088e-17 -5.551115688258354e-17 -5.984796505588918e-17 1 -0.0003354142163559169 0.01318715742493772 4.103874629447084e-19 -2.622373837852422e-18 -2.81127086941555e-18 -0.09419435772250105 
4 0.2745752443339359 2.029934624847725e-10 -1.256225156298753e-08 1 0 0 0 1 0 0 0 1 -0.0003726804783836804 0 0 0 0 0 
1 -0.121 -1.218180697837851e-18 -0.08 1 0 0 0 1 0 0 0 1 -0 -0 -0 0 0 0 
2 -0.0836058937285495 0.0005753911237301246 -0.03328676225522106 0.9998816378370068 -0.01538539295516531 -5.203565288653008e-18 0.01538539295516531 0.9998816378370068 -8.006841805176848e-20 5.204181267485192e-18 4.424683571103237e-26 1 -0.0002529419379934424 0.01643844911700094 2.710505431213761e-20 -1.143743650450893e-18 -1.759903828785507e-20 0.4396000000019072 
3 0.08899067903713398 0.0005384887534292125 -0.004999999999998042 0.9999926027752535 0.003846348238796136 5.574094485717953e-17 -0.003846348238796136 0.9999926027752535 5.963400891106033e-17 -5.551115936373543e-17 -5.984796686997413e-17 1 -0.0005326126590765905 0.01538417887982641 4.616329562535936e-19 -3.062625035687844e-18 -3.276525167224923e-18 -0.1098878048635508 
4 0.2745704780597896 2.029934624857849e-10 -1.256225156298854e-08 1 0 0 0 1 0 0 0 1 -0.0005917860061346417 0 0 0 0 0 
1 -0.121 -1.218180697837851e-18 -0.08 1 0 0 0 1 0 0 0 1 2.710505431213761e-20 -0 -0 0 0 0 
2 -0.0836090185872518 0.0007515103308137082 -0.03328676225522106 0.9997980821874983 -0.02009464740174421 -5.203134040344968e-18 0.02009464740174421 0.9997980821874983 -1.045763277195195e-19 5.204184859333482e-18 6.797144205697243e-26 1 -0.0003775587902050711 0.01878522906190912 -5.421010862427522e-20 -1.307027270944707e-18 -2.626957352334532e-20 0.5024000000038635 
3 0.0889840991394998 0.0007033126590574631 -0.004999999999998048 0.9999873813311908 0.005023661850441829 5.581111790644285e-17 -0.005023661850441829 0.9999873813311908 5.95683443195185e-17 -5.551116242557817e-17 -5.984796883016712e-17 1 -0.0007950079076552832 0.01758044947731992 4.709503186733908e-19 -3.504274714378235e-18 -3.740183866701719e-18 -0.1255762237284876 
4 0.2745631671599941 2.029934624873547e-10 -1.256225156299011e-08 1 0 0 0 1 0 0 0 1 -0.0008833272554801698 0 0 0 0 0 
1 -0.121 -1.218180697837851e-18 -0.08 1 0 0 0 1 0 0 0 1 -0 -0 -0 0 0 0 
2 -0.08361356284295557 0.0009510917348868124 -0.03328676225522106 0.9996765732576433 -0.02543125792908651 -5.20250578792959e-18 0.02543125792908651 0.9996765732576433 -1.323491707779824e-19 5.204188964329263e-18 9.894642125584737e-26 1 -0.0005375570485677079 0.02113081428142953 1.084202172485504e-19 -1.470228135687555e-18 -3.740187566233236e-20 0.5652000000071707 
3 0.08897453057310015 0.0008900940275108796 -0.004999999999998049 0.99997978889326 0.0063578144822812 5.589054649705464e-17 -0.0063578144822812 0.99997978889326 5.949383157587917e-17 -5.551116614325412e-17 -5.98479708656404e-17 1 -0.001131894438521069 0.01977560197243392 6.454391058077767e-19 -3.947469788259904e-18 -4.201964687283608e-18 -0.1412571547665196 
4 0.2745525356522954 2.029934624896541e-10 -1.256225156299241e-08 1 0 0 0 1 0 0 0 1 -0.001257626588321933 0 0 0 0 0 
1 -0.121 -1.218180697837851e-18 -0.08 1 0 0 0 1 0 0 0 1 -5.421010862427522e-20 -0 -0 0 0 0 
2 -0.08361990237125692 0.001174120969679405 -0.03328676225522106 0.9995070605035414 -0.03139484039726742 -5.201628225582203e-18 0.03139484039726742 0.9995070605035414 -1.633849649889737e-19 5.204193582483063e-18 1.381385284859072e-25 1 -0.000737347968978807 0.02347470131131515 -3.082014497250229e-43 -1.633311262865145e-18 -5.130287900755333e-20 0.6280000000124322 
3 0.08896118201133034 0.001098819413891281 -0.004999999999998047 0.999969198400519 0.007848710099335928 5.597919015845719e-17 -0.007848710099335928 0.999969198400519 5.941043839698592e-17 -5.551117060201026e-17 -5.984797289560676e-17 1 -0.001552552103865482 0.02196916519030406 7.521652571618185e-19 -4.392335561712089e-18 -4.661564066384818e-18 -0.156927442118364 
4 0.2745377044215582 2.029934624928784e-10 -1.256225156299563e-08 1 0 0 0 1 0 0 0 1 -0.00172498702383744 0 0 0 0 0 
1 -0.121 -1.218180697837851e-18 -0.08 1 0 0 0 1 0 0 0 1 -0 -0 -0 0 0 0 
2 -0.08362845712482803 0.001420578021434679 -0.03328676225522106 0.9992783148036298 -0.03798485965773198 -5.200414655249977e-18 0.03798485965773198 0.9992783148036298 -1.97679683343789e-19 5.204170428007295e-18 1.013713226228222e-30 1 -0.0009813352972070761 0.02581626181816881 1.084202172485504e-19 -1.796223221923341e-18 -6.827856262694471e-20 0.6908 
3 0.08894316942710492 0.001329470088020778 -0.004999999999998043 0.9999549099345924 0.00949621491443888 5.607697731942776e-17 -0.00949621491443888 0.9999549099345924 5.931811555053262e-17 -5.551115123126519e-17 -5.984795992119998e-17 1 -0.002066240004912476 0.02416055109532073 9.385125055577646e-19 -4.838970603062643e-18 -5.118653520553724e-18 -0.1725831467519627 
4 0.2745176914520584 2.029934624976677e-10 -1.256225156300042e-08 1 0 0 0 1 0 0 0 1 -0.002295684136215725 0 0 0 0 0 
1 -0.121 -1.218180697837851e-18 -0.08 1 0 0 0 1 0 0 0 1 -0 -0 -0 0 0 0 
2 -0.0836396910449668 0.001690435911315786 -0.03328676225522106 0.9989779308237016 -0.04520059432347972 -5.19885140585826e-18 0.04520059432347972 0.9989779308237016 -2.352315963097287e-19 5.204170428041037e-18 1.597655185366432e-30 1 -0.001273912502767576 0.02815472882851301 -1.084202172485504e-19 -1.958927209727392e-18 -8.863526548950573e-20 0.7535999999999996 
3 0.08891951633724439 0.001582020801321933 -0.004999999999998045 0.9999361512826958 0.01130014858087582 5.618389775483929e-17 -0.01130014858087582 0.9999361512826958 5.921685444891613e-17 -5.551115123126965e-17 -5.98479599211992e-17 1 -0.00268218885227167 0.02634904190340438 6.776263578034401e-19 -5.287451440702794e-18 -5.572882175887138e-18 -0.1882194597382618 
4 0.2744914121509324 2.029934625035029e-10 -1.256225156300626e-08 1 0 0 0 1 0 0 0 1 -0.002979955952791183 0 0 0 0 0 
1 -0.121 -1.218180697837851e-18 -0.08 1 0 0 0 1 0 0 0 1 -1.084202172485504e-19 -0 -0 0 0 0 
2 -0.08365411194249148 0.001983659240354441 -0.03328676225522106 0.9985923302017372 -0.05304109786066501 -5.196844674548076e-18 0.05304109786066501 0.9985923302017372 -2.760349129620471e-19 5.204170428084832e-18 2.424023576254385e-30 1 -0.001619459403825366 0.03048918301014993 -2.168404344971009e-19 -2.121351996150524e-18 -1.126774514711076e-19 0.8163999999999997 
3 0.0888891541314962 0.001856438425123402 -0.00499999999999805 0.9999120786954763 0.01326027446517214 5.629987099317998e-17 -0.01326027446517214 0.9999120786954763 5.9106604909284e-17 -5.551115123127614e-17 -5.984795992119775e-17 1 -0.003409591647646384 0.02853377724318273 4.201283418381327e-19 -5.737818682715928e-18 -6.023867833755455e-18 -0.2038306156478046 
4 0.2744576797829735 2.02993462510993e-10 -1.256225156301375e-08 1 0 0 0 1 0 0 0 1 -0.003787990634751544 0 0 0 0 0 
1 -0.121 -1.218180697837851e-18 -0.08 1 0 0 0 1 0 0 0 1 -0 -0 -0 0 0 0 
2 -0.08367227134159225 0.002300202597617445 -0.03328676225522106 0.998106765723121 -0.06150515602557964 -5.194317714303003e-18 0.06150515602557964 0.998106765723121 -3.20083314170044e-19 5.204170428140497e-18 3.561766690901144e-30 1 -0.002022338123825258 0.0328185390364721 -1.112538310575876e-47 -2.2834220672076e-18 -1.407086249091514e-19 0.8792000000000003 
3 0.08885092250382094 0.002152680460895398 -0.004999999999998045 0.999881777879961 0.01537628900640081 5.642482811349299e-17 -0.01537628900640081 0.999881777879961 5.898732906408319e-17 -5.551115123128557e-17 -5.984795992119536e-17 1 -0.004257592525170355 0.03071374139483007 1.131636017531745e-18 -6.190080300579447e-18 -6.47119921905554e-18 -0.2194098061983888 
4 0.2744152060411261 2.029934625204241e-10 -1.256225156302318e-08 1 0 0 0 1 0 0 0 1 -0.004729911727902486 0 0 0 0 0 
1 -0.121 -1.218180697837851e-18 -0.08 1 0 0 0 1 0 0 0 1 -0 -0 -0 0 0 0 
2 -0.08369476427965845 0.002640008832476585 -0.03328676225522106 0.9975053266730701 -0.07059124066661268 -5.191187723053603e-18 0.07059124066661268 0.9975053266730701 -3.673688471729206e-19 5.204170428210015e-18 5.091388400982097e-30 1 -0.002486888320192943 0.03514153204856171 2.168404344971009e-19 -2.445049417558247e-18 -1.730307270184456e-19 0.9419999999999999 
3 0.08880357000513395 0.002470693423331535 -0.004999999999998045 0.9998442652715079 0.01764781016665908 5.655869165278454e-17 -0.01764781016665908 0.9998442652715079 5.885898925633984e-17 -5.551115123129881e-17 -5.984795992119164e-17 1 -0.005235273591327333 0.03288775062040916 9.690056916589192e-19 -6.644206685486749e-18 -6.914433104619251e-18 -0.2349490941648978 
4 0.2743626017772556 2.029934625321046e-10 -1.256225156303486e-08 1 0 0 0 1 0 0 0 1 -0.00581576077309826 0 0 0 0 0 
1 -0.121 -1.218180697837851e-18 -0.08 1 0 0 0 1 0 0 0 1 -0 -0 -0 0 0 0 
2 -0.08372222905550951 0.003003007192116265 -0.03328676225522106 0.9967709455686941 -0.0802974599230354 -5.187365878712176e-18 0.0802974599230354 0.9967709455686941 -4.17881666405788e-19 5.204170428295505e-18 7.106633346540291e-30 1 -0.003017421626638424 0.03745670424502406 -2.536904738922322e-47 -2.606132617464997e-18 -2.099437492022679e-19 1.0048 
3 0.08874575473830988 0.002810411097306311 -0.004999999999998049 0.9997984896320954 0.02007436498076477 5.67013749496218e-17 -0.02007436498076477 0.9997984896320954 5.872154882644425e-17 -5.551115123131716e-17 -5.98479599211862e-17 1 -0.006351639606770217 0.03505444061375777 1.477225460011499e-18 -7.100127109547632e-18 -7.353092603269274e-18 -0.2504393276479088 
4 0.2742983779209138 2.029934625463651e-10 -1.256225156304912e-08 1 0 0 0 1 0 0 0 1 -0.007055477072393849 0 0 0 0 0 
1 -0.121 -1.218180697837851e-18 -0.08 1 0 0 0 1 0 0 0 1 -2.168404344971009e-19 -0 -0 0 0 0 
2 -0.08375534691787583 0.003389111325704664 -0.03328676225522106 0.9958854064887088 -0.09062150485850037 -5.182757382522022e-18 0.09062150485850037 0.9958854064887088 -4.71609755771321e-19 5.204170428399247e-18 9.714679528980876e-30 1 -0.0036182152513223 0.03976239163047578 -3.684640019774225e-47 -2.766555890790256e-18 -2.517452876307313e-19 1.0676 
3 0.08867604521779812 0.003171752670047563 -0.004999999999998047 0.9997433340255756 0.02265537621463101 5.68527814553124e-17 -0.02265537621463101 0.9997433340255756 5.857497297097481e-17 -5.551115123134215e-17 -5.984795992117863e-17 1 -0.007615600357246621 0.0372122540988549 1.111307226797642e-18 -7.557726060201822e-18 -7.786665636514567e-18 -0.2658700547885197 
4 0.2742209466154892 2.029934625635583e-10 -1.256225156306632e-08 1 0 0 0 1 0 0 0 1 -0.008458874413407818 0 0 0 0 0 
1 -0.121 -1.218180697837851e-18 -0.08 1 0 0 0 1 0 0 0 1 -0 -0 -0 0 0 0 
2 -0.0837948416854042 0.00379821715699153 -0.03328676225522106 0.994829355234118 -0.101560592576398 -5.17726151193535e-18 0.101560592576398 0.994829355234118 -5.285386326024022e-19 5.204170428523679e-18 1.303758275852939e-29 1 -0.004293504674263227 0.04205671095881906 -4.336808689942018e-19 -2.926188206545859e-18 -2.987300351468777e-19 1.1304 
3 0.08859292141770093 0.003554620740173957 -0.004999999999998051 0.9996776182236053 0.02539014814410542 5.701280401635287e-17 -0.02539014814410542 0.9996776182236053 5.841922967612099e-17 -5.55111512313756e-17 -5.984795992116844e-17 1 -0.009035950566127564 0.03935942861048031 1.165517335421917e-18 -8.016839445674009e-18 -8.214603595344723e-18 -0.281229439035293 
4 0.2741286226031163 2.029934625840584e-10 -1.256225156308681e-08 1 0 0 0 1 0 0 0 1 -0.01003561456286993 0 0 0 0 0 
1 -0.121 -1.218180697837851e-18 -0.08 1 0 0 0 1 0 0 0 1 -0 -0 -0 0 0 0 
2 -0.08384147928890263 0.004230200627482051 -0.03328676225522106 0.9935823115681378 -0.1131114058745446 -5.1707716843119e-18 0.1131114058745446 0.9935823115681378 -5.886510336148533e-19 5.20417042867137e-18 1.721386554643589e-29 1 -0.005047475388711586 0.04433754691248141 1.734723475976807e-18 -3.08488238686048e-18 -3.511892066546216e-19 1.1932 
3 0.08849477603360859 0.003958899205609062 -0.004999999999998046 0.9996001015987931 0.02827785146864207 5.718132413214495e-17 -0.02827785146864207 0.9996001015987931 5.825429072829181e-17 -5.551115123141989e-17 -5.984795992115519e-17 1 -0.01062134720747458 0.04149398449570614 2.100641709190664e-18 -8.477250671073264e-18 -8.636320208816126e-18 -0.2965041750863445 
4 0.2740196248915502 2.029934626082607e-10 -1.256225156311102e-08 1 0 0 0 1 0 0 0 1 -0.0117951773506837 0 0 0 0 0 
1 -0.121 -1.218180697837851e-18 -0.08 1 0 0 0 1 0 0 0 1 -4.336808689942018e-19 -0 -0 0 0 0 
2 -0.08389606722599434 0.004684915312774516 -0.03328676225522106 0.9921226837982114 -0.1252700295083949 -5.163175532806255e-18 0.1252700295083949 0.9921226837982114 -6.51926583210359e-19 5.204170428845071e-18 2.23973133987597e-29 1 -0.005884253632844794 0.04660253956415115 -8.673617379884035e-19 -3.242474234602329e-18 -4.094098942561055e-19 1.256 
3 0.08837991598486053 0.004384451032793798 -0.004999999999998043 0.9995094865641271 0.03131750737710466 5.735821119229286e-17 -0.03131750737710466 0.9995094865641271 5.808013280448431e-17 -5.551115123147775e-17 -5.984795992113858e-17 1 -0.01238028408637554 0.04361371317976681 4.201283418381326e-19 -8.938686586745946e-18 -9.051190636252371e-18 -0.3116794056487949 
4 0.273892078737949 2.029934626365817e-10 -1.256225156313934e-08 1 0 0 0 1 0 0 0 1 -0.01374682717837297 0 0 0 0 0 
1 -0.121 -1.218180697837851e-18 -0.08 1 0 0 0 1 0 0 0 1 -0 -0 -0 0 0 0 
2 -0.08395945391782406 0.005162189915142752 -0.03328676225522106 0.9904277859770496 -0.1380318831451618 -5.154354995884936e-18 0.1380318831451618 0.9904277859770496 -7.18341444558298e-19 5.204170429047659e-18 2.876029704552347e-29 1 -0.006807896060090263 0.04884907217317365 -8.673617379884035e-19 -3.398781684286528e-18 -4.736743485417418e-19 1.3188 
3 0.08824656418518714 0.004831115910080614 -0.004999999999998047 0.9994044226198983 0.03450797078629639 5.754332169811284e-17 -0.03450797078629639 0.9994044226198983 5.789673864493188e-17 -5.551115123155238e-17 -5.984795992111822e-17 1 -0.0143210635626062 0.04571616574512595 5.149960319306142e-19 -9.400813312750036e-18 -9.458550798883318e-18 -0.3267386391793346 
4 0.2737440179860835 2.029934626694578e-10 -1.256225156317221e-08 1 0 0 0 1 0 0 0 1 -0.0158995758007836 0 0 0 0 0 
1 -0.121 -1.218180697837851e-18 -0.08 1 0 0 0 1 0 0 0 1 -8.673617379884035e-19 -0 -0 0 0 0 
2 -0.08403252795695398 0.005661825635995226 -0.03328676225522106 0.9884738580131559 -0.1513916511059556 -5.144186421985013e-18 0.1513916511059556 0.9884738580131559 -7.878679539618928e-19 5.20417042928218e-18 3.649425392319929e-29 1 -0.007822378298691009 0.05107425937467237 -8.673617379884035e-19 -3.553603980307248e-18 -5.442591825968757e-19 1.381600000000001 
3 0.08809286161087429 0.005298707788708372 -0.004999999999998045 0.9992835110710387 0.03784791277649486 5.773649847330114e-17 -0.03784791277649486 0.9992835110710387 5.770409831045152e-17 -5.551115123164777e-17 -5.984795992109411e-17 1 -0.01645176530471599 0.04779864187808134 1.653408313040394e-18 -9.8632319458497e-18 -9.857696966595341e-18 -0.3416636687938641 
4 0.2735733877949303 2.029934627073453e-10 -1.25622515632101e-08 1 0 0 0 1 0 0 0 1 -0.01826214124767275 0 0 0 0 0 
1 -0.121 -1.218180697837851e-18 -0.08 1 0 0 0 1 0 0 0 1 8.673617379884035e-19 -0 -0 0 0 0 
2 -0.08411621723510572 0.006183593432453944 -0.03328676225522106 0.9862360889941482 -0.1653432090094015 -5.132540690892611e-18 0.1653432090094015 0.9862360889941482 -8.604742390991123e-19 5.204170429551822e-18 4.580901409922816e-29 1 -0.00893158235383648 0.05327493582561335 -2.350709926349637e-46 -3.706720886962646e-18 -6.214344954773793e-19 1.444400000000001 
3 0.08791686969665669 0.005787012315328947 -0.00499999999999805 0.9991453104789884 0.04133580225235634 5.793756986901543e-17 -0.04133580225235634 0.9991453104789884 5.750221052675102e-17 -5.551115123176836e-17 -5.98479599210665e-17 1 -0.01878021197458413 0.04985817924300723 2.385244779468109e-18 -1.03254741582547e-17 -1.024788561513373e-17 -0.3564344925615074 
4 0.2733780477978257 2.029934627507195e-10 -1.256225156325348e-08 1 0 0 0 1 0 0 0 1 -0.02084290277264562 0 0 0 0 0 
1 -0.121 -1.218180697837851e-18 -0.08 1 0 0 0 1 0 0 0 1 -0 -0 -0 0 0 0 
2 -0.0842114879389535 0.006727231162970131 -0.03328676225522106 0.9836886440382585 -0.1798795474482084 -5.119283353482684e-18 0.1798795474482084 0.9836886440382585 -9.361238218225615e-19 5.20417042985994e-18 5.693568916693654e-29 1 -0.01013928280882858 0.05544764537840931 -8.673617379884035e-19 -3.857891935184552e-18 -7.054629121254825e-19 1.507200000000001 
3 0.08771657309047465 0.006295784160687161 -0.004999999999998047 0.9989883429127758 0.04496988686205808 5.814634896892959e-17 -0.04496988686205808 0.9989883429127758 5.72910841177438e-17 -5.551115123191937e-17 -5.984795992103584e-17 1 -0.02131393175754297 0.05189154335030314 1.599198204416119e-18 -1.078699770047088e-17 -1.062833356855841e-17 -0.3710292354292062 
4 0.2731557757323739 2.029934628000738e-10 -1.256225156330283e-08 1 0 0 0 1 0 0 0 1 -0.02364985174111008 0 0 0 0 0 
1 -0.121 -1.218180697837851e-18 -0.08 1 0 0 0 1 0 0 0 1 8.673617379884035e-19 -0 -0 0 0 0 
2 -0.08431934340175662 0.007292440627632464 -0.03328676225522106 0.9808046950005572 -0.1949926928499218 -5.104274791519385e-18 0.1949926928499218 0.9808046950005572 -1.014775206305368e-18 5.204170430210022e-18 7.012638335604472e-29 1 -0.01144913178538297 0.05758863085924214 -8.673617379884035e-19 -4.006855711342718e-18 -7.965985369497143e-19 1.57 
3 0.08748988279899052 0.006824744249747096 -0.004999999999998048 0.9988111010638826 0.04874817321248643 5.836263280010742e-17 -0.04874817321248643 0.9988111010638826 5.707073952963721e-17 -5.551115123210691e-17 -5.984795992100337e-17 1 -0.02406011767052417 0.05389521799027744 2.466559942404522e-18 -1.124718182410679e-17 -1.099821844097627e-17 -0.3854240730581326 
4 0.2729042715820447 2.029934628559189e-10 -1.256225156335868e-08 1 0 0 0 1 0 0 0 1 -0.0266905383968418 0 0 0 0 0 
1 -0.121 -1.218180697837851e-18 -0.08 1 0 0 0 1 0 0 0 1 8.673617379884035e-19 -0 -0 0 0 0 
2 -0.08444082279823945 0.007878884509628963 -0.03328676225522106 0.9775564553705749 -0.2106736256946208 -5.087370399269246e-18 0.2106736256946208 0.9775564553705749 -1.096381453432178e-18 5.204170430605725e-18 8.565631205560563e-29 1 -0.01286464262732217 0.05969382453503468 1.734723475976807e-18 -4.153329193963412e-18 -8.950858185820302e-19 1.6328 
3 0.0872346397563414 0.007373576899311528 -0.004999999999998047 0.9986120562885229 0.05266840642366118 5.858620155581269e-17 -0.05266840642366118 0.9986120562885229 5.684121044720371e-17 -5.551115123233779e-17 -5.984795992097084e-17 1 -0.02702558360055473 0.05586539631151432 1.680513367352531e-18 -1.170532264431904e-17 -1.135667939052698e-17 -0.3995931578929164 
4 0.2726211622708453 2.029934629187818e-10 -1.256225156342154e-08 1 0 0 0 1 0 0 0 1 -0.0299720144787169 0 0 0 0 0 
1 -0.121 -1.218180697837851e-18 -0.08 1 0 0 0 1 0 0 0 1 8.673617379884035e-19 -0 -0 0 0 0 
2 -0.08457699966979408 0.008486183225197378 -0.03328676225522106 0.9739152197069337 -0.226912196285689 -5.068420788725657e-18 0.226912196285689 0.9739152197069337 -1.180889742455904e-18 5.204170431050849e-18 1.03823416628016e-28 1 -0.01438917227664467 0.06175883935989714 1.734723475976807e-18 -4.297007144681612e-18 -1.001158323654116e-18 1.6956 
3 0.0869486188489699 0.007941926869998882 -0.004999999999998042 0.9983896676391185 0.05672804907142827 5.88168178366202e-17 -0.05672804907142827 0.9983896676391185 5.660254550321211e-17 -5.551115123261986e-17 -5.984795992094106e-17 1 -0.03021671704852525 0.05779797262872426 1.626303258728256e-18 -1.216062846579657e-17 -1.170281819725288e-17 -0.4135085478298416 
4 0.2723040069525571 2.029934629892044e-10 -1.256225156349196e-08 1 0 0 0 1 0 0 0 1 -0.03350077169550932 0 0 0 0 0 
1 -0.121 -1.218180697837851e-18 -0.08 1 0 0 0 1 0 0 0 1 -0 -0 -0 0 0 0 
2 -0.08472898026679636 0.009113911690342071 -0.03328676225522106 0.9698514079621908 -0.2436970382950028 -5.047272020282896e-18 0.2436970382950028 0.9698514079621908 -1.268240921072188e-18 5.204170431549356e-18 1.249499051529718e-28 1 -0.0160259023162975 0.06377896109886529 3.469446951953614e-18 -4.437561560232723e-18 -1.115037417806668e-18 1.758400000000001 
3 0.08662953342950022 0.008529396340324832 -0.004999999999998047 0.9981423919438496 0.06092425957375672 5.905422591640706e-17 -0.06092425957375672 0.9981423919438496 5.635481008146959e-17 -5.55111512329618e-17 -5.984795992091788e-17 1 -0.03363942857867806 0.05968853505162156 5.258380536554696e-18 -1.261221510079878e-17 -1.20357006748045e-17 -0.4271401379014512 
4 0.2719503029357498 2.029934630677425e-10 -1.25622515635705e-08 1 0 0 0 1 0 0 0 1 -0.03728267610770058 0 0 0 0 0 
1 -0.121 -1.218180697837851e-18 -0.08 1 0 0 0 1 0 0 0 1 -1.734723475976807e-18 -0 -0 0 0 0 
2 -0.08489790169459814 0.00976159601360873 -0.03328676225522106 0.9653346150571773 -0.2610154803309783 -5.023765860729373e-18 0.2610154803309783 0.9653346150571773 -1.358369045204459e-18 5.204170432105353e-18 1.493841783574126e-28 1 -0.01777781865998422 0.06574914143379787 3.469446951953614e-18 -4.574641192780168e-18 -1.23693085256318e-18 1.8212 
3 0.08627504035248251 0.009135541811583936 -0.004999999999998045 0.997868694989087 0.06525387008275062 5.929815103998453e-17 -0.06525387008275062 0.997868694989087 5.609808821330769e-17 -5.551115123337327e-17 -5.98479599209065e-17 1 -0.03729909800292361 0.06153235903297098 5.312590645178971e-18 -1.305910121279533e-17 -1.235435842388952e-17 -0.4404555954532081 
4 0.2715574922850653 2.02993463154964e-10 -1.256225156365772e-08 1 0 0 0 1 0 0 0 1 -0.04132289851133253 0 0 0 0 0 
1 -0.121 -1.218180697837851e-18 -0.08 1 0 0 0 1 0 0 0 1 1.734723475976807e-18 -0 -0 0 0 0 
2 -0.08508492984959619 0.01042871012529229 -0.03328676225522106 0.9603336660684901 -0.2788534558069052 -4.997740070452723e-18 0.2788534558069052 0.9603336660684901 -1.451200909943414e-18 5.204170432723103e-18 1.775000592435441e-28 1 -0.01964768987605069 0.06766399216336082 5.204170427930421e-18 -4.707871146366467e-18 -1.367031257166697e-18 1.884000000000001 
3 0.0858827455643793 0.00975987095324134 -0.004999999999998046 0.9975670638541216 0.06971336395173233 5.954829875926426e-17 -0.06971336395173233 0.9975670638541216 5.583248456661926e-17 -5.551115123386507e-17 -5.984795992091403e-17 1 -0.04120051736108852 0.06332440194055251 3.577867169202164e-18 -1.350020372471854e-17 -1.265779093293238e-17 -0.453420299353833 
4 0.271122969138067 2.029934632514475e-10 -1.25622515637542e-08 1 0 0 0 1 0 0 0 1 -0.04562584097036203 0 0 0 0 0 
1 -0.121 -1.218180697837851e-18 -0.08 1 0 0 0 1 0 0 0 1 -0 -0 -0 0 0 0 
2 -0.08529125713168387 0.01111467235460781 -0.03328676225522106 0.9548166773952831 -0.2971954114178615 -4.969028721762145e-18 0.2971954114178615 0.9548166773952831 -1.546655573245295e-18 5.204170433407026e-18 2.096983338327933e-28 1 -0.0216380441399505 0.06951778061603787 -1.734723475976807e-18 -4.836852557763273e-18 -1.505514534996971e-18 1.946800000000001 
3 0.08545021027938317 0.01040183939962477 -0.004999999999998047 0.9972360204407529 0.07429885285447139 5.980435431493353e-17 -0.07429885285447139 0.9972360204407529 5.555812652571472e-17 -5.551115123444889e-17 -5.984795992094949e-17 1 -0.04534783079370744 0.06505929876435597 -5.095750210681872e-18 -1.393433333674629e-17 -1.294496802854238e-17 -0.4659972838555269 
4 0.2706440877751992 2.029934633577805e-10 -1.256225156386054e-08 1 0 0 0 1 0 0 0 1 -0.05019505970103404 0 0 0 0 0 
1 -0.121 -1.218180697837851e-18 -0.08 1 0 0 0 1 0 0 0 1 1.734723475976807e-18 -0 -0 0 0 0 
2 -0.08551809991937838 0.01181884196757812 -0.03328676225522106 0.9487511242718839 -0.3160242145672326 -4.937462550235528e-18 0.3160242145672326 0.9487511242718839 -1.644643874163742e-18 5.204170434161687e-18 2.464090622817417e-28 1 -0.02375114481804501 0.07130442640201723 -1.759249814506269e-45 -4.96116237047666e-18 -1.652538164759729e-18 2.009600000000001 
3 0.0849749577714953 0.01106084750985272 -0.004999999999998049 0.9968741362318247 0.07900605364181421 6.006598207063555e-17 -0.07900605364181421 0.9968741362318247 5.527516635930613e-17 -5.551115123513753e-17 -5.984795992102459e-17 1 -0.04974447144317168 0.06673135907678331 2.059984127722458e-18 -1.436019020489221e-17 -1.321483267506153e-17 -0.4781471878044085 
4 0.2701181714780614 2.029934634745574e-10 -1.256225156397731e-08 1 0 0 0 1 0 0 0 1 -0.05503318457474119 0 0 0 0 0 
1 -0.121 -1.218180697837851e-18 -0.08 1 0 0 0 1 0 0 0 1 -1.734723475976807e-18 -0 -0 0 0 0 
2 -0.08576669579398788 0.0125405156796844 -0.03328676225522106 0.9421039149908365 -0.3353210601184167 -4.90286934098875e-18 0.3353210601184167 0.9421039149908365 -1.745067947569789e-18 5.204170434991815e-18 2.880913862891313e-28 1 -0.02598896469457798 0.07301749963653954 3.469446951953614e-18 -5.080353211132545e-18 -1.808239407271816e-18 2.072400000000001 
3 0.08445448081172441 0.01173623710414412 -0.004999999999998047 0.9964800483025564 0.08383026502961023 6.033282500659649e-17 -0.08383026502961023 0.9964800483025564 5.49837834728328e-17 -5.551115123594467e-17 -5.984795992115381e-17 1 -0.05439309556207036 0.06833456536994133 2.493664996716659e-18 -1.477635983849107e-17 -1.346630411865225e-17 -0.4898282099959846 
4 0.269542522208193 2.029934636023772e-10 -1.256225156410513e-08 1 0 0 0 1 0 0 0 1 -0.06014183557488177 0 0 0 0 0 
1 -0.121 -1.218180697837851e-18 -0.08 1 0 0 0 1 0 0 0 1 -1.734723475976807e-18 -0 -0 0 0 0 
2 -0.08603830049935061 0.01327892415868447 -0.03328676225522106 0.9348414721964845 -0.3550653768836234 -4.865074351741282e-18 0.3550653768836234 0.9348414721964845 -1.847820737503644e-18 5.204170435902283e-18 3.352321809449032e-28 1 -0.0283531588636231 0.07465022077378657 -2.542988619593669e-45 -5.193953377918994e-18 -1.972733419358891e-18 2.135200000000001 
3 0.0838862497772461 0.01242728819092632 -0.004999999999998047 0.996052476596316 0.08876634422091188 6.060450427951017e-17 -0.08876634422091188 0.996052476596316 5.468418674011057e-17 -5.551115123688485e-17 -5.984795992135528e-17 1 -0.05929551405453364 0.06986257290018356 6.613633252161576e-18 -1.518130928192836e-17 -1.369828136706696e-17 -0.5009960715761854 
4 0.268914431134841 2.029934637418415e-10 -1.25622515642446e-08 1 0 0 0 1 0 0 0 1 -0.06552153661853288 0 0 0 0 0 
1 -0.121 -1.218180697837851e-18 -0.08 1 0 0 0 1 0 0 0 1 -0 -0 -0 0 0 0 
2 -0.08633418462394987 0.01403322853442527 -0.03328676225522106 0.926929821601959 -0.3752347342996918 -4.823900774514443e-18 0.3752347342996918 0.926929821601959 -1.952785511499755e-18 5.204170436898123e-18 3.883529880779975e-28 1 -0.03084503631866676 0.07619546219655818 -3.469446951953614e-18 -5.301466951191374e-18 -2.14611127713823e-18 2.198 
3 0.08326772145685285 0.01313321570048867 -0.004999999999998046 0.9955902424621983 0.09380868357492901 6.088061885526501e-17 -0.09380868357492901 0.9955902424621983 5.437661690790143e-17 -5.551115123797352e-17 -5.984795992165106e-17 1 -0.06445262172736625 0.0713087111758345 -4.77048955893622e-18 -1.55733836536573e-17 -1.390964699139984e-17 -0.5116039865061424 
4 0.2682311900356713 2.029934638935514e-10 -1.256225156439631e-08 1 0 0 0 1 0 0 0 1 -0.07117162723538135 0 0 0 0 0 
1 -0.121 -1.218180697837851e-18 -0.08 1 0 0 0 1 0 0 0 1 -3.469446951953614e-18 -0 -0 0 0 0 
2 -0.08665562999259291 0.01480251693395814 -0.03328676225522106 0.9183346884721346 -0.3958047497804789 -4.779170237745083e-18 0.3958047497804789 0.9183346884721346 -2.059835378432846e-18 5.204170437984519e-18 4.480040458735256e-28 1 -0.03346553028429259 0.07764575171274597 -3.598359165785384e-45 -5.402374036747044e-18 -2.32843791178049e-18 2.260800000000001 
3 0.08259634857398514 0.01385316624231618 -0.004999999999998044 0.9950922884351981 0.09895118744512585 6.116074522077136e-17 -0.09895118744512585 0.9950922884351981 5.406134906546114e-17 -5.551115123922665e-17 -5.984795992206792e-17 1 -0.06986432458277649 0.07266598722941879 2.168404344971008e-18 -1.595080312365276e-17 -1.409927123074653e-17 -0.5216026412390922 
4 0.2674901035890236 2.029934640581057e-10 -1.256225156456086e-08 1 0 0 0 1 0 0 0 1 -0.07709017268429288 0 0 0 0 0 
1 -0.121 -1.218180697837851e-18 -0.08 1 0 0 0 1 0 0 0 1 -0 -0 -0 0 0 0 
2 -0.08700392575535021 0.01558580106180177 -0.03328676225522106 0.9090216022015488 -0.4167489972764532 -4.730703350526823e-18 0.4167489972764532 0.9090216022015488 -2.168832812646466e-18 5.204170439166811e-18 5.147710296275757e-28 1 -0.03621516734720262 0.07899327811486834 3.469446951953614e-18 -5.496131152642065e-18 -2.519749961732666e-18 2.323600000000001 
3 0.08186959004502448 0.01458621490467523 -0.004999999999998044 0.9945576992207721 0.1041872493191194 6.144443718070851e-17 -0.1041872493191194 0.9945576992207721 5.37386951694137e-17 -5.551115124066085e-17 -5.984795992263795e-17 1 -0.07552946554350283 0.07392709082063885 9.107298248878237e-18 -1.631166041892827e-17 -1.426601637479056e-17 -0.5309401849008909 
4 0.2666885025700432 2.029934642360969e-10 -1.256225156473885e-08 1 0 0 0 1 0 0 0 1 -0.08327387318199526 0 0 0 0 0 
1 -0.121 -1.218180697837851e-18 -0.08 1 0 0 0 1 0 0 0 1 -3.469446951953614e-18 -0 -0 0 0 0 
2 -0.08738036416209141 0.01638201284678458 -0.03328676225522106 0.8989560092991582 -0.4380389176145562 -4.678320290601893e-18 0.4380389176145562 0.8989560092991582 -2.279629187346333e-18 5.204170440450494e-18 5.892737035962515e-28 1 -0.03909403545756675 0.08022989896358505 -3.469446951953614e-18 -5.582171770746183e-18 -2.720053546341646e-18 2.386400000000001 
3 0.08108492198631038 0.0153313621165088 -0.004999999999998043 0.9939857238240096 0.1095097294036452 6.173122574444617e-17 -0.1095097294036452 0.9939857238240096 5.340900661242199e-17 -5.551115124229283e-17 -5.984795992339923e-17 1 -0.08144574906399607 0.07508440172069847 2.059984127722458e-18 -1.665391895553761e-17 -1.44087413929096e-17 -0.5395622314217835 
4 0.2658237579557824 2.029934644281087e-10 -1.256225156493087e-08 1 0 0 0 1 0 0 0 1 -0.08971797301831499 0 0 0 0 0 
1 -0.121 -1.218180697837851e-18 -0.08 1 0 0 0 1 0 0 0 1 -0 -0 -0 0 0 0 
2 -0.08778623601173725 0.01719000117852764 -0.03328676225522106 0.8881033950708664 -0.4596437312349647 -4.621841437617675e-18 0.4596437312349647 0.8881033950708664 -2.392064320467559e-18 5.20417044184121e-18 6.72163032100756e-28 1 -0.04210175088644993 0.08134715076005314 -3.469446951953614e-18 -5.659907024506608e-18 -2.929321966844575e-18 2.449200000000002 
3 0.08023984947847633 0.01608753059322305 -0.004999999999998048 0.9933757987393409 0.1149109328087473 6.202061910770034e-17 -0.1149109328087473 0.9933757987393409 5.307267682206598e-17 -5.551115124413947e-17 -5.984795992439657e-17 1 -0.08760966514779982 0.07612999923226031 -1.084202172485505e-18 -1.697541170451981e-17 -1.452630677147882e-17 -0.5474118752359305 
4 0.2648932959360947 2.029934646347128e-10 -1.256225156513747e-08 1 0 0 0 1 0 0 0 1 -0.09641617043775148 0 0 0 0 0 
1 -0.121 -1.218180697837851e-18 -0.08 1 0 0 0 1 0 0 0 1 -0 -0 -0 0 0 0 
2 -0.0882228257662822 0.01800852875829416 -0.03328676225522106 0.8764294142657534 -0.4815303539859023 -4.561088053031848e-18 0.4815303539859023 0.8764294142657534 -2.50596603645648e-18 5.204170443344766e-18 7.641288832471687e-28 1 -0.04523742424083494 0.0823362616750991 -6.819406810211762e-45 -5.728726594608005e-18 -3.147493341789341e-18 2.512000000000001 
3 0.07933191909115289 0.01685356238950582 -0.004999999999998048 0.9927275720895873 0.1203825884964817 6.231210273264251e-17 -0.1203825884964817 0.9927275720895873 5.273014387409822e-17 -5.551115124621729e-17 -5.984795992568235e-17 1 -0.09401641336103747 0.0770556741022405 2.385244779468109e-18 -1.727384090842864e-17 -1.461757951369167e-17 -0.5544297223460461 
4 0.2638946138178058 2.029934648564648e-10 -1.256225156535922e-08 1 0 0 0 1 0 0 0 1 -0.103360529277193 0 0 0 0 0 
1 -0.121 -1.218180697837851e-18 -0.08 1 0 0 0 1 0 0 0 1 -0 -0 -0 0 0 0 
2 -0.08869140632074127 0.01883626909062313 -0.03328676225522106 0.8639000309225602 -0.5036633166828803 -4.495883007897241e-18 0.5036633166828803 0.8639000309225602 -2.621149747643208e-18 5.204170444967112e-18 8.658996437404567e-28 1 -0.04849962565453647 0.08318816700535539 1.387778780781446e-17 -5.787999784366912e-18 -3.374468185115868e-18 2.574800000000002 
3 0.07835873216482614 0.01762821608390001 -0.00499999999999805 0.9920409285731353 0.1259158291707262 6.260513952919199e-17 -0.1259158291707262 0.9920409285731353 5.238189310182167e-17 -5.55111512485421e-17 -5.98479599273171e-17 1 -0.1006598275044802 0.07785294298667467 9.86623976961809e-18 -1.754677877428773e-17 -1.468143824849194e-17 -0.5605539387419108 
4 0.2628252967991758 2.029934650939008e-10 -1.256225156559666e-08 1 0 0 0 1 0 0 0 1 -0.110541393463304 0 0 0 0 0 
1 -0.121 -1.218180697837851e-18 -0.08 1 0 0 0 1 0 0 0 1 3.469446951953614e-18 -0 -0 0 0 0 
2 -0.08919323342144435 0.01967180364387254 -0.03328676225522106 0.8504816676190073 -0.5260046891844143 -4.426051559580632e-18 0.5260046891844143 0.8504816676190073 -2.737418059118677e-18 5.204170446714367e-18 9.782360559086532e-28 1 -0.05188634929107824 0.08389352752759838 -6.938893903907228e-18 -5.837076796774942e-18 -3.610106936365714e-18 2.637600000000002 
3 0.07731795883964203 0.01841016412145365 -0.004999999999998042 0.9913160150450253 0.1315011722961097 6.289917013907362e-17 -0.1315011722961097 0.9913160150450253 5.202845968072785e-17 -5.551115125112893e-17 -5.984795992937055e-17 1 -0.1075323016813713 0.07851306562791163 -4.553649124439119e-18 -1.779166927787067e-17 -1.471677838721596e-17 -0.5657203183613482 
4 0.2616830355800563 2.029934653475338e-10 -1.256225156585029e-08 1 0 0 0 1 0 0 0 1 -0.1179473055892448 0 0 0 0 0 
1 -0.121 -1.218180697837851e-18 -0.08 1 0 0 0 1 0 0 0 1 -3.469446951953614e-18 -0 -0 0 0 0 
2 -0.0897295397265564 0.02051361920951022 -0.03328676225522106 0.8361413642876465 -0.5485140097820594 -4.351422178267396e-18 0.5485140097820594 0.8361413642876465 -2.854560401268311e-18 5.204170448592788e-18 1.101944699212467e-27 1 -0.05539497731336143 0.08444275092240715 -6.938893903907228e-18 -5.875290225096643e-18 -3.854227453792476e-18 2.700400000000002 
