U1: (-0.0680669000, 0.0029674500)
U2: (-0.0109484000, 0.0110702000)
U3: (-0.0643181000, 0.0000000000)
Uabs: (0.0000000000, 0.0937383460)
Sabs: (385.3799018170, 2203.5090958167)
MaxPrin: (-924.0494419697, 1169.5484598644)
MidPrin: (-1260.1000473504, 346.8740040676)
MinPrin: (-3276.2805106799, 3.2401143113)
MaxShear: (218.1005303160, 1176.1155343551)
Peeq: (0.0000000000, 0.0000000000)
Temp: (0.0000000000, 0.0000000000)
MFlow: (0.0000000000, 0.0000000000)
NPress: (0.0000000000, 0.0000000000)
