freeCAD: 3D CAD with Motion Simulation  by  askoh.com
Assembly
	Notes
		(Text string: '' runs: (Core.RunArray runs: #() values: #()))
	Name
		backhoe
	Position3D
		0.0 	0.0 	0.0 
	RotationMatrix
		1.0 	0.0 	0.0 
		0.0 	1.0 	0.0 
		0.0 	0.0 	1.0 
	Velocity3D
		0.0 	0.0 	0.0 
	Omega3D
		0.0 	0.0 	0.0 
	RefPoints
		RefPoint
			Position3D
				0.0 	0.0 	0.0 
			RotationMatrix
				1.0 	0.0 	0.0 
				0.0 	1.0 	0.0 
				0.0 	0.0 	1.0 
			Markers
				Marker
					Name
						Marker1
					Position3D
						0.0 	0.0 	0.0 
					RotationMatrix
						1.0 	0.0 	0.0 
						0.0 	0.0 	1.0 
						0.0 	-1.0 	0.0 
	RefCurves
	RefSurfaces
	Parts
		Part
			Name
				arm
			Position3D
				0.22024995739281 	0.45082147117861 	-0.4 
			RotationMatrix
				0.99671411528554 	-0.08099982957125 	3.6570748323292e-16
				0.08099982957125 	0.99671411528554 	2.9952551442286e-16
				-3.816391647149e-16	-2.8460307027745e-16	1.0 
			Velocity3D
				-7.816706095454e-17	3.4698302581614e-18	-6.6550618428535e-17
			Omega3D
				2.7933687913392e-30	3.0215950648218e-16	1.7135000290871e-16
			FeatureOrder
				Extrusion
					zStart
						0.0 
					zEnd
						0.8 
					Sketch
						Name
							Sketch1
						Position3D
							0.0 	0.0 	0.0 
						RotationMatrix
							1.0 	0.0 	0.0 
							0.0 	1.0 	0.0 
							0.0 	0.0 	1.0 
						Graphics
							Rectangle
								Position2D
									0.0 	0.0 
								Angle
									0.0 
								xLength
									3.5 
								yLength
									0.5 
			PrincipalMassMarker
				Name
					MassMarker
				Position3D
					1.75 	0.25 	0.4 
				RotationMatrix
					1.0 	-3.0814879110196e-33	0.0 
					-3.421138828918e-49	-1.1102230246252e-16	-1.0 
					3.0814879110196e-33	1.0 	-1.1102230246252e-16
				Mass
					140.0 
				MomentOfInertias
					10.383333333333 	145.83333333333 	150.38333333333 
				Density
					100.0 
			RefPoints
				RefPoint
					Position3D
						0.0 	0.0 	0.8 
					RotationMatrix
						1.0 	0.0 	0.0 
						0.0 	1.0 	0.0 
						0.0 	0.0 	1.0 
					Markers
						Marker
							Name
								Marker1
							Position3D
								-6.9388939039072e-18	0.25 	-0.4 
							RotationMatrix
								1.0 	-1.3877787807814e-17	7.128161509394e-18
								-1.3877787807814e-17	1.0 	-1.5684005978812e-17
								7.128161509394e-18	-1.5684005978812e-17	1.0 
				RefPoint
					Position3D
						0.0 	0.0 	0.8 
					RotationMatrix
						1.0 	0.0 	0.0 
						0.0 	1.0 	0.0 
						0.0 	0.0 	1.0 
					Markers
						Marker
							Name
								Marker2
							Position3D
								3.5 	0.25 	-0.4 
							RotationMatrix
								1.0 	-1.3877787807814e-17	7.128161509394e-18
								-1.3877787807814e-17	1.0 	-1.5684005978812e-17
								7.128161509394e-18	-1.5684005978812e-17	1.0 
				RefPoint
					Position3D
						0.0 	-3.4694469519536e-17	0.8 
					RotationMatrix
						1.0 	8.673617379884e-19	1.3877787807814e-17
						8.673617379884e-19	1.0 	0.0 
						1.3877787807814e-17	0.0 	1.0 
					Markers
						Marker
							Name
								Marker3
							Position3D
								1.75 	1.25 	-0.4 
							RotationMatrix
								1.0 	-2.3592239273285e-16	-2.0103865560782e-16
								2.0816681711722e-16	1.0 	4.2840520387125e-16
								2.4305055424224e-16	-4.5977321582888e-16	1.0 
				RefPoint
					Position3D
						2.0816681711722e-17	1.3877787807814e-17	0.8 
					RotationMatrix
						1.0 	4.336808689942e-19	2.0816681711722e-17
						4.336808689942e-19	1.0 	0.0 
						2.0816681711722e-17	0.0 	1.0 
					Markers
						Marker
							Name
								Marker4
							Position3D
								1.75 	0.25 	-0.4 
							RotationMatrix
								1.0 	-9.7144514654701e-17	2.7944843221116e-17
								6.9388939039072e-17	1.0 	-1.5684005978812e-17
								2.7944843221116e-17	-1.5684005978812e-17	1.0 
			RefCurves
			RefSurfaces
		Part
			Name
				base
			Position3D
				-0.2 	-5.5511151231258e-17	-0.5 
			RotationMatrix
				1.0 	6.1629758220392e-33	5.5511151231258e-17
				-9.2444637330587e-33	1.0 	5.5511151231258e-17
				-5.5511151231258e-17	-5.5511151231258e-17	1.0 
			Velocity3D
				-1.5107975324109e-16	2.7369110631344e-48	6.0431901296437e-17
			Omega3D
				-8.3866110301473e-33	3.0215950648218e-16	-8.3866110301474e-33
			FeatureOrder
				Extrusion
					zStart
						0.0 
					zEnd
						1.0 
					Sketch
						Name
							Sketch1
						Position3D
							0.0 	0.0 	0.0 
						RotationMatrix
							1.0 	0.0 	0.0 
							0.0 	1.0 	0.0 
							0.0 	0.0 	1.0 
						Graphics
							Rectangle
								Position2D
									0.0 	0.0 
								Angle
									0.0 
								xLength
									1.0 
								yLength
									1.0 
			PrincipalMassMarker
				Name
					MassMarker
				Position3D
					0.5 	0.5 	0.5 
				RotationMatrix
					1.0 	-5.5511151231258e-17	-5.5511151231258e-17
					5.5511151231258e-17	1.0 	0.0 
					5.5511151231258e-17	-3.0814879110196e-33	1.0 
				Mass
					100.0 
				MomentOfInertias
					16.666666666667 	16.666666666667 	16.666666666667 
				Density
					100.0 
			RefPoints
				RefPoint
					Position3D
						0.0 	0.0 	1.0 
					RotationMatrix
						1.0 	0.0 	0.0 
						0.0 	1.0 	0.0 
						0.0 	0.0 	1.0 
					Markers
						Marker
							Name
								Marker1
							Position3D
								0.2 	-2.7755575615629e-17	-0.5 
							RotationMatrix
								1.0 	5.5511151231258e-17	0.0 
								-3.0814879110196e-33	5.5511151231258e-17	1.0 
								5.5511151231258e-17	-1.0 	5.5511151231258e-17
				RefPoint
					Position3D
						-3.0814879110196e-32	0.0 	1.0 
					RotationMatrix
						1.0 	0.0 	0.0 
						0.0 	1.0 	0.0 
						0.0 	0.0 	1.0 
					Markers
						Marker
							Name
								Marker2
							Position3D
								0.4 	0.7 	-0.5 
							RotationMatrix
								1.0 	2.0526832973508e-48	-1.1102230246252e-16
								-1.2325951644078e-32	1.0 	-1.1102230246252e-16
								1.1102230246252e-16	1.1102230246252e-16	1.0 
				RefPoint
					Position3D
						-3.0814879110196e-32	0.0 	1.0 
					RotationMatrix
						1.0 	0.0 	0.0 
						0.0 	1.0 	0.0 
						0.0 	0.0 	1.0 
					Markers
						Marker
							Name
								Marker3
							Position3D
								0.9 	0.2 	-0.5 
							RotationMatrix
								1.0 	2.0526832973508e-48	-1.1102230246252e-16
								1.0263416486754e-48	1.0 	-1.2325951644078e-32
								1.1102230246252e-16	-1.2325951644078e-32	1.0 
			RefCurves
			RefSurfaces
		Part
			Name
				bucket
			Position3D
				7.1767255092827 	0.69665687713391 	-3.7918355777536e-15
			RotationMatrix
				0.66354562416068 	-0.74813581965925 	1.2546094356006e-16
				0.74813581965925 	0.66354562416068 	5.3402553015872e-16
				-4.8119251049032e-16	-2.3955974515647e-16	1.0 
			Velocity3D
				-6.6019128150398e-17	3.8565225073869e-16	-2.1685158380429e-15
			Omega3D
				-5.5466782398352e-32	3.0215950648218e-16	-4.455265883769e-16
			FeatureOrder
				Extrusion
					zStart
						-0.8 
					zEnd
						0.8 
					Sketch
						Name
							Sketch1
						Position3D
							0.0 	0.0 	0.0 
						RotationMatrix
							1.0 	0.0 	0.0 
							0.0 	1.0 	0.0 
							0.0 	0.0 	1.0 
						Graphics
							Polyline
								Position2D
									5.5548765594114e-19	4.1583210939635e-19
								Angle
									0.0 
								Vertices
								Number	1	2	3	4	5	6	7	8	9
								x	0.0 	-0.11449202884817 	-0.31803341346713 	-0.26714806731239 	0.66150950001163 	0.80144420193717 	0.73783751924374 	0.29259074038976 	0.0 
								y	0.0 	-1.1449202884817 	-1.3102976634846 	-1.373904346178 	-0.82688687501454 	-0.33075475000581 	0.038164009616056 	0.13993470192554 	0.0 
			PrincipalMassMarker
				Name
					MassMarker
				Position3D
					0.30412896083836 	-0.50956461801998 	1.7347234759768e-16
				RotationMatrix
					1.9961586257978e-17	0.39610045484141 	-0.91820718232566 
					-3.2557778051675e-17	0.91820718232566 	0.39610045484141 
					1.0 	2.1987992251471e-17	3.1225022567583e-17
				Mass
					145.05361975318 
				MomentOfInertias
					26.759174000788 	37.264688437001 	51.384029991812 
				Density
					100.0 
			RefPoints
				RefPoint
					Position3D
						0.0 	0.0 	0.0 
					RotationMatrix
						1.0 	0.0 	0.0 
						0.0 	1.0 	0.0 
						0.0 	0.0 	1.0 
					Markers
						Marker
							Name
								Marker1
							Position3D
								0.0 	0.0 	0.0 
							RotationMatrix
								1.0 	-1.1102230246252e-16	1.580177336282e-18
								-1.1102230246252e-16	1.0 	2.0928732724904e-17
								1.580177336282e-18	2.0928732724904e-17	1.0 
				RefPoint
					Position3D
						0.0 	0.0 	0.0 
					RotationMatrix
						1.0 	0.0 	0.0 
						0.0 	1.0 	0.0 
						0.0 	0.0 	1.0 
					Markers
						Marker
							Name
								Marker2
							Position3D
								1.942890293094e-16	0.5 	3.8219941978081e-17
							RotationMatrix
								1.0 	-2.7755575615629e-16	1.1021723501933e-16
								5.5511151231258e-17	1.0 	1.3195103518742e-16
								-1.0705688034677e-16	-9.0093569737612e-17	1.0 
			RefCurves
			RefSurfaces
		Part
			Name
				forearm
			Position3D
				3.6721084019928 	0.78417219745461 	-1.0779874879617e-15
			RotationMatrix
				0.99663603022381 	0.08195500753299 	5.8532853417185e-16
				-0.08195500753299 	0.99663603022381 	6.3296804728968e-16
				-5.3429483060086e-16	-6.5366548979151e-16	1.0 
			Velocity3D
				-6.0697745454121e-17	5.9875104033873e-16	-1.1095624624952e-15
			Omega3D
				2.6184943523889e-30	3.0215950648218e-16	-6.0805155906127e-17
			FeatureOrder
				Extrusion
					zStart
						-0.2 
					zEnd
						0.2 
					Sketch
						Name
							Sketch1
						Position3D
							0.0 	0.0 	0.0 
						RotationMatrix
							1.0 	0.0 	0.0 
							0.0 	1.0 	0.0 
							0.0 	0.0 	1.0 
						Graphics
							Rectangle
								Position2D
									0.0 	0.0 
								Angle
									0.0 
								xLength
									3.5 
								yLength
									0.4 
			PrincipalMassMarker
				Name
					MassMarker
				Position3D
					1.75 	0.2 	-1.1102230246252e-16
				RotationMatrix
					1.0 	5.5511151231258e-17	2.2204460492503e-16
					2.2204460492503e-16	-2.7755575615629e-17	-1.0 
					-5.5511151231258e-17	1.0 	-2.7755575615629e-17
				Mass
					56.0 
				MomentOfInertias
					1.4933333333333 	57.913333333333 	57.913333333333 
				Density
					100.0 
			RefPoints
				RefPoint
					Position3D
						0.0 	0.0 	0.0 
					RotationMatrix
						1.0 	0.0 	-1.3877787807814e-17
						0.0 	1.0 	5.5511151231258e-17
						-1.3877787807814e-17	5.5511151231258e-17	1.0 
					Markers
						Marker
							Name
								Marker1
							Position3D
								-7.9797279894933e-17	0.2 	-1.1624570060354e-17
							RotationMatrix
								1.0 	-1.1102230246252e-16	-2.248548299359e-16
								5.5511151231258e-17	1.0 	2.5143876545117e-17
								1.9147880429853e-16	1.3616617900763e-16	1.0 
				RefPoint
					Position3D
						0.0 	0.0 	0.0 
					RotationMatrix
						1.0 	0.0 	-1.1102230246252e-16
						0.0 	1.0 	-5.5511151231258e-17
						-1.1102230246252e-16	-5.5511151231258e-17	1.0 
					Markers
						Marker
							Name
								Marker2
							Position3D
								3.5 	0.2 	-1.0706211158692e-15
							RotationMatrix
								1.0 	4.1633363423443e-16	-1.1383252747339e-16
								-4.7184478546569e-16	1.0 	-4.744564845362e-16
								-1.1383252747339e-16	4.1372193516392e-16	1.0 
				RefPoint
					Position3D
						0.0 	0.0 	0.0 
					RotationMatrix
						1.0 	0.0 	-1.1102230246252e-16
						0.0 	1.0 	-5.5511151231258e-17
						-1.1102230246252e-16	-5.5511151231258e-17	1.0 
					Markers
						Marker
							Name
								Marker3
							Position3D
								1.942890293094e-16	0.7 	-7.6768243511557e-17
							RotationMatrix
								1.0 	8.3266726846887e-17	-6.6894403978596e-16
								-1.3877787807814e-16	1.0 	-3.6343418207369e-16
								4.4127898483919e-16	3.0269963270141e-16	1.0 
				RefPoint
					Position3D
						0.0 	0.0 	0.0 
					RotationMatrix
						1.0 	0.0 	-1.1102230246252e-16
						0.0 	1.0 	-5.5511151231258e-17
						-1.1102230246252e-16	-5.5511151231258e-17	1.0 
					Markers
						Marker
							Name
								Marker4
							Position3D
								2.0 	0.5 	-2.6662846708631e-15
							RotationMatrix
								1.0 	1.942890293094e-16	-1.4461001570236e-15
								-2.4980018054066e-16	1.0 	-2.5241187961117e-16
								1.2184351020768e-15	1.9167733023889e-16	1.0 
			RefCurves
			RefSurfaces
		Part
			Name
				jack1
			Position3D
				0.7 	0.2 	-1.1652782806586e-16
			RotationMatrix
				8.3266726846887e-17	-0.45839264410692 	0.88874978696406 
				-1.3530843112619e-16	0.88874978696406 	0.45839264410692 
				-1.0 	-1.422473250301e-16	0.0 
			Velocity3D
				0.0 	-2.4651903288157e-32	-2.1151165453753e-16
			Omega3D
				1.0785207688569e-32	3.0215950648218e-16	1.9768632350884e-16
			FeatureOrder
				Extrusion
					zStart
						0.0 
					zEnd
						1.0 
					Sketch
						Name
							Sketch1
						Position3D
							0.0 	0.0 	0.0 
						RotationMatrix
							1.0 	0.0 	0.0 
							0.0 	1.0 	0.0 
							0.0 	0.0 	1.0 
						Graphics
							Circle
								Position2D
									0.0 	0.0 
								Angle
									0.0 
								Radius
									0.05 
			PrincipalMassMarker
				Name
					MassMarker
				Position3D
					-2.1027335699339e-18	7.2281466466476e-19	0.5 
				RotationMatrix
					0.0 	1.0 	0.0 
					0.0 	0.0 	1.0 
					1.0 	0.0 	0.0 
				Mass
					0.0 
				MomentOfInertias
					0.0 	0.0 	0.0 
				Density
					0.0 
			RefPoints
				RefPoint
					Position3D
						-1.3877787807814e-17	0.0 	1.0 
					RotationMatrix
						1.0 	3.4694469519536e-18	0.0 
						3.4694469519536e-18	1.0 	0.0 
						0.0 	0.0 	1.0 
					Markers
						Marker
							Name
								Marker1
							Position3D
								-3.5900988533834e-18	5.5511151231258e-17	-1.0 
							RotationMatrix
								-2.3046024803592e-17	-2.2770571560596e-17	-1.0 
								-5.5511151231258e-17	1.0 	2.6442733219338e-18
								1.0 	-5.5511151231258e-17	-4.7003817268536e-17
				RefPoint
					Position3D
						5.5511151231258e-17	-2.7755575615629e-17	1.0 
					RotationMatrix
						1.0 	5.5511151231258e-17	1.6653345369377e-16
						5.5511151231258e-17	1.0 	-2.7755575615629e-17
						1.6653345369377e-16	-2.7755575615629e-17	1.0 
					Markers
						Marker
							Name
								Marker2
							Position3D
								-5.313879385598e-16	5.5511151231258e-17	-0.8 
							RotationMatrix
								1.0 	-2.5209926212606e-16	1.0666907696264e-15
								3.3076782580214e-16	1.0 	-2.7755575615629e-16
								-7.0966606977388e-16	1.6653345369377e-16	1.0 
			RefCurves
			RefSurfaces
		Part
			Name
				jack2
			Position3D
				1.8632498721784 	1.8384638170352 	-9.6482612253065e-16
			RotationMatrix
				1.3877787807814e-16	0.18770863074944 	0.98222475530918 
				-7.9884016068732e-16	0.98222475530918 	-0.18770863074944 
				-1.0 	-7.2251232774434e-16	2.7755575615629e-16
			Velocity3D
				-1.9507577836045e-16	2.849978704357e-16	-5.6299866183042e-16
			Omega3D
				2.9366579792017e-30	3.0215950648218e-16	1.7786127986993e-16
			FeatureOrder
				Extrusion
					zStart
						0.0 
					zEnd
						1.0 
					Sketch
						Name
							Sketch1
						Position3D
							0.0 	0.0 	0.0 
						RotationMatrix
							1.0 	0.0 	0.0 
							0.0 	1.0 	0.0 
							0.0 	0.0 	1.0 
						Graphics
							Circle
								Position2D
									0.0 	0.0 
								Angle
									0.0 
								Radius
									0.05 
			PrincipalMassMarker
				Name
					MassMarker
				Position3D
					-2.1027335699339e-18	7.2281466466476e-19	0.5 
				RotationMatrix
					0.0 	1.0 	0.0 
					0.0 	0.0 	1.0 
					1.0 	0.0 	0.0 
				Mass
					0.0 
				MomentOfInertias
					0.0 	0.0 	0.0 
				Density
					0.0 
			RefPoints
				RefPoint
					Position3D
						-1.3877787807814e-17	0.0 	1.0 
					RotationMatrix
						1.0 	3.4694469519536e-18	0.0 
						3.4694469519536e-18	1.0 	0.0 
						0.0 	0.0 	1.0 
					Markers
						Marker
							Name
								Marker1
							Position3D
								-3.1570655253763e-19	-2.7755575615629e-17	-1.0 
							RotationMatrix
								-2.6320417104438e-17	-4.267215031292e-17	-1.0 
								-2.2692787476387e-31	1.0 	2.2545852074258e-17
								1.0 	-5.5511151231258e-17	-4.372942496769e-17
				RefPoint
					Position3D
						5.5511151231258e-17	-2.7755575615629e-17	1.0 
					RotationMatrix
						1.0 	5.5511151231258e-17	1.6653345369377e-16
						5.5511151231258e-17	1.0 	-2.7755575615629e-17
						1.6653345369377e-16	-2.7755575615629e-17	1.0 
					Markers
						Marker
							Name
								Marker2
							Position3D
								-5.2876842471912e-16	-8.3266726846887e-17	-0.8 
							RotationMatrix
								1.0 	-2.7200084087839e-16	1.0634163773255e-15
								3.1086624704982e-16	1.0 	-2.4980018054066e-16
								-7.1294046207472e-16	1.3877787807814e-16	1.0 
			RefCurves
			RefSurfaces
		Part
			Name
				jack3
			Position3D
				5.7063579662069 	1.1185801975005 	-4.9309056105033e-15
			RotationMatrix
				1.4085954624932e-15	0.081955007532989 	0.99663603022381 
				-6.654832934716e-16	0.99663603022381 	-0.081955007532989 
				-1.0 	-6.0661111550564e-16	1.4641066137244e-15
			Velocity3D
				-4.0364014875073e-17	4.7505817843472e-16	-1.7242303068797e-15
			Omega3D
				2.1123599630039e-30	3.0215950648218e-16	7.9093546810518e-17
			FeatureOrder
				Extrusion
					zStart
						0.0 
					zEnd
						1.0 
					Sketch
						Name
							Sketch1
						Position3D
							0.0 	0.0 	0.0 
						RotationMatrix
							1.0 	0.0 	0.0 
							0.0 	1.0 	0.0 
							0.0 	0.0 	1.0 
						Graphics
							Circle
								Position2D
									0.0 	0.0 
								Angle
									0.0 
								Radius
									0.05 
			PrincipalMassMarker
				Name
					MassMarker
				Position3D
					-2.1027335699339e-18	7.2281466466476e-19	0.5 
				RotationMatrix
					0.0 	1.0 	0.0 
					0.0 	0.0 	1.0 
					1.0 	0.0 	0.0 
				Mass
					0.0 
				MomentOfInertias
					0.0 	0.0 	0.0 
				Density
					0.0 
			RefPoints
				RefPoint
					Position3D
						-1.3877787807814e-17	0.0 	1.0 
					RotationMatrix
						1.0 	3.4694469519536e-18	0.0 
						3.4694469519536e-18	1.0 	0.0 
						0.0 	0.0 	1.0 
					Markers
						Marker
							Name
								Marker1
							Position3D
								1.4098732843514e-17	1.1102230246252e-16	-1.0 
							RotationMatrix
								-4.0734856500489e-17	5.2214237292021e-17	-1.0 
								-2.775557561563e-17	1.0 	-7.2340535530683e-17
								1.0 	2.7755575615628e-17	-2.9314985571639e-17
				RefPoint
					Position3D
						5.5511151231258e-17	-2.7755575615629e-17	1.0 
					RotationMatrix
						1.0 	5.5511151231258e-17	1.6653345369377e-16
						5.5511151231258e-17	1.0 	-2.7755575615629e-17
						1.6653345369377e-16	-2.7755575615629e-17	1.0 
					Markers
						Marker
							Name
								Marker2
							Position3D
								-5.1723687320228e-16	9.7144514654702e-17	-0.8 
							RotationMatrix
								1.0 	-1.7711445327345e-16	1.0490019379295e-15
								4.0575263465476e-16	1.0 	-2.0816681711722e-16
								-7.2735490147078e-16	1.5265566588596e-16	1.0 
			RefCurves
			RefSurfaces
		Part
			Name
				rod1
			Position3D
				1.0554999147856 	0.38335705764277 	3.1996212358144e-17
			RotationMatrix
				-9.1593399531575e-16	-0.45839264410692 	0.88874978696406 
				-2.1857515797308e-16	0.88874978696406 	0.45839264410692 
				-1.0 	2.2551405187698e-16	-9.1593399531575e-16
			Velocity3D
				6.6329144729876e-17	1.2318351356414e-16	-3.1892933334361e-16
			Omega3D
				3.2355623065706e-32	3.0215950648218e-16	1.9768632350884e-16
			FeatureOrder
				Extrusion
					zStart
						0.0 
					zEnd
						1.0 
					Sketch
						Name
							Sketch1
						Position3D
							0.0 	0.0 	0.0 
						RotationMatrix
							1.0 	0.0 	0.0 
							0.0 	1.0 	0.0 
							0.0 	0.0 	1.0 
						Graphics
							Circle
								Position2D
									0.0 	0.0 
								Angle
									0.0 
								Radius
									0.03 
			PrincipalMassMarker
				Name
					MassMarker
				Position3D
					1.5370859429341e-19	-1.3473518968532e-18	0.5 
				RotationMatrix
					0.0 	1.0 	0.0 
					0.0 	0.0 	1.0 
					1.0 	0.0 	0.0 
				Mass
					0.0 
				MomentOfInertias
					0.0 	0.0 	0.0 
				Density
					0.0 
			RefPoints
				RefPoint
					Position3D
						0.0 	-1.3877787807814e-17	1.0 
					RotationMatrix
						1.0 	-1.7347234759768e-18	0.0 
						-1.7347234759768e-18	1.0 	0.0 
						0.0 	0.0 	1.0 
					Markers
						Marker
							Name
								Marker1
							Position3D
								-1.9112360940789e-18	2.0819183483316e-31	-1.0 
							RotationMatrix
								1.0 	-1.4433659092568e-18	-2.584433952155e-17
								-1.8566230846792e-18	1.0 	5.5511151231258e-17
								2.9253554534285e-17	5.5511151231258e-17	1.0 
				RefPoint
					Position3D
						0.0 	-1.3877787807814e-17	1.0 
					RotationMatrix
						1.0 	-1.7347234759768e-18	0.0 
						-1.7347234759768e-18	1.0 	0.0 
						0.0 	0.0 	1.0 
					Markers
						Marker
							Name
								Marker2
							Position3D
								0.0 	0.0 	0.0 
							RotationMatrix
								3.3477151489391e-16	-1.649994496968e-18	-1.0 
								5.5511151231258e-17	1.0 	1.649994496968e-18
								1.0 	5.5511151231258e-17	3.3136229988118e-16
			RefCurves
			RefSurfaces
		Part
			Name
				rod2
			Position3D
				2.7472521519567 	1.6695260493607 	-9.9682184078334e-16
			RotationMatrix
				-7.3552275381417e-16	0.18770863074944 	0.98222475530917 
				-3.5648567431323e-16	0.98222475530917 	-0.18770863074944 
				-1.0 	-5.3256010712488e-16	-6.3837823915946e-16
			Velocity3D
				-5.1663416322255e-17	4.2056298733228e-16	-8.3010835441735e-16
			Omega3D
				2.919709795691e-30	3.0215950648218e-16	1.7786127986993e-16
			FeatureOrder
				Extrusion
					zStart
						0.0 
					zEnd
						1.0 
					Sketch
						Name
							Sketch1
						Position3D
							0.0 	0.0 	0.0 
						RotationMatrix
							1.0 	0.0 	0.0 
							0.0 	1.0 	0.0 
							0.0 	0.0 	1.0 
						Graphics
							Circle
								Position2D
									0.0 	0.0 
								Angle
									0.0 
								Radius
									0.03 
			PrincipalMassMarker
				Name
					MassMarker
				Position3D
					1.5370859429341e-19	-1.3473518968532e-18	0.5 
				RotationMatrix
					0.0 	1.0 	0.0 
					0.0 	0.0 	1.0 
					1.0 	0.0 	0.0 
				Mass
					0.0 
				MomentOfInertias
					0.0 	0.0 	0.0 
				Density
					0.0 
			RefPoints
				RefPoint
					Position3D
						0.0 	-1.3877787807814e-17	1.0 
					RotationMatrix
						1.0 	-1.7347234759768e-18	0.0 
						-1.7347234759768e-18	1.0 	0.0 
						0.0 	0.0 	1.0 
					Markers
						Marker
							Name
								Marker1
							Position3D
								1.6948351335144e-17	2.7755575615629e-17	-1.0 
							RotationMatrix
								1.0 	4.2818989009554e-17	-4.4703926950773e-17
								4.2405731834131e-17	1.0 	2.7755575615629e-17
								1.0393967105062e-17	-2.7755575615629e-17	1.0 
				RefPoint
					Position3D
						0.0 	-1.3877787807814e-17	1.0 
					RotationMatrix
						1.0 	-1.7347234759768e-18	0.0 
						-1.7347234759768e-18	1.0 	0.0 
						0.0 	0.0 	1.0 
					Markers
						Marker
							Name
								Marker2
							Position3D
								0.0 	0.0 	0.0 
							RotationMatrix
								3.1591192746469e-16	4.2612360421843e-17	-1.0 
								-2.7755575615628e-17	1.0 	-4.2612360421843e-17
								1.0 	3.3997478343296e-31	3.502218873104e-16
			RefCurves
			RefSurfaces
		Part
			Name
				rod3
			Position3D
				5.8060215692293 	1.1103846967472 	-4.359663230616e-15
			RotationMatrix
				5.2041704279304e-16	0.081955007532989 	0.99663603022381 
				-3.0953972024461e-16	0.99663603022381 	-0.081955007532989 
				-1.0 	-2.3212768512915e-16	5.4817261840867e-16
			Velocity3D
				7.5312368707301e-17	4.7348197191681e-16	-1.7543446119832e-15
			Omega3D
				2.1131303349817e-30	3.0215950648218e-16	7.9093546810518e-17
			FeatureOrder
				Extrusion
					zStart
						0.0 
					zEnd
						1.0 
					Sketch
						Name
							Sketch1
						Position3D
							0.0 	0.0 	0.0 
						RotationMatrix
							1.0 	0.0 	0.0 
							0.0 	1.0 	0.0 
							0.0 	0.0 	1.0 
						Graphics
							Circle
								Position2D
									0.0 	0.0 
								Angle
									0.0 
								Radius
									0.03 
			PrincipalMassMarker
				Name
					MassMarker
				Position3D
					1.5370859429341e-19	-1.3473518968532e-18	0.5 
				RotationMatrix
					0.0 	1.0 	0.0 
					0.0 	0.0 	1.0 
					1.0 	0.0 	0.0 
				Mass
					0.0 
				MomentOfInertias
					0.0 	0.0 	0.0 
				Density
					0.0 
			RefPoints
				RefPoint
					Position3D
						0.0 	-1.3877787807814e-17	1.0 
					RotationMatrix
						1.0 	-1.7347234759768e-18	0.0 
						-1.7347234759768e-18	1.0 	0.0 
						0.0 	0.0 	1.0 
					Markers
						Marker
							Name
								Marker1
							Position3D
								3.9312841264828e-18	-8.3266726846887e-17	-1.0 
							RotationMatrix
								1.0 	-3.5248065077897e-17	-3.1686859742112e-17
								-3.5661322253319e-17	1.0 	2.7755575615629e-17
								2.3411034313723e-17	-2.7755575615629e-17	1.0 
				RefPoint
					Position3D
						0.0 	-1.3877787807814e-17	1.0 
					RotationMatrix
						1.0 	-1.7347234759768e-18	0.0 
						-1.7347234759768e-18	1.0 	0.0 
						0.0 	0.0 	1.0 
					Markers
						Marker
							Name
								Marker2
							Position3D
								0.0 	0.0 	0.0 
							RotationMatrix
								3.2892899467335e-16	-3.5454693665608e-17	-1.0 
								-4.9558841830668e-32	1.0 	3.5454693665608e-17
								1.0 	-1.2724604096239e-31	3.3720482010174e-16
			RefCurves
			RefSurfaces
	KinematicIJs
	ConstraintSets
		Joints
			RevoluteJoint
				Name
					rev1
				MarkerI
					/backhoe/Marker1
				MarkerJ
					/backhoe/base/Marker1
			RevoluteJoint
				Name
					rev10
				MarkerI
					/backhoe/forearm/Marker2
				MarkerJ
					/backhoe/bucket/Marker1
			RevoluteJoint
				Name
					rev2
				MarkerI
					/backhoe/base/Marker2
				MarkerJ
					/backhoe/arm/Marker1
			RevoluteJoint
				Name
					rev3
				MarkerI
					/backhoe/base/Marker3
				MarkerJ
					/backhoe/jack1/Marker1
			RevoluteJoint
				Name
					rev4
				MarkerI
					/backhoe/rod1/Marker2
				MarkerJ
					/backhoe/arm/Marker4
			RevoluteJoint
				Name
					rev5
				MarkerI
					/backhoe/arm/Marker2
				MarkerJ
					/backhoe/forearm/Marker1
			RevoluteJoint
				Name
					rev6
				MarkerI
					/backhoe/arm/Marker3
				MarkerJ
					/backhoe/jack2/Marker1
			RevoluteJoint
				Name
					rev7
				MarkerI
					/backhoe/rod2/Marker2
				MarkerJ
					/backhoe/forearm/Marker3
			RevoluteJoint
				Name
					rev8
				MarkerI
					/backhoe/forearm/Marker4
				MarkerJ
					/backhoe/jack3/Marker1
			RevoluteJoint
				Name
					rev9
				MarkerI
					/backhoe/rod3/Marker2
				MarkerJ
					/backhoe/bucket/Marker2
			TranslationalJoint
				Name
					trn1
				MarkerI
					/backhoe/jack1/Marker2
				MarkerJ
					/backhoe/rod1/Marker1
			TranslationalJoint
				Name
					trn2
				MarkerI
					/backhoe/jack2/Marker2
				MarkerJ
					/backhoe/rod2/Marker1
			TranslationalJoint
				Name
					trn3
				MarkerI
					/backhoe/jack3/Marker2
				MarkerJ
					/backhoe/rod3/Marker1
		Motions
			RotationalMotion
				Name
					rmo1
				MotionJoint
					/backhoe/rev1
				RotationZ
					(45.0d + 45.0d*sin((360.0d*time - 90.0d)*pi/180.0d))*pi/180.0d
			TranslationalMotion
				Name
					tmo1
				MotionJoint
					/backhoe/trn1
				TranslationZ
					0.5d + 0.3d*sin(2.0d*pi*time - pi/2.0d)
			TranslationalMotion
				Name
					tmo2
				MotionJoint
					/backhoe/trn2
				TranslationZ
					1.0d + 0.3d*sin(2.0d*pi*time - pi/2.0d)
			TranslationalMotion
				Name
					tmo3
				MotionJoint
					/backhoe/trn3
				TranslationZ
					0.2d + 0.3d*sin(2.0d*pi*time - pi/2.0d)
		GeneralConstraintSets
	ForceTorques
	ConstantGravity
		0.0 	-9.81 	0.0 
	SimulationParameters
		tstart
			0.0 
		tend
			1.0 
		hmin
			1.0e-9
		hmax
			1.0 
		hout
			0.02 
		errorTol
			1.0e-6
	AnimationParameters
		nframe
			51
		icurrent
			1
		istart
			1
		iend
			51
		isForward
			true
		framesPerSecond
			30
TimeSeries
Number	Input	1	2	3	4	5	6	7	8	9	10	11	12	13	14	15	16	17	18	19	20	21	22	23	24	25	26	27	28	29	30	31	32	33	34	35	36	37	38	39	40	41	42	43	44	45	46	47	48	49	50	51
Time	Input	0.0 	0.02 	0.04 	0.06 	0.08 	0.1 	0.12 	0.14 	0.16 	0.18 	0.2 	0.22 	0.24 	0.26 	0.28 	0.3 	0.32 	0.34 	0.36 	0.38 	0.4 	0.42 	0.44 	0.46 	0.48 	0.5 	0.52 	0.54 	0.56 	0.58 	0.6 	0.62 	0.64 	0.66 	0.68 	0.7 	0.72 	0.74 	0.76 	0.78 	0.8 	0.82 	0.84 	0.86 	0.88 	0.9 	0.92 	0.94 	0.96 	0.98 	1.0 
AssemblySeries /backhoe
X	0.0 	0.0 	0.0 	0.0 	0.0 	0.0 	0.0 	0.0 	0.0 	0.0 	0.0 	0.0 	0.0 	0.0 	0.0 	0.0 	0.0 	0.0 	0.0 	0.0 	0.0 	0.0 	0.0 	0.0 	0.0 	0.0 	0.0 	0.0 	0.0 	0.0 	0.0 	0.0 	0.0 	0.0 	0.0 	0.0 	0.0 	0.0 	0.0 	0.0 	0.0 	0.0 	0.0 	0.0 	0.0 	0.0 	0.0 	0.0 	0.0 	0.0 	0.0 	0.0 
Y	0.0 	0.0 	0.0 	0.0 	0.0 	0.0 	0.0 	0.0 	0.0 	0.0 	0.0 	0.0 	0.0 	0.0 	0.0 	0.0 	0.0 	0.0 	0.0 	0.0 	0.0 	0.0 	0.0 	0.0 	0.0 	0.0 	0.0 	0.0 	0.0 	0.0 	0.0 	0.0 	0.0 	0.0 	0.0 	0.0 	0.0 	0.0 	0.0 	0.0 	0.0 	0.0 	0.0 	0.0 	0.0 	0.0 	0.0 	0.0 	0.0 	0.0 	0.0 	0.0 
Z	0.0 	0.0 	0.0 	0.0 	0.0 	0.0 	0.0 	0.0 	0.0 	0.0 	0.0 	0.0 	0.0 	0.0 	0.0 	0.0 	0.0 	0.0 	0.0 	0.0 	0.0 	0.0 	0.0 	0.0 	0.0 	0.0 	0.0 	0.0 	0.0 	0.0 	0.0 	0.0 	0.0 	0.0 	0.0 	0.0 	0.0 	0.0 	0.0 	0.0 	0.0 	0.0 	0.0 	0.0 	0.0 	0.0 	0.0 	0.0 	0.0 	0.0 	0.0 	0.0 
Bryantx	0.0 	0.0 	0.0 	0.0 	0.0 	0.0 	0.0 	0.0 	0.0 	0.0 	0.0 	0.0 	0.0 	0.0 	0.0 	0.0 	0.0 	0.0 	0.0 	0.0 	0.0 	0.0 	0.0 	0.0 	0.0 	0.0 	0.0 	0.0 	0.0 	0.0 	0.0 	0.0 	0.0 	0.0 	0.0 	0.0 	0.0 	0.0 	0.0 	0.0 	0.0 	0.0 	0.0 	0.0 	0.0 	0.0 	0.0 	0.0 	0.0 	0.0 	0.0 	0.0 
Bryanty	0.0 	0.0 	0.0 	0.0 	0.0 	0.0 	0.0 	0.0 	0.0 	0.0 	0.0 	0.0 	0.0 	0.0 	0.0 	0.0 	0.0 	0.0 	0.0 	0.0 	0.0 	0.0 	0.0 	0.0 	0.0 	0.0 	0.0 	0.0 	0.0 	0.0 	0.0 	0.0 	0.0 	0.0 	0.0 	0.0 	0.0 	0.0 	0.0 	0.0 	0.0 	0.0 	0.0 	0.0 	0.0 	0.0 	0.0 	0.0 	0.0 	0.0 	0.0 	0.0 
Bryantz	0.0 	0.0 	0.0 	0.0 	0.0 	0.0 	0.0 	0.0 	0.0 	0.0 	0.0 	0.0 	0.0 	0.0 	0.0 	0.0 	0.0 	0.0 	0.0 	0.0 	0.0 	0.0 	0.0 	0.0 	0.0 	0.0 	0.0 	0.0 	0.0 	0.0 	0.0 	0.0 	0.0 	0.0 	0.0 	0.0 	0.0 	0.0 	0.0 	0.0 	0.0 	0.0 	0.0 	0.0 	0.0 	0.0 	0.0 	0.0 	0.0 	0.0 	0.0 	0.0 
VX	0.0 	0.0 	0.0 	0.0 	0.0 	0.0 	0.0 	0.0 	0.0 	0.0 	0.0 	0.0 	0.0 	0.0 	0.0 	0.0 	0.0 	0.0 	0.0 	0.0 	0.0 	0.0 	0.0 	0.0 	0.0 	0.0 	0.0 	0.0 	0.0 	0.0 	0.0 	0.0 	0.0 	0.0 	0.0 	0.0 	0.0 	0.0 	0.0 	0.0 	0.0 	0.0 	0.0 	0.0 	0.0 	0.0 	0.0 	0.0 	0.0 	0.0 	0.0 	0.0 
VY	0.0 	0.0 	0.0 	0.0 	0.0 	0.0 	0.0 	0.0 	0.0 	0.0 	0.0 	0.0 	0.0 	0.0 	0.0 	0.0 	0.0 	0.0 	0.0 	0.0 	0.0 	0.0 	0.0 	0.0 	0.0 	0.0 	0.0 	0.0 	0.0 	0.0 	0.0 	0.0 	0.0 	0.0 	0.0 	0.0 	0.0 	0.0 	0.0 	0.0 	0.0 	0.0 	0.0 	0.0 	0.0 	0.0 	0.0 	0.0 	0.0 	0.0 	0.0 	0.0 
VZ	0.0 	0.0 	0.0 	0.0 	0.0 	0.0 	0.0 	0.0 	0.0 	0.0 	0.0 	0.0 	0.0 	0.0 	0.0 	0.0 	0.0 	0.0 	0.0 	0.0 	0.0 	0.0 	0.0 	0.0 	0.0 	0.0 	0.0 	0.0 	0.0 	0.0 	0.0 	0.0 	0.0 	0.0 	0.0 	0.0 	0.0 	0.0 	0.0 	0.0 	0.0 	0.0 	0.0 	0.0 	0.0 	0.0 	0.0 	0.0 	0.0 	0.0 	0.0 	0.0 
OmegaX	0.0 	0.0 	0.0 	0.0 	0.0 	0.0 	0.0 	0.0 	0.0 	0.0 	0.0 	0.0 	0.0 	0.0 	0.0 	0.0 	0.0 	0.0 	0.0 	0.0 	0.0 	0.0 	0.0 	0.0 	0.0 	0.0 	0.0 	0.0 	0.0 	0.0 	0.0 	0.0 	0.0 	0.0 	0.0 	0.0 	0.0 	0.0 	0.0 	0.0 	0.0 	0.0 	0.0 	0.0 	0.0 	0.0 	0.0 	0.0 	0.0 	0.0 	0.0 	0.0 
OmegaY	0.0 	0.0 	0.0 	0.0 	0.0 	0.0 	0.0 	0.0 	0.0 	0.0 	0.0 	0.0 	0.0 	0.0 	0.0 	0.0 	0.0 	0.0 	0.0 	0.0 	0.0 	0.0 	0.0 	0.0 	0.0 	0.0 	0.0 	0.0 	0.0 	0.0 	0.0 	0.0 	0.0 	0.0 	0.0 	0.0 	0.0 	0.0 	0.0 	0.0 	0.0 	0.0 	0.0 	0.0 	0.0 	0.0 	0.0 	0.0 	0.0 	0.0 	0.0 	0.0 
OmegaZ	0.0 	0.0 	0.0 	0.0 	0.0 	0.0 	0.0 	0.0 	0.0 	0.0 	0.0 	0.0 	0.0 	0.0 	0.0 	0.0 	0.0 	0.0 	0.0 	0.0 	0.0 	0.0 	0.0 	0.0 	0.0 	0.0 	0.0 	0.0 	0.0 	0.0 	0.0 	0.0 	0.0 	0.0 	0.0 	0.0 	0.0 	0.0 	0.0 	0.0 	0.0 	0.0 	0.0 	0.0 	0.0 	0.0 	0.0 	0.0 	0.0 	0.0 	0.0 	0.0 
AX	0	0.0 	0.0 	0.0 	0.0 	0.0 	0.0 	0.0 	0.0 	0.0 	0.0 	0.0 	0.0 	0.0 	0.0 	0.0 	0.0 	0.0 	0.0 	0.0 	0.0 	0.0 	0.0 	0.0 	0.0 	0.0 	0.0 	0.0 	0.0 	0.0 	0.0 	0.0 	0.0 	0.0 	0.0 	0.0 	0.0 	0.0 	0.0 	0.0 	0.0 	0.0 	0.0 	0.0 	0.0 	0.0 	0.0 	0.0 	0.0 	0.0 	0.0 	0.0 
AY	0	0.0 	0.0 	0.0 	0.0 	0.0 	0.0 	0.0 	0.0 	0.0 	0.0 	0.0 	0.0 	0.0 	0.0 	0.0 	0.0 	0.0 	0.0 	0.0 	0.0 	0.0 	0.0 	0.0 	0.0 	0.0 	0.0 	0.0 	0.0 	0.0 	0.0 	0.0 	0.0 	0.0 	0.0 	0.0 	0.0 	0.0 	0.0 	0.0 	0.0 	0.0 	0.0 	0.0 	0.0 	0.0 	0.0 	0.0 	0.0 	0.0 	0.0 	0.0 
AZ	0	0.0 	0.0 	0.0 	0.0 	0.0 	0.0 	0.0 	0.0 	0.0 	0.0 	0.0 	0.0 	0.0 	0.0 	0.0 	0.0 	0.0 	0.0 	0.0 	0.0 	0.0 	0.0 	0.0 	0.0 	0.0 	0.0 	0.0 	0.0 	0.0 	0.0 	0.0 	0.0 	0.0 	0.0 	0.0 	0.0 	0.0 	0.0 	0.0 	0.0 	0.0 	0.0 	0.0 	0.0 	0.0 	0.0 	0.0 	0.0 	0.0 	0.0 	0.0 
AlphaX	0	0.0 	0.0 	0.0 	0.0 	0.0 	0.0 	0.0 	0.0 	0.0 	0.0 	0.0 	0.0 	0.0 	0.0 	0.0 	0.0 	0.0 	0.0 	0.0 	0.0 	0.0 	0.0 	0.0 	0.0 	0.0 	0.0 	0.0 	0.0 	0.0 	0.0 	0.0 	0.0 	0.0 	0.0 	0.0 	0.0 	0.0 	0.0 	0.0 	0.0 	0.0 	0.0 	0.0 	0.0 	0.0 	0.0 	0.0 	0.0 	0.0 	0.0 	0.0 
AlphaY	0	0.0 	0.0 	0.0 	0.0 	0.0 	0.0 	0.0 	0.0 	0.0 	0.0 	0.0 	0.0 	0.0 	0.0 	0.0 	0.0 	0.0 	0.0 	0.0 	0.0 	0.0 	0.0 	0.0 	0.0 	0.0 	0.0 	0.0 	0.0 	0.0 	0.0 	0.0 	0.0 	0.0 	0.0 	0.0 	0.0 	0.0 	0.0 	0.0 	0.0 	0.0 	0.0 	0.0 	0.0 	0.0 	0.0 	0.0 	0.0 	0.0 	0.0 	0.0 
AlphaZ	0	0.0 	0.0 	0.0 	0.0 	0.0 	0.0 	0.0 	0.0 	0.0 	0.0 	0.0 	0.0 	0.0 	0.0 	0.0 	0.0 	0.0 	0.0 	0.0 	0.0 	0.0 	0.0 	0.0 	0.0 	0.0 	0.0 	0.0 	0.0 	0.0 	0.0 	0.0 	0.0 	0.0 	0.0 	0.0 	0.0 	0.0 	0.0 	0.0 	0.0 	0.0 	0.0 	0.0 	0.0 	0.0 	0.0 	0.0 	0.0 	0.0 	0.0 	0.0 
PartSeries /backhoe/arm
X	0.22024995739281 	0.22024995739281 	0.2186429213985 	0.21378877590947 	0.20559299103329 	0.19391322370061 	0.17858181856548 	0.15943643790399 	0.13635736942899 	0.10930891620926 	0.078380863291831 	0.043824668355396 	0.00607822655482 	-0.034226673147626 	-0.076278405204485 	-0.11912220889151 	-0.16171667097257 	-0.20300309760161 	-0.24197787482717 	-0.27775681780232 	-0.3096217288469 	-0.33704270465202 	-0.35967437956459 	-0.37732919553044 	-0.38993490541009 	-0.39748607770269 	-0.4 	-0.39748607770269 	-0.38993490541009 	-0.37732919553044 	-0.35967437956459 	-0.33704270465202 	-0.3096217288469 	-0.27775681780232 	-0.24197787482717 	-0.20300309760161 	-0.16171667097257 	-0.11912220889151 	-0.076278405204485 	-0.034226673147625 	0.0060782265548207 	0.043824668355396 	0.078380863291831 	0.10930891620926 	0.13635736942899 	0.15943643790399 	0.17858181856548 	0.19391322370079 	0.20559299103312 	0.21378877590946 	0.2186429213985 	0.22024995739281 
Y	0.45082147117861 	0.45082147117861 	0.45089407809763 	0.45112837065212 	0.45157180441219 	0.45229733020354 	0.45339539022292 	0.45496465628999 	0.45710263137031 	0.45989688440677 	0.46341731988909 	0.46770962214541 	0.47278989078876 	0.47864046835704 	0.48520700581858 	0.49239687565953 	0.50007910049611 	0.5080860049285 	0.51621681303533 	0.5242433961158 	0.53191831185524 	0.53898514644199 	0.54519095194834 	0.55030025029513 	0.55410967417484 	0.55646191285498 	0.55725736366156 	0.55646191285498 	0.55410967417484 	0.55030025029513 	0.54519095194834 	0.53898514644199 	0.53191831185524 	0.5242433961158 	0.51621681303533 	0.5080860049285 	0.50007910049611 	0.49239687565953 	0.48520700581858 	0.47864046835704 	0.47278989078876 	0.46770962214541 	0.46341731988909 	0.45989688440677 	0.45710263137031 	0.45496465628999 	0.45339539022292 	0.45229733020352 	0.45157180441221 	0.45112837065212 	0.45089407809763 	0.45082147117861 
Z	-0.4 	-0.4 	-0.40136176561073 	-0.40539804997776 	-0.41195981988917 	-0.42079288689495 	-0.43153201887021 	-0.44369775909178 	-0.45669989106467 	-0.46985130582505 	-0.48239513319694 	-0.49354633159079 	-0.5025465298619 	-0.50872804132057 	-0.5115801672832 	-0.51080891626468 	-0.50638080141824 	-0.49854285263043 	-0.48781427475555 	-0.47494961830834 	-0.46087783849312 	-0.4466250992224 	-0.43323085854926 	-0.42166645292902 	-0.41276348103032 	-0.4071565841368 	-0.40524263633844 	-0.4071565841368 	-0.41276348103032 	-0.42166645292902 	-0.43323085854926 	-0.4466250992224 	-0.46087783849312 	-0.47494961830834 	-0.48781427475555 	-0.49854285263043 	-0.50638080141824 	-0.51080891626468 	-0.5115801672832 	-0.50872804132057 	-0.5025465298619 	-0.49354633159079 	-0.48239513319694 	-0.46985130582505 	-0.45669989106467 	-0.44369775909178 	-0.43153201887021 	-0.42079288689492 	-0.41195981988918 	-0.40539804997776 	-0.40136176561073 	-0.4 
Bryantx	-3.0180233898508e-16	-2.9952551442286e-16	-2.9668003431063e-16	-4.8146490885725e-16	-2.2965321194978e-15	-2.8973639522428e-14	-3.9672907651859e-16	-4.9468325597938e-16	-4.305175503734e-16	-6.7857904981386e-16	-6.7183772234471e-16	-7.6871951192363e-16	-8.1679815331201e-16	-9.191289707503e-16	-1.0515647377267e-15	-1.2262574974663e-15	-1.0318033499184e-15	-9.5970108669757e-16	-1.6301625607355e-15	-3.0441654400819e-15	-3.2436538041621e-15	-4.9361563763211e-15	-7.0041375586904e-15	-1.3289936078503e-14	-3.412519454807e-14	-1.2681755755693e-13	0.96310876424256 	-1.4474444848434e-13	-3.6375139737622e-14	-1.3289936078502e-14	-7.5764424459907e-15	-4.1932135354206e-15	-3.5064115885589e-15	-1.8585929355107e-15	-2.4086349697695e-15	-1.4691430801912e-15	-1.2467765515571e-15	-9.0014562812279e-16	-1.1755861600411e-15	-8.4422568334123e-16	-8.5135646310401e-16	-7.3630685498878e-16	-7.3351573611486e-16	-4.9290423694867e-16	-4.0882734481803e-16	-4.2369198190198e-16	-2.4409426209215e-16	-3.1357594300988e-16	-1.9340953919962e-14	-1.7961349753334e-15	-4.981286611744e-16	-4.7007051615483e-16
Bryanty	3.6570748323292e-16	3.6570748323292e-16	0.0061930991054498 	0.024674727549327 	0.055153419010694 	0.097148506318218 	0.14999770185804 	0.21286754224631 	0.28476653254335 	0.3645607827218 	0.45099188978957 	0.54269678355677 	0.63822922306682 	0.73608260468035 	0.83471372211454 	0.93256710372808 	1.0280995432381 	1.1198044370053 	1.2062355440731 	1.2860297942515 	1.3579287845486 	1.4207986249369 	1.4736478204768 	1.5156429077842 	1.5461215992456 	1.5646032276894 	1.5707963267949 	1.5646032276894 	1.5461215992456 	1.5156429077842 	1.4736478204768 	1.4207986249369 	1.3579287845486 	1.2860297942515 	1.2062355440731 	1.1198044370053 	1.0280995432381 	0.93256710372808 	0.83471372211454 	0.73608260468035 	0.63822922306682 	0.54269678355676 	0.45099188978957 	0.3645607827218 	0.28476653254335 	0.21286754224631 	0.14999770185804 	0.097148506318082 	0.055153419010822 	0.024674727549338 	0.0061930991054496 	3.7264637713683e-16
Bryantz	0.081088665044092 	0.081088665044092 	0.084598417174398 	0.095046114651315 	0.11219462465854 	0.13567187873997 	0.16499949004002 	0.19962315980445 	0.23893965932908 	0.28231728991993 	0.32910890675227 	0.37865817050985 	0.43030050507199 	0.48336046087058 	0.53714708194099 	0.59094867878234 	0.64402826019936 	0.69562083471829 	0.74493385110569 	0.79115214945742 	0.83344882873033 	0.87100324427199 	0.90302674695765 	0.92879562583154 	0.94768904238401 	0.95922785638575 	0.0 	0.95922785638575 	0.94768904238401 	0.92879562583154 	0.90302674695765 	0.87100324427198 	0.83344882873033 	0.79115214945742 	0.74493385110569 	0.69562083471829 	0.64402826019936 	0.59094867878234 	0.53714708194099 	0.48336046087058 	0.43030050507199 	0.37865817050985 	0.32910890675227 	0.28231728991993 	0.23893965932908 	0.19962315980445 	0.16499949004002 	0.13567187874025 	0.11219462465829 	0.095046114651292 	0.084598417174397 	0.081088665044092 
VX	-7.8167060954541e-17	-7.816706095454e-17	-0.16098273768852 	-0.32523098818382 	-0.4955525178432 	-0.67384703265707 	-0.8606776880434 	-1.0548929495254 	-1.2533465759151 	-1.450781450055 	-1.6399497280723 	-1.8120273829973 	-1.9573403291259 	-2.0663551709683 	-2.1308137851136 	-2.1448291116542 	-2.1057329893424 	-2.014491391548 	-1.8755785291204 	-1.6963119775973 	-1.4857667812113 	-1.2534759175319 	-1.0081652064446 	-0.75675602056005 	-0.50380756788844 	-0.25147998298554 	1.6537244084917e-15	0.25147998298555 	0.50380756788844 	0.75675602056005 	1.0081652064446 	1.2534759175318 	1.4857667812114 	1.6963119775973 	1.8755785291204 	2.014491391548 	2.1057329893424 	2.1448291116542 	2.1308137851136 	2.0663551709683 	1.9573403291259 	1.8120273829973 	1.6399497280723 	1.450781450055 	1.2533465759151 	1.0548929495254 	0.86067768804339 	0.67384703265706 	0.4955525178432 	0.32523098818381 	0.16098273768851 	-3.1670635626322e-15
