1 0.1691218983756246 -0.1005520674326326 0.0786773740939745 0.7849806925916096 -0.5084786583487672 -0.3539135011019426 0.4010225343957191 -0.01838553050165753 0.9158836712023022 -0.4722141878059482 -0.8608782877224923 0.1894791137903022 -0 -0 -0 0 0 0 
2 0.187280957628397 -0.09628957473654438 0.1173631131064723 0.9344774749861378 -0.3530066674388174 0.04624004203363534 0.3546589705286354 0.911659010595098 -0.207593022581048 0.0311265701146272 0.210390449271128 0.9771217915328632 -0 -0 -0 0 0 0 
3 0.2890983348369078 -0.06156645049450425 0.09724597715885096 1 0 0 0 1 0 0 0 1 -0 -0 0 0 0 0 
4 0.2001727829634569 -0.04841471777010503 0.1259889862212814 0.9154751580967107 -0.3981099349361628 0.05842700242975715 0.4002414181985814 0.8860390795816677 -0.2339691360253729 0.04137683006455354 0.237577838106157 0.9704868514176859 -0 -0 -0 0 0 0 
5 0.2551501222010734 -0.03934865871658046 0.1049389861703619 0.8868792034560403 -0.4556161702863137 0.07654530587052498 0.458468742088591 0.8474844693349607 -0.2675378230526392 0.05702360042021683 0.2723673614985337 0.9605021235715424 0 0 0 0 0 0 
1 0.1691218983756246 -0.1005520674326325 0.07867737409397452 0.7849806925916095 -0.5084786583487673 -0.3539135011019426 0.401022534395719 -0.01838553050165756 0.9158836712023022 -0.4722141878059483 -0.8608782877224923 0.1894791137903022 -0 -0 0 -0 0 0 
2 0.187280957628397 -0.09628957473654436 0.1173631131064723 0.9344774749861378 -0.3530066674388175 0.04624004203363542 0.3546589705286355 0.911659010595098 -0.2075930225810481 0.03112657011462718 0.210390449271128 0.9771217915328632 -0 -0 -0 0 0 0 
3 0.2890983348369078 -0.06156645049450425 0.09724597715885096 1 0 0 0 1 0 0 0 1 -0 -0 -0 0 0 0 
4 0.2001727829634569 -0.048414717770105 0.1259889862212814 0.9154751580967104 -0.3981099349361633 0.05842700242975732 0.4002414181985818 0.8860390795816675 -0.2339691360253731 0.04137683006455362 0.2375778381061573 0.9704868514176859 -0 0 0 0 0 0 
5 0.2551501222010734 -0.03934865871658044 0.1049389861703619 0.8868792034560405 -0.4556161702863133 0.07654530587052491 0.4584687420885905 0.8474844693349609 -0.2675378230526388 0.05702360042021655 0.2723673614985334 0.9605021235715425 0 0 0 0 0 0 
1 0.1691218983756246 -0.1005520674326326 0.0786773740939745 0.7849806925916096 -0.5084786583487672 -0.3539135011019426 0.4010225343957191 -0.01838553050165753 0.9158836712023022 -0.4722141878059482 -0.8608782877224923 0.1894791137903022 -0 -0 0 -0 0 0 
2 0.187280957628397 -0.0962895747365444 0.1173631131064723 0.9344774749861378 -0.3530066674388175 0.04624004203363535 0.3546589705286354 0.911659010595098 -0.207593022581048 0.0311265701146272 0.210390449271128 0.9771217915328632 -0 -0 -0 0 0 0 
3 0.2890983348369078 -0.06156645049450425 0.09724597715885096 1 0 0 0 1 0 0 0 1 -0 -0 -0 0 0 0 
4 0.2001727829634569 -0.04841471777010505 0.1259889862212814 0.9154751580967107 -0.3981099349361628 0.05842700242975715 0.4002414181985814 0.8860390795816677 -0.2339691360253729 0.04137683006455353 0.237577838106157 0.9704868514176859 -0 0 0 0 0 0 
5 0.2551501222010734 -0.03934865871658047 0.1049389861703619 0.8868792034560402 -0.4556161702863139 0.07654530587052498 0.4584687420885911 0.8474844693349606 -0.2675378230526393 0.05702360042021694 0.2723673614985338 0.9605021235715424 0 0 0 0 0 0 
1 0.1691218983756246 -0.1005520674326325 0.07867737409397452 0.7849806925916095 -0.5084786583487673 -0.3539135011019426 0.401022534395719 -0.01838553050165756 0.9158836712023022 -0.4722141878059483 -0.8608782877224923 0.1894791137903022 -0 -0 0 -0 0 0 
2 0.187280957628397 -0.09628957473654436 0.1173631131064723 0.9344774749861378 -0.3530066674388175 0.04624004203363543 0.3546589705286355 0.911659010595098 -0.2075930225810481 0.03112657011462716 0.210390449271128 0.9771217915328632 -0 -0 -0 0 0 0 
3 0.2890983348369078 -0.06156645049450425 0.09724597715885096 1 0 0 0 1 0 0 0 1 -0 -0 -0 0 0 0 
4 0.2001727829634569 -0.04841471777010498 0.1259889862212814 0.9154751580967104 -0.3981099349361633 0.05842700242975737 0.4002414181985818 0.8860390795816674 -0.2339691360253731 0.04137683006455353 0.2375778381061572 0.9704868514176859 -0 0 0 0 0 0 
5 0.2551501222010734 -0.03934865871658042 0.1049389861703619 0.8868792034560405 -0.4556161702863132 0.07654530587052491 0.4584687420885904 0.8474844693349609 -0.2675378230526388 0.05702360042021651 0.2723673614985333 0.9605021235715425 0 0 0 0 0 0 
1 0.1691218983756246 -0.1005520674326326 0.0786773740939745 0.7849806925916096 -0.5084786583487672 -0.3539135011019426 0.4010225343957191 -0.01838553050165753 0.9158836712023022 -0.4722141878059482 -0.8608782877224923 0.1894791137903022 -0 -0 0 -0 0 0 
2 0.187280957628397 -0.0962895747365444 0.1173631131064723 0.9344774749861378 -0.3530066674388175 0.04624004203363537 0.3546589705286354 0.911659010595098 -0.207593022581048 0.0311265701146272 0.210390449271128 0.9771217915328632 -0 -0 -0 0 0 0 
3 0.2890983348369078 -0.06156645049450425 0.09724597715885096 1 0 0 0 1 0 0 0 1 -0 -0 -0 0 0 0 
4 0.2001727829634569 -0.04841471777010503 0.1259889862212814 0.9154751580967104 -0.3981099349361631 0.05842700242975735 0.4002414181985817 0.8860390795816675 -0.233969136025373 0.0413768300645535 0.2375778381061572 0.9704868514176859 -0 0 0 0 0 0 
5 0.2551501222010734 -0.03934865871658046 0.1049389861703619 0.8868792034560403 -0.4556161702863137 0.07654530587052509 0.458468742088591 0.8474844693349607 -0.2675378230526391 0.05702360042021667 0.2723673614985337 0.9605021235715424 0 0 0 0 0 0 
1 0.1691218983756246 -0.1005520674326325 0.07867737409397452 0.7849806925916095 -0.5084786583487673 -0.3539135011019426 0.401022534395719 -0.01838553050165756 0.9158836712023022 -0.4722141878059483 -0.8608782877224923 0.1894791137903022 -0 -0 0 -0 0 0 
2 0.187280957628397 -0.09628957473654436 0.1173631131064723 0.9344774749861378 -0.3530066674388175 0.04624004203363544 0.3546589705286355 0.911659010595098 -0.2075930225810481 0.03112657011462715 0.210390449271128 0.9771217915328632 -0 -0 -0 0 0 0 
3 0.2890983348369078 -0.06156645049450425 0.09724597715885096 1 0 0 0 1 0 0 0 1 -0 -0 -0 0 0 0 
4 0.2001727829634569 -0.048414717770105 0.1259889862212814 0.9154751580967104 -0.3981099349361633 0.05842700242975736 0.4002414181985819 0.8860390795816674 -0.2339691360253732 0.0413768300645536 0.2375778381061573 0.9704868514176859 -0 0 0 0 0 0 
5 0.2551501222010734 -0.03934865871658044 0.1049389861703619 0.8868792034560405 -0.4556161702863133 0.07654530587052479 0.4584687420885906 0.8474844693349609 -0.2675378230526389 0.0570236004202167 0.2723673614985334 0.9605021235715425 0 0 0 0 0 0 
1 0.1691218983756246 -0.1005520674326326 0.0786773740939745 0.7849806925916096 -0.5084786583487672 -0.3539135011019426 0.4010225343957191 -0.01838553050165753 0.9158836712023022 -0.4722141878059482 -0.8608782877224923 0.1894791137903022 -0 -0 0 -0 0 0 
2 0.187280957628397 -0.09628957473654438 0.1173631131064723 0.9344774749861378 -0.3530066674388174 0.04624004203363539 0.3546589705286354 0.911659010595098 -0.207593022581048 0.03112657011462716 0.210390449271128 0.9771217915328632 -0 -0 -0 0 0 0 
3 0.2890983348369078 -0.06156645049450425 0.09724597715885096 1 0 0 0 1 0 0 0 1 -0 -0 -0 0 0 0 
4 0.2001727829634569 -0.04841471777010504 0.1259889862212814 0.9154751580967104 -0.3981099349361631 0.05842700242975737 0.4002414181985817 0.8860390795816675 -0.233969136025373 0.0413768300645535 0.2375778381061572 0.9704868514176859 -0 0 0 0 0 0 
5 0.2551501222010734 -0.03934865871658046 0.1049389861703619 0.8868792034560403 -0.4556161702863137 0.07654530587052516 0.458468742088591 0.8474844693349607 -0.2675378230526392 0.05702360042021667 0.2723673614985338 0.9605021235715424 0 0 0 0 0 0 
1 0.1691218983756246 -0.1005520674326325 0.07867737409397452 0.7849806925916095 -0.5084786583487673 -0.3539135011019426 0.401022534395719 -0.01838553050165756 0.9158836712023022 -0.4722141878059483 -0.8608782877224923 0.1894791137903022 -0 -0 0 -0 0 0 
2 0.187280957628397 -0.09628957473654436 0.1173631131064723 0.9344774749861378 -0.3530066674388175 0.04624004203363545 0.3546589705286355 0.911659010595098 -0.2075930225810481 0.03112657011462715 0.2103904492711281 0.9771217915328632 -0 -0 -0 0 0 0 
3 0.2890983348369078 -0.06156645049450425 0.09724597715885096 1 0 0 0 1 0 0 0 1 -0 -0 -0 0 0 0 
4 0.2001727829634569 -0.048414717770105 0.1259889862212814 0.9154751580967104 -0.3981099349361633 0.05842700242975735 0.4002414181985818 0.8860390795816674 -0.2339691360253731 0.04137683006455359 0.2375778381061573 0.9704868514176859 -0 0 0 0 0 0 
5 0.2551501222010734 -0.03934865871658044 0.1049389861703619 0.8868792034560405 -0.4556161702863133 0.0765453058705249 0.4584687420885905 0.8474844693349609 -0.2675378230526388 0.05702360042021656 0.2723673614985334 0.9605021235715425 0 0 0 0 0 0 
1 0.1691218983756246 -0.1005520674326326 0.0786773740939745 0.7849806925916096 -0.5084786583487672 -0.3539135011019426 0.4010225343957191 -0.01838553050165753 0.9158836712023022 -0.4722141878059482 -0.8608782877224923 0.1894791137903022 -0 -0 0 -0 0 0 
2 0.187280957628397 -0.0962895747365444 0.1173631131064723 0.9344774749861378 -0.3530066674388175 0.0462400420336354 0.3546589705286354 0.911659010595098 -0.207593022581048 0.03112657011462717 0.210390449271128 0.9771217915328632 -0 -0 -0 0 0 0 
3 0.2890983348369078 -0.06156645049450425 0.09724597715885096 1 0 0 0 1 0 0 0 1 -0 -0 -0 0 0 0 
4 0.2001727829634569 -0.04841471777010504 0.1259889862212814 0.9154751580967105 -0.3981099349361631 0.05842700242975732 0.4002414181985816 0.8860390795816676 -0.2339691360253731 0.04137683006455353 0.2375778381061572 0.9704868514176859 -0 0 0 0 0 0 
5 0.2551501222010734 -0.03934865871658046 0.1049389861703619 0.8868792034560403 -0.4556161702863138 0.07654530587052505 0.458468742088591 0.8474844693349607 -0.2675378230526392 0.05702360042021679 0.2723673614985338 0.9605021235715424 0 0 0 0 0 0 
1 0.1691218983756246 -0.1005520674326325 0.07867737409397452 0.7849806925916095 -0.5084786583487673 -0.3539135011019426 0.401022534395719 -0.01838553050165756 0.9158836712023022 -0.4722141878059483 -0.8608782877224923 0.1894791137903022 -0 -0 0 -0 0 0 
2 0.187280957628397 -0.09628957473654436 0.1173631131064723 0.9344774749861378 -0.3530066674388175 0.04624004203363545 0.3546589705286355 0.911659010595098 -0.2075930225810481 0.03112657011462714 0.2103904492711281 0.9771217915328632 -0 -0 -0 0 0 0 
3 0.2890983348369078 -0.06156645049450425 0.09724597715885096 1 0 0 0 1 0 0 0 1 -0 -0 -0 0 0 0 
4 0.2001727829634569 -0.048414717770105 0.1259889862212814 0.9154751580967104 -0.3981099349361633 0.05842700242975734 0.4002414181985818 0.8860390795816674 -0.2339691360253731 0.04137683006455357 0.2375778381061572 0.9704868514176859 -0 0 0 0 0 0 
5 0.2551501222010734 -0.03934865871658044 0.1049389861703619 0.8868792034560405 -0.4556161702863134 0.07654530587052491 0.4584687420885906 0.8474844693349609 -0.2675378230526388 0.05702360042021659 0.2723673614985334 0.9605021235715425 0 0 0 0 0 0 
1 0.1691218983756246 -0.1005520674326326 0.0786773740939745 0.7849806925916096 -0.5084786583487672 -0.3539135011019426 0.4010225343957191 -0.01838553050165753 0.9158836712023022 -0.4722141878059482 -0.8608782877224923 0.1894791137903022 -0 -0 0 -0 0 0 
2 0.187280957628397 -0.09628957473654438 0.1173631131064723 0.9344774749861378 -0.3530066674388174 0.04624004203363535 0.3546589705286354 0.911659010595098 -0.207593022581048 0.0311265701146272 0.210390449271128 0.9771217915328632 -0 -0 -0 0 0 0 
3 0.2890983348369078 -0.06156645049450425 0.09724597715885096 1 0 0 0 1 0 0 0 1 -0 -0 -0 0 0 0 
4 0.2001727829634569 -0.04841471777010503 0.1259889862212814 0.9154751580967104 -0.3981099349361633 0.05842700242975735 0.4002414181985818 0.8860390795816674 -0.2339691360253731 0.04137683006455355 0.2375778381061572 0.9704868514176859 -0 0 0 0 0 0 
5 0.2551501222010734 -0.03934865871658046 0.1049389861703619 0.8868792034560403 -0.4556161702863137 0.07654530587052499 0.458468742088591 0.8474844693349607 -0.2675378230526391 0.05702360042021677 0.2723673614985336 0.9605021235715424 0 0 0 0 0 0 
1 0.1691218983756246 -0.1005520674326325 0.07867737409397452 0.7849806925916095 -0.5084786583487673 -0.3539135011019426 0.401022534395719 -0.01838553050165756 0.9158836712023022 -0.4722141878059483 -0.8608782877224923 0.1894791137903022 -0 -0 0 -0 0 0 
2 0.187280957628397 -0.09628957473654436 0.1173631131064723 0.9344774749861378 -0.3530066674388175 0.04624004203363542 0.3546589705286355 0.911659010595098 -0.2075930225810481 0.03112657011462719 0.2103904492711281 0.9771217915328632 -0 -0 -0 0 0 0 
3 0.2890983348369078 -0.06156645049450425 0.09724597715885096 1 0 0 0 1 0 0 0 1 -0 -0 -0 0 0 0 
4 0.2001727829634569 -0.04841471777010499 0.1259889862212814 0.9154751580967104 -0.3981099349361633 0.05842700242975735 0.4002414181985818 0.8860390795816674 -0.2339691360253731 0.04137683006455356 0.2375778381061572 0.9704868514176859 -0 0 0 0 0 0 
5 0.2551501222010734 -0.03934865871658044 0.1049389861703619 0.8868792034560405 -0.4556161702863133 0.07654530587052483 0.4584687420885906 0.8474844693349609 -0.2675378230526388 0.05702360042021665 0.2723673614985334 0.9605021235715425 0 0 0 0 0 0 
1 0.1691218983756246 -0.1005520674326326 0.0786773740939745 0.7849806925916096 -0.5084786583487672 -0.3539135011019426 0.4010225343957191 -0.01838553050165753 0.9158836712023022 -0.4722141878059482 -0.8608782877224923 0.1894791137903022 -0 -0 0 -0 0 0 
2 0.187280957628397 -0.0962895747365444 0.1173631131064723 0.9344774749861378 -0.3530066674388175 0.04624004203363535 0.3546589705286354 0.911659010595098 -0.207593022581048 0.03112657011462721 0.210390449271128 0.9771217915328632 -0 -0 -0 0 0 0 
3 0.2890983348369078 -0.06156645049450425 0.09724597715885096 1 0 0 0 1 0 0 0 1 -0 -0 -0 0 0 0 
4 0.2001727829634569 -0.04841471777010504 0.1259889862212814 0.9154751580967107 -0.3981099349361628 0.05842700242975712 0.4002414181985813 0.8860390795816677 -0.2339691360253728 0.04137683006455353 0.237577838106157 0.9704868514176859 -0 0 0 0 0 0 
5 0.2551501222010734 -0.03934865871658046 0.1049389861703619 0.8868792034560402 -0.455616170286314 0.07654530587052492 0.4584687420885911 0.8474844693349606 -0.2675378230526393 0.05702360042021697 0.2723673614985337 0.9605021235715424 0 0 0 0 0 0 
1 0.1691218983756246 -0.1005520674326325 0.07867737409397452 0.7849806925916095 -0.5084786583487673 -0.3539135011019426 0.401022534395719 -0.01838553050165756 0.9158836712023022 -0.4722141878059483 -0.8608782877224923 0.1894791137903022 -0 -0 0 -0 0 0 
2 0.187280957628397 -0.09628957473654436 0.1173631131064723 0.9344774749861378 -0.3530066674388175 0.04624004203363542 0.3546589705286355 0.911659010595098 -0.2075930225810481 0.03112657011462717 0.210390449271128 0.9771217915328632 -0 -0 -0 0 0 0 
3 0.2890983348369078 -0.06156645049450425 0.09724597715885096 1 0 0 0 1 0 0 0 1 -0 -0 -0 0 0 0 
4 0.2001727829634569 -0.048414717770105 0.1259889862212814 0.9154751580967104 -0.3981099349361633 0.05842700242975735 0.4002414181985818 0.8860390795816674 -0.2339691360253731 0.04137683006455356 0.2375778381061572 0.9704868514176859 -0 0 0 0 0 0 
5 0.2551501222010734 -0.03934865871658044 0.1049389861703619 0.8868792034560405 -0.4556161702863133 0.07654530587052487 0.4584687420885906 0.8474844693349609 -0.2675378230526388 0.05702360042021658 0.2723673614985333 0.9605021235715425 0 0 0 0 0 0 
1 0.1691218983756246 -0.1005520674326326 0.0786773740939745 0.7849806925916096 -0.5084786583487672 -0.3539135011019426 0.4010225343957191 -0.01838553050165753 0.9158836712023022 -0.4722141878059482 -0.8608782877224923 0.1894791137903022 -0 -0 0 -0 0 0 
2 0.187280957628397 -0.0962895747365444 0.1173631131064723 0.9344774749861378 -0.3530066674388175 0.04624004203363536 0.3546589705286354 0.911659010595098 -0.207593022581048 0.0311265701146272 0.210390449271128 0.9771217915328632 -0 -0 -0 0 0 0 
3 0.2890983348369078 -0.06156645049450425 0.09724597715885096 1 0 0 0 1 0 0 0 1 -0 -0 -0 0 0 0 
4 0.2001727829634569 -0.04841471777010504 0.1259889862212814 0.9154751580967105 -0.398109934936163 0.05842700242975723 0.4002414181985816 0.8860390795816676 -0.2339691360253729 0.04137683006455355 0.2375778381061571 0.9704868514176859 -0 0 0 0 0 0 
5 0.2551501222010734 -0.03934865871658046 0.1049389861703619 0.8868792034560403 -0.4556161702863138 0.07654530587052497 0.458468742088591 0.8474844693349607 -0.2675378230526392 0.05702360042021683 0.2723673614985337 0.9605021235715424 0 0 0 0 0 0 
1 0.1691218983756246 -0.1005520674326325 0.07867737409397452 0.7849806925916095 -0.5084786583487673 -0.3539135011019426 0.401022534395719 -0.01838553050165756 0.9158836712023022 -0.4722141878059483 -0.8608782877224923 0.1894791137903022 -0 -0 0 -0 0 0 
2 0.187280957628397 -0.09628957473654436 0.1173631131064723 0.9344774749861378 -0.3530066674388175 0.04624004203363543 0.3546589705286355 0.911659010595098 -0.2075930225810481 0.03112657011462716 0.210390449271128 0.9771217915328632 -0 -0 -0 0 0 0 
3 0.2890983348369078 -0.06156645049450425 0.09724597715885096 1 0 0 0 1 0 0 0 1 -0 -0 -0 0 0 0 
4 0.2001727829634569 -0.04841471777010499 0.1259889862212814 0.9154751580967104 -0.3981099349361632 0.0584270024297573 0.4002414181985817 0.8860390795816675 -0.2339691360253731 0.04137683006455358 0.2375778381061572 0.9704868514176859 -0 0 0 0 0 0 
5 0.2551501222010734 -0.03934865871658044 0.1049389861703619 0.8868792034560405 -0.4556161702863133 0.07654530587052485 0.4584687420885905 0.8474844693349609 -0.2675378230526389 0.05702360042021662 0.2723673614985334 0.9605021235715425 0 0 0 0 0 0 
1 0.1691218983756246 -0.1005520674326326 0.0786773740939745 0.7849806925916096 -0.5084786583487672 -0.3539135011019426 0.4010225343957191 -0.01838553050165753 0.9158836712023022 -0.4722141878059482 -0.8608782877224923 0.1894791137903022 -0 -0 0 -0 0 0 
2 0.187280957628397 -0.0962895747365444 0.1173631131064723 0.9344774749861378 -0.3530066674388175 0.04624004203363537 0.3546589705286354 0.911659010595098 -0.207593022581048 0.03112657011462718 0.2103904492711279 0.9771217915328632 -0 -0 -0 0 0 0 
3 0.2890983348369078 -0.06156645049450425 0.09724597715885096 1 0 0 0 1 0 0 0 1 -0 -0 -0 0 0 0 
4 0.2001727829634569 -0.04841471777010504 0.1259889862212814 0.9154751580967107 -0.3981099349361627 0.05842700242975722 0.4002414181985813 0.8860390795816677 -0.2339691360253728 0.04137683006455341 0.2375778381061569 0.9704868514176859 -0 0 0 0 0 0 
5 0.2551501222010734 -0.03934865871658046 0.1049389861703618 0.8868792034560402 -0.4556161702863139 0.07654530587052509 0.4584687420885911 0.8474844693349606 -0.2675378230526392 0.05702360042021679 0.2723673614985337 0.9605021235715424 0 0 0 0 0 0 
1 0.1691218983756246 -0.1005520674326325 0.07867737409397452 0.7849806925916095 -0.5084786583487673 -0.3539135011019426 0.401022534395719 -0.01838553050165756 0.9158836712023022 -0.4722141878059483 -0.8608782877224923 0.1894791137903022 -0 -0 0 -0 0 0 
2 0.187280957628397 -0.09628957473654436 0.1173631131064723 0.9344774749861378 -0.3530066674388175 0.04624004203363544 0.3546589705286355 0.911659010595098 -0.207593022581048 0.03112657011462715 0.210390449271128 0.9771217915328632 -0 -0 -0 0 0 0 
3 0.2890983348369078 -0.06156645049450425 0.09724597715885096 1 0 0 0 1 0 0 0 1 -0 -0 -0 0 0 0 
4 0.2001727829634569 -0.04841471777010499 0.1259889862212814 0.9154751580967103 -0.3981099349361635 0.05842700242975742 0.4002414181985821 0.8860390795816673 -0.2339691360253732 0.04137683006455361 0.2375778381061574 0.9704868514176859 -0 0 0 0 0 0 
5 0.2551501222010734 -0.03934865871658043 0.1049389861703619 0.8868792034560407 -0.4556161702863131 0.07654530587052485 0.4584687420885903 0.847484469334961 -0.2675378230526388 0.05702360042021652 0.2723673614985334 0.9605021235715425 0 0 0 0 0 0 
1 0.1691218983756246 -0.1005520674326326 0.0786773740939745 0.7849806925916096 -0.5084786583487672 -0.3539135011019426 0.4010225343957191 -0.01838553050165753 0.9158836712023022 -0.4722141878059482 -0.8608782877224923 0.1894791137903022 -0 -0 0 -0 0 0 
2 0.187280957628397 -0.09628957473654438 0.1173631131064723 0.9344774749861378 -0.3530066674388174 0.04624004203363537 0.3546589705286354 0.911659010595098 -0.207593022581048 0.03112657011462716 0.2103904492711279 0.9771217915328632 -0 -0 -0 0 0 0 
3 0.2890983348369078 -0.06156645049450425 0.09724597715885096 1 0 0 0 1 0 0 0 1 -0 -0 -0 0 0 0 
4 0.2001727829634569 -0.04841471777010503 0.1259889862212814 0.9154751580967107 -0.3981099349361628 0.0584270024297572 0.4002414181985813 0.8860390795816677 -0.2339691360253729 0.04137683006455347 0.237577838106157 0.9704868514176859 -0 0 0 0 0 0 
5 0.2551501222010734 -0.03934865871658046 0.1049389861703618 0.8868792034560403 -0.4556161702863137 0.07654530587052502 0.458468742088591 0.8474844693349607 -0.2675378230526392 0.0570236004202168 0.2723673614985338 0.9605021235715424 0 0 0 0 0 0 
1 0.1691218983756246 -0.1005520674326325 0.07867737409397452 0.7849806925916095 -0.5084786583487673 -0.3539135011019426 0.401022534395719 -0.01838553050165756 0.9158836712023022 -0.4722141878059483 -0.8608782877224923 0.1894791137903022 -0 -0 0 -0 0 0 
2 0.187280957628397 -0.09628957473654436 0.1173631131064723 0.9344774749861378 -0.3530066674388175 0.04624004203363544 0.3546589705286355 0.911659010595098 -0.2075930225810481 0.03112657011462715 0.210390449271128 0.9771217915328632 -0 -0 -0 0 0 0 
3 0.2890983348369078 -0.06156645049450425 0.09724597715885096 1 0 0 0 1 0 0 0 1 -0 -0 -0 0 0 0 
4 0.2001727829634569 -0.04841471777010499 0.1259889862212814 0.9154751580967104 -0.3981099349361633 0.05842700242975732 0.4002414181985818 0.8860390795816675 -0.2339691360253731 0.04137683006455359 0.2375778381061572 0.9704868514176859 -0 0 0 0 0 0 
5 0.2551501222010734 -0.03934865871658043 0.1049389861703619 0.8868792034560405 -0.4556161702863133 0.07654530587052483 0.4584687420885905 0.8474844693349609 -0.2675378230526388 0.05702360042021661 0.2723673614985333 0.9605021235715425 0 0 0 0 0 0 
1 0.1691218983756246 -0.1005520674326326 0.0786773740939745 0.7849806925916096 -0.5084786583487672 -0.3539135011019426 0.4010225343957191 -0.01838553050165753 0.9158836712023022 -0.4722141878059482 -0.8608782877224923 0.1894791137903022 -0 -0 0 -0 0 0 
2 0.187280957628397 -0.09628957473654438 0.1173631131064723 0.9344774749861378 -0.3530066674388174 0.04624004203363539 0.3546589705286354 0.911659010595098 -0.207593022581048 0.03112657011462716 0.210390449271128 0.9771217915328632 -0 -0 -0 0 0 0 
3 0.2890983348369078 -0.06156645049450425 0.09724597715885096 1 0 0 0 1 0 0 0 1 -0 -0 -0 0 0 0 
4 0.2001727829634569 -0.04841471777010504 0.1259889862212814 0.9154751580967107 -0.3981099349361628 0.05842700242975726 0.4002414181985813 0.8860390795816677 -0.2339691360253728 0.04137683006455341 0.237577838106157 0.9704868514176859 -0 0 0 0 0 0 
5 0.2551501222010734 -0.03934865871658046 0.1049389861703618 0.8868792034560402 -0.4556161702863138 0.07654530587052512 0.4584687420885911 0.8474844693349606 -0.2675378230526392 0.05702360042021674 0.2723673614985337 0.9605021235715424 0 0 0 0 0 0 
1 0.1691218983756246 -0.1005520674326325 0.07867737409397452 0.7849806925916095 -0.5084786583487673 -0.3539135011019426 0.401022534395719 -0.01838553050165756 0.9158836712023022 -0.4722141878059483 -0.8608782877224923 0.1894791137903022 -0 -0 0 -0 0 0 
2 0.187280957628397 -0.09628957473654436 0.1173631131064723 0.9344774749861378 -0.3530066674388175 0.04624004203363546 0.3546589705286355 0.911659010595098 -0.2075930225810481 0.03112657011462715 0.2103904492711281 0.9771217915328632 -0 -0 -0 0 0 0 
3 0.2890983348369078 -0.06156645049450425 0.09724597715885096 1 0 0 0 1 0 0 0 1 -0 -0 -0 0 0 0 
4 0.2001727829634569 -0.048414717770105 0.1259889862212814 0.9154751580967105 -0.3981099349361631 0.05842700242975734 0.4002414181985816 0.8860390795816676 -0.233969136025373 0.04137683006455349 0.2375778381061572 0.9704868514176859 -0 0 0 0 0 0 
5 0.2551501222010734 -0.03934865871658044 0.1049389861703619 0.8868792034560405 -0.4556161702863134 0.07654530587052494 0.4584687420885906 0.8474844693349609 -0.2675378230526388 0.05702360042021656 0.2723673614985334 0.9605021235715425 0 0 0 0 0 0 
1 0.1691218983756246 -0.1005520674326326 0.0786773740939745 0.7849806925916096 -0.5084786583487672 -0.3539135011019426 0.4010225343957191 -0.01838553050165753 0.9158836712023022 -0.4722141878059482 -0.8608782877224923 0.1894791137903022 -0 -0 0 -0 0 0 
2 0.187280957628397 -0.0962895747365444 0.1173631131064723 0.9344774749861378 -0.3530066674388175 0.0462400420336354 0.3546589705286354 0.911659010595098 -0.207593022581048 0.03112657011462716 0.210390449271128 0.9771217915328632 -0 -0 -0 0 0 0 
3 0.2890983348369078 -0.06156645049450425 0.09724597715885096 1 0 0 0 1 0 0 0 1 -0 -0 -0 0 0 0 
4 0.2001727829634569 -0.04841471777010503 0.1259889862212814 0.9154751580967105 -0.398109934936163 0.05842700242975724 0.4002414181985816 0.8860390795816676 -0.233969136025373 0.04137683006455359 0.2375778381061572 0.9704868514176859 -0 0 0 0 0 0 
5 0.2551501222010734 -0.03934865871658046 0.1049389861703619 0.8868792034560402 -0.4556161702863139 0.07654530587052506 0.4584687420885911 0.8474844693349606 -0.2675378230526392 0.05702360042021684 0.2723673614985338 0.9605021235715424 0 0 0 0 0 0 
1 0.1691218983756246 -0.1005520674326325 0.07867737409397452 0.7849806925916095 -0.5084786583487673 -0.3539135011019426 0.401022534395719 -0.01838553050165756 0.9158836712023022 -0.4722141878059483 -0.8608782877224923 0.1894791137903022 -0 -0 0 -0 0 0 
2 0.187280957628397 -0.09628957473654436 0.1173631131064723 0.9344774749861378 -0.3530066674388175 0.04624004203363546 0.3546589705286355 0.911659010595098 -0.2075930225810481 0.03112657011462713 0.2103904492711281 0.9771217915328632 -0 -0 -0 0 0 0 
3 0.2890983348369078 -0.06156645049450425 0.09724597715885096 1 0 0 0 1 0 0 0 1 -0 -0 -0 0 0 0 
4 0.2001727829634569 -0.04841471777010499 0.1259889862212814 0.9154751580967103 -0.3981099349361635 0.0584270024297574 0.4002414181985821 0.8860390795816673 -0.2339691360253732 0.04137683006455363 0.2375778381061574 0.9704868514176859 -0 0 0 0 0 0 
5 0.2551501222010734 -0.03934865871658043 0.1049389861703619 0.8868792034560405 -0.4556161702863133 0.07654530587052491 0.4584687420885905 0.8474844693349609 -0.2675378230526388 0.05702360042021655 0.2723673614985334 0.9605021235715425 0 0 0 0 0 0 
1 0.1691218983756246 -0.1005520674326326 0.0786773740939745 0.7849806925916096 -0.5084786583487672 -0.3539135011019426 0.4010225343957191 -0.01838553050165753 0.9158836712023022 -0.4722141878059482 -0.8608782877224923 0.1894791137903022 -0 -0 0 -0 0 0 
2 0.187280957628397 -0.09628957473654438 0.1173631131064723 0.9344774749861378 -0.3530066674388174 0.04624004203363535 0.3546589705286354 0.911659010595098 -0.207593022581048 0.03112657011462719 0.210390449271128 0.9771217915328632 -0 -0 -0 0 0 0 
3 0.2890983348369078 -0.06156645049450425 0.09724597715885096 1 0 0 0 1 0 0 0 1 -0 -0 -0 0 0 0 
4 0.2001727829634569 -0.04841471777010502 0.1259889862212814 0.9154751580967107 -0.3981099349361628 0.05842700242975715 0.4002414181985814 0.8860390795816677 -0.233969136025373 0.04137683006455357 0.2375778381061571 0.9704868514176859 -0 0 0 0 0 0 
5 0.2551501222010734 -0.03934865871658046 0.1049389861703619 0.8868792034560403 -0.4556161702863138 0.07654530587052483 0.4584687420885909 0.8474844693349607 -0.2675378230526392 0.05702360042021692 0.2723673614985336 0.9605021235715424 0 0 0 0 0 0 
1 0.1691218983756246 -0.1005520674326325 0.07867737409397452 0.7849806925916095 -0.5084786583487673 -0.3539135011019426 0.401022534395719 -0.01838553050165756 0.9158836712023022 -0.4722141878059483 -0.8608782877224923 0.1894791137903022 -4.81482486096809e-34 6.500013562306921e-33 -4.670380115139047e-33 6.767978090363152e-33 -2.698338192783242e-32 2.410051124240117e-32 
2 0.187280957628397 -0.09628957473654436 0.1173631131064723 0.9344774749861378 -0.3530066674388175 0.04624004203363542 0.3546589705286355 0.911659010595098 -0.2075930225810481 0.03112657011462718 0.2103904492711281 0.9771217915328632 -7.010573238291573e-19 -9.192252207469878e-19 4.337118685708077e-19 1.12904942805862e-16 4.082407856577645e-18 1.911533792858783e-16 
3 0.2890983348369078 -0.06156645049450425 0.09724597715885096 1 0 0 0 1 0 0 0 1 -0 -0 3.851859888774472e-34 0 0 0 
4 0.2001727829634569 -0.04841471777010499 0.1259889862212814 0.9154751580967105 -0.3981099349361631 0.05842700242975739 0.4002414181985817 0.8860390795816675 -0.233969136025373 0.04137683006455344 0.2375778381061572 0.9704868514176859 -3.474192252304152e-18 -5.241422827122908e-18 2.16397483956385e-18 -5.761883856018917e-18 -2.08337733812744e-19 -9.755140410761417e-18 
5 0.2551501222010734 -0.03934865871658044 0.1049389861703619 0.8868792034560405 -0.4556161702863133 0.07654530587052483 0.4584687420885905 0.8474844693349609 -0.2675378230526388 0.05702360042021661 0.2723673614985333 0.9605021235715425 -1.583101293967194e-18 -2.761827443773277e-18 9.940439861222301e-19 4.239402503050494e-17 1.532879753174429e-18 7.177507861665476e-17 
1 0.1691218983756246 -0.1005520674326325 0.07867737409397452 0.7849806925916095 -0.5084786583487673 -0.3539135011019426 0.401022534395719 -0.01838553050165756 0.9158836712023022 -0.4722141878059483 -0.8608782877224923 0.1894791137903022 -2.574980159653073e-19 -1.443344142121328e-18 4.472333961502706e-19 2.072991268433837e-19 5.084807403961196e-18 -1.06286425186928e-17 
2 0.1872801684205233 -0.09629060980809988 0.117363601358652 0.934401267382022 -0.3532018959401815 0.04628922357452329 0.354856120778627 0.9115562634101888 -0.2077072752303082 0.03116737173416266 0.2105079555311763 0.9770951824654899 -0.0001578190727479316 -0.0002070375019681053 9.763764039456382e-05 0.02542393291743849 0.0009192765250828755 0.04304391438612483 
3 0.2890983348369078 -0.06156645049450425 0.09724597715885096 1 0 0 0 1 0 0 0 1 -6.299752542319213e-20 8.133428676305821e-20 -1.084202172485504e-19 0 0 0 
4 0.2001688717797127 -0.04842061953592615 0.1259914224083571 0.9154795418316989 -0.3981002644632988 0.05842420664308845 0.4002316371801048 0.8860449899683142 -0.2339634850830002 0.04137444969731546 0.2375720000048446 0.9704883820664432 -0.0007821549419899048 -0.001180442821521472 0.0004871910106296214 -0.001295992427810154 -4.686039014243675e-05 -0.00219417614455472 
5 0.2551483398929911 -0.03935176839337644 0.104940105304964 0.8868422490939228 -0.4556841855094694 0.07656858558576107 0.4585376891947903 0.8474346454785902 -0.2675774826671294 0.05704395506917852 0.2724085988348157 0.9604892203824663 -0.0003564405084017787 -0.0006219624595018473 0.000223815031707828 0.009546511663711376 0.0003451820022330192 0.01616269332021797 
1 0.1691218983756246 -0.1005520674326325 0.07867737409397452 0.7849806925916095 -0.5084786583487673 -0.3539135011019426 0.401022534395719 -0.01838553050165756 0.9158836712023022 -0.4722141878059483 -0.8608782877224923 0.1894791137903022 3.496552006265752e-18 3.103528718739756e-18 3.794707603699266e-19 2.426374519984855e-18 -9.531347903089349e-18 2.05057095965608e-17 
2 0.1872778021473182 -0.09629371641383008 0.117365065347275 0.9341723911447164 -0.3537874454390153 0.04643691497826526 0.355447441914019 0.9112476801743296 -0.2080499493239127 0.03128992904662687 0.2108604012768598 0.9770152667761229 -0.0003153680129329472 -0.0004143531519557923 0.000195121667036575 0.05084786583487716 0.001838553050165765 0.08608782877224995 
3 0.2890983348369078 -0.06156645049450425 0.09724597715885096 1 0 0 0 1 0 0 0 1 1.889925762695764e-19 1.626685735261164e-19 -0 0 0 0 
4 0.2001571431385231 -0.04843833021059696 0.1259987281843018 0.9154926626118032 -0.3980713183575934 0.05841583864842211 0.400202360204792 0.8860626801078243 -0.2339465704101115 0.04136732515482353 0.2375545251540935 0.9704929633894045 -0.001563327603497926 -0.002361960712818156 0.0009738247962249413 -0.002583173768753587 -9.340218971337901e-05 -0.00437343470456532 
5 0.255142994236061 -0.0393610990485997 0.1049434619949297 0.8867313475557093 -0.4558882162159141 0.07663844712354342 0.458744516520015 0.8472851220666124 -0.2676964521382074 0.05710504202654905 0.2725323031129296 0.9604504973891723 -0.0007126274146050536 -0.001244249688928891 0.0004474872090307357 0.01909437194423296 0.000690412767644393 0.03232766991213537 
1 0.1691218983756246 -0.1005520674326325 0.07867737409397452 0.7849806925916095 -0.5084786583487673 -0.3539135011019426 0.401022534395719 -0.01838553050165756 0.9158836712023022 -0.4722141878059483 -0.8608782877224923 0.1894791137903022 2.710505431213761e-19 4.580754178751256e-18 -1.978668964786046e-18 4.667970851295738e-18 -1.089088112685954e-17 -1.437947122997307e-17 
2 0.1872738628629879 -0.0962988987230419 0.1173675027667629 0.9337900862855985 -0.3547629071876961 0.04668355640339185 0.3564325443519962 0.9107322362300672 -0.2086207928710447 0.03149469926030047 0.2114475669642837 0.976881779102972 -0.0004723760967897823 -0.000622224320954748 0.0002922981003844252 0.07627179875231815 0.002757829575248761 0.129131743158379 
3 0.2890983348369078 -0.06156645049450425 0.09724597715885096 1 0 0 0 1 0 0 0 1 2.519901016927685e-19 -3.253371470522328e-19 2.168404344971009e-19 0 0 0 
4 0.20013761178632 -0.04846786590343061 0.1260108951831619 0.9155144291797195 -0.3980232925809222 0.05840195653207209 0.4001537855357741 0.886092026962206 -0.2339185064833454 0.04135550610405052 0.2375255319266768 0.9705005635226737 -0.002342532445106492 -0.0035456242808794 0.001459342111547448 -0.003852731635593464 -0.0001393067611226657 -0.006522855893899883 
5 0.255134089040559 -0.03937665554492453 0.104949054093566 0.8865463836129703 -0.456228217222318 0.07675495757870895 0.4590891817866766 0.8470357437418637 -0.2678947031766543 0.05720693025503011 0.2727384509632135 0.96038591435786 -0.001068305452234575 -0.001867184091440867 0.0006708726440897322 0.02864489563507108 0.001035739836432171 0.04849715578300712 
1 0.1691218983756246 -0.1005520674326325 0.07867737409397452 0.7849806925916095 -0.5084786583487673 -0.3539135011019426 0.401022534395719 -0.01838553050165756 0.9158836712023022 -0.4722141878059483 -0.8608782877224923 0.1894791137903022 3.306816626080789e-18 -5.773376568485311e-18 1.734723475976807e-18 5.714815440897826e-18 -3.080863013035339e-17 2.763879475221977e-17 
2 0.1872683573343868 -0.09630616367162088 0.1173709097683938 0.9332530871133595 -0.3561275975018712 0.04702988083048364 0.3578107763254345 0.910008225104443 -0.2094193844601103 0.03178244387667788 0.2122690852192254 0.9766942775103267 -0.0006285714205146791 -0.0008309268234704407 0.0003890122306641342 0.1016957316697685 0.003677106100332055 0.172175657544524 
3 0.2890983348369078 -0.06156645049450425 0.09724597715885096 1 0 0 0 1 0 0 0 1 -2.519901016927685e-19 -3.253371470522328e-19 -4.336808689942018e-19 0 0 0 
4 0.2001103023547406 -0.04850925338885716 0.1260279094280492 0.9155446894970042 -0.3979565138139938 0.05838265707251346 0.4000862436877468 0.8861328255450746 -0.2338794841437176 0.04133907528795362 0.2374852176547312 0.97051112937968 -0.003118777427431885 -0.004732495194534704 0.001943179681257157 -0.005095850983897111 -0.0001842553707015403 -0.008627515427668889 
5 0.2551216306846399 -0.03939844594734011 0.104956878005851 0.8862871656431733 -0.4567041122433402 0.0769182285041238 0.4595716135416231 0.8466862521485423 -0.2681721880609622 0.05734973446267407 0.2730270028452817 0.9602954043805392 -0.001423216038083922 -0.002491083330634418 0.0008938253886945733 0.03819932992418194 0.001381208304318277 0.06467326248071149 
1 0.1691218983756246 -0.1005520674326325 0.07867737409397452 0.7849806925916095 -0.5084786583487673 -0.3539135011019426 0.401022534395719 -0.01838553050165756 0.9158836712023022 -0.4722141878059483 -0.8608782877224923 0.1894791137903022 -2.981555974335137e-18 -1.019150042136374e-17 -1.192622389734055e-18 -9.628361634050001e-18 -2.604237583832167e-17 -2.374196208890597e-17 
2 0.1872612950557442 -0.09631552094254998 0.117375280951188 0.9325596236763499 -0.3578805541071766 0.04747691313222551 0.3595812201932466 0.9090732604536406 -0.2104451311209723 0.03215422791734449 0.2133244386377884 0.9764521439921732 -0.0007836803161711083 -0.001040734133215266 0.0004851082561231779 0.1271196645872429 0.00459638262541624 0.2152195719307096 
3 0.2890983348369078 -0.06156645049450425 0.09724597715885096 1 0 0 0 1 0 0 0 1 -2.519901016927685e-19 1.084457156840776e-18 -4.336808689942018e-19 0 0 0 
4 0.2000752494416908 -0.04856252999456544 0.1260497512808712 0.9155832308278326 -0.3978714395734257 0.05835807569340992 0.4000001975419333 0.8861847890345796 -0.2338297706669362 0.04131814847354943 0.2374338586964957 0.9705245866804253 -0.003891060805942631 -0.005923621683978993 0.002424768210653347 -0.006303712642569344 -0.0002279291355695333 -0.01067248203434931 
5 0.2551056281556775 -0.03942648146384322 0.104966928662749 0.8859534262704867 -0.4573157924256598 0.07712841550087909 0.4601917096740096 0.846236286796176 -0.2685288387803665 0.05753361475604901 0.2733979021636977 0.9601788740987752 -0.001777095642519025 -0.00311625794572358 0.001116196420888933 0.04775882069364788 0.001726859604015128 0.0808579300375169 
1 0.1691218983756246 -0.1005520674326325 0.07867737409397452 0.7849806925916095 -0.5084786583487673 -0.3539135011019426 0.401022534395719 -0.01838553050165756 0.9158836712023022 -0.4722141878059483 -0.8608782877224923 0.1894791137903022 1.192622389734055e-18 1.431146867680866e-17 -1.734723475976807e-18 -2.843240698936299e-17 1.74914565159118e-17 3.381088609316528e-17 
2 0.187252688269197 -0.09632698293855074 0.1173806093491958 0.9317074237973525 -0.3600205310330545 0.04802596876251632 0.3617426872828894 0.9079242788063767 -0.2116972653372605 0.03261141883228076 0.2146129567118403 0.9761545851826683 -0.0009374267747312439 -0.001251916591559625 0.00058042892534453 0.1525435975047667 0.005515659150502264 0.2582634863169788 
3 0.2890983348369078 -0.06156645049450425 0.09724597715885096 1 0 0 0 1 0 0 0 1 3.779851525391528e-19 2.168914313681552e-19 4.336808689942018e-19 0 0 0 
4 0.2000324977242053 -0.04862774344446359 0.1260763953723165 0.9156297798525787 -0.3977686583770567 0.05832838640006147 0.3998962425085339 0.8862475489265409 -0.2337697098626213 0.04129287438135398 0.2373718105306836 0.9705408399911417 -0.004658367979646169 -0.007120034002836525 0.002903530427432721 -0.007467491676106886 -0.000270008964417353 -0.01264281468300352 
5 0.2550860931077373 -0.03946077636219816 0.1049791994854865 0.8855448232699654 -0.4580631143030622 0.07738571764056727 0.4609493353475864 0.8456853862786943 -0.2689645658395808 0.05775877615033227 0.27385107403411 0.9600362040194007 -0.002129674194501099 -0.003743008948794299 0.001337832651560868 0.05732437894176119 0.002072730291117759 0.09705287012109039 
1 0.1691218983756246 -0.1005520674326325 0.07867737409397452 0.7849806925916095 -0.5084786583487673 -0.3539135011019426 0.401022534395719 -0.01838553050165756 0.9158836712023022 -0.4722141878059483 -0.8608782877224923 0.1894791137903022 1.095044194210359e-17 1.13841228110978e-18 -8.348356728138384e-18 -3.81118627644306e-17 -8.562398383224752e-18 1.008244088900906e-17 
2 0.1872425519910466 -0.09634056474676328 0.117386886415235 0.930693715716234 -0.3625459920621816 0.04867865205568322 0.3642937112731507 0.9065575431268657 -0.2131748412140032 0.03315568508030114 0.2161338118838181 0.975800633278861 -0.001089531878675132 -0.001464740606384434 0.0006748151850008156 0.1779675304223791 0.006434935675591433 0.301307400703398 
3 0.2890983348369078 -0.06156645049450425 0.09724597715885096 1 0 0 0 1 0 0 0 1 -3.779851525391528e-19 -6.506742941044656e-19 -0 0 0 0 
4 0.1999821021024764 -0.0487049516560218 0.1261078105124561 0.9156840028075475 -0.3976488899588915 0.05829380170145876 0.3997751067381463 0.8863206552228422 -0.2336997222032056 0.04126343459833866 0.2372995078794162 0.9705597727730815 -0.005419668411776124 -0.008322739840633506 0.003378879164915575 -0.008578355523772672 -0.0003101754902230369 -0.01452355943281507 
