1 0.1691218983756246 -0.09547353464084478 0.08476822307022427 0.7849806925916095 -0.5084786583487673 -0.3539135011019426 0.3709322536707228 -0.07179637054073426 0.9258804158010558 -0.4962001364824032 -0.8580761826207596 0.1322523700121443 -0 -0 -0 0 0 0 
2 0.187280957628397 -0.08881751976195056 0.1231147054755145 0.9344774749861378 -0.3530066674388175 0.04624004203363545 0.3559072648950757 0.9229621528781322 -0.1465294617115262 0.009048068215850184 0.1533856482800895 0.9881249796272017 0 -0 -0 0 -0 0 
3 0.2921457001247951 -0.06156645049450425 0.08766708149383075 0.9994569673662684 0 0.03295103007527835 0 1 0 -0.03295103007527835 0 0.9994569673662684 -0 -0 -0 0 0 0 
4 0.2036821009492573 -0.04430556368926078 0.1269906099636489 0.9562268098272203 -0.2908642675838232 0.03206658713650674 0.292622916552629 0.9499115929318703 -0.109725996563577 0.001454948758642181 0.1143063579008753 0.993444482428458 -0 -0 -0 0 0 0 
5 0.2627890434935195 -0.0392734343668157 0.1031979585896164 0.8733323161956197 -0.4796409930288102 0.08505988064140961 0.4859084457176377 0.8454349394146077 -0.221659075152109 0.03440418388312136 0.2349133479037654 0.9714072632567562 0 0 0 0 0 0 
1 0.1691218983756246 -0.09547353464084481 0.08476822307022427 0.7849806925916095 -0.5084786583487673 -0.3539135011019425 0.3709322536707229 -0.07179637054073375 0.9258804158010558 -0.496200136482403 -0.8580761826207597 0.1322523700121448 -0 -0 -0 0 0 0 
2 0.187280957628397 -0.08881751976195057 0.1231147054755145 0.9344774749861378 -0.3530066674388174 0.04624004203363544 0.3559072648950757 0.9229621528781322 -0.1465294617115263 0.009048068215850219 0.1533856482800896 0.9881249796272017 0 -0 -0 0 -0 0 
3 0.292145700124795 -0.06156645049450425 0.08766708149383079 0.9994569673662684 0 0.03295103007527822 0 1 0 -0.03295103007527822 0 0.9994569673662684 -0 -0 -0 0 0 0 
4 0.2036821009492573 -0.04430556368926078 0.1269906099636489 0.9562268098272201 -0.2908642675838236 0.03206658713650677 0.2926229165526293 0.94991159293187 -0.1097259965635773 0.001454948758642299 0.1143063579008757 0.993444482428458 -0 0 -0 0 0 0 
5 0.2627890434935194 -0.03927343436681569 0.1031979585896164 0.8733323161956198 -0.47964099302881 0.08505988064140947 0.4859084457176375 0.8454349394146078 -0.221659075152109 0.03440418388312141 0.2349133479037654 0.9714072632567562 0 0 0 0 -0 0 
1 0.1691218983756246 -0.09547353464084479 0.08476822307022427 0.7849806925916095 -0.5084786583487673 -0.3539135011019425 0.370932253670723 -0.0717963705407338 0.9258804158010557 -0.496200136482403 -0.8580761826207597 0.1322523700121448 -0 -0 -0 0 0 0 
2 0.187280957628397 -0.08881751976195057 0.1231147054755145 0.9344774749861378 -0.3530066674388174 0.04624004203363549 0.3559072648950757 0.9229621528781322 -0.1465294617115263 0.009048068215850177 0.1533856482800896 0.9881249796272017 0 -0 -0 0 -0 0 
3 0.292145700124795 -0.06156645049450425 0.08766708149383079 0.9994569673662684 0 0.03295103007527823 0 1 0 -0.03295103007527823 0 0.9994569673662684 -0 -0 -0 0 0 0 
4 0.2036821009492573 -0.04430556368926077 0.1269906099636489 0.9562268098272201 -0.2908642675838238 0.03206658713650688 0.2926229165526295 0.9499115929318699 -0.1097259965635775 0.001454948758642285 0.1143063579008759 0.9934444824284578 -0 0 -0 0 0 0 
5 0.2627890434935194 -0.03927343436681568 0.1031979585896164 0.87333231619562 -0.4796409930288098 0.0850598806414094 0.4859084457176372 0.8454349394146079 -0.221659075152109 0.03440418388312141 0.2349133479037653 0.9714072632567563 0 0 0 0 -0 0 
1 0.1691218983756246 -0.09547353464084476 0.08476822307022427 0.7849806925916096 -0.5084786583487672 -0.3539135011019426 0.370932253670723 -0.071796370540734 0.9258804158010558 -0.4962001364824031 -0.8580761826207598 0.1322523700121445 -0 -0 -0 0 0 0 
2 0.187280957628397 -0.08881751976195054 0.1231147054755145 0.9344774749861378 -0.3530066674388175 0.04624004203363548 0.3559072648950758 0.9229621528781322 -0.1465294617115263 0.009048068215850191 0.1533856482800896 0.9881249796272017 0 -0 -0 0 -0 0 
3 0.292145700124795 -0.06156645049450425 0.0876670814938308 0.9994569673662684 0 0.03295103007527816 0 1 0 -0.03295103007527816 0 0.9994569673662684 -0 -0 -0 0 0 0 
4 0.2036821009492573 -0.04430556368926073 0.1269906099636489 0.9562268098272201 -0.2908642675838239 0.03206658713650685 0.2926229165526296 0.9499115929318699 -0.1097259965635774 0.001454948758642292 0.1143063579008758 0.9934444824284578 -0 0 -0 0 0 0 
5 0.2627890434935194 -0.03927343436681566 0.1031979585896164 0.8733323161956202 -0.4796409930288095 0.08505988064140925 0.4859084457176369 0.8454349394146081 -0.2216590751521087 0.03440418388312129 0.234913347903765 0.9714072632567563 0 0 0 0 -0 0 
1 0.1691218983756246 -0.09547353464084483 0.08476822307022425 0.7849806925916095 -0.5084786583487673 -0.3539135011019426 0.3709322536707233 -0.07179637054073348 0.9258804158010557 -0.4962001364824029 -0.8580761826207598 0.1322523700121452 -0 -0 -0 0 0 0 
2 0.187280957628397 -0.08881751976195061 0.1231147054755145 0.9344774749861378 -0.3530066674388175 0.04624004203363553 0.3559072648950758 0.9229621528781322 -0.1465294617115267 0.009048068215850295 0.15338564828009 0.9881249796272017 0 -0 -0 0 -0 0 
3 0.292145700124795 -0.06156645049450425 0.08766708149383079 0.9994569673662684 0 0.03295103007527823 0 1 0 -0.03295103007527823 0 0.9994569673662684 -0 -0 -0 0 0 0 
4 0.2036821009492573 -0.04430556368926079 0.1269906099636489 0.9562268098272199 -0.2908642675838244 0.03206658713650701 0.2926229165526301 0.9499115929318697 -0.1097259965635782 0.001454948758642428 0.1143063579008766 0.9934444824284578 -0 0 -0 0 0 0 
5 0.2627890434935194 -0.03927343436681568 0.1031979585896164 0.8733323161956201 -0.4796409930288096 0.08505988064140944 0.4859084457176369 0.8454349394146079 -0.2216590751521093 0.03440418388312144 0.2349133479037656 0.9714072632567562 0 0 0 0 -0 0 
1 0.1691218983756246 -0.09547353464084478 0.0847682230702243 0.7849806925916096 -0.5084786583487672 -0.3539135011019426 0.3709322536707229 -0.07179637054073419 0.9258804158010558 -0.4962001364824031 -0.8580761826207597 0.1322523700121443 -0 -0 -0 0 0 0 
2 0.187280957628397 -0.08881751976195053 0.1231147054755146 0.9344774749861378 -0.3530066674388175 0.04624004203363549 0.3559072648950758 0.9229621528781322 -0.146529461711526 0.009048068215850094 0.1533856482800894 0.9881249796272018 0 -0 -0 0 -0 0 
3 0.292145700124795 -0.06156645049450425 0.08766708149383083 0.9994569673662684 0 0.03295103007527808 0 1 0 -0.03295103007527808 0 0.9994569673662684 -0 -0 -0 0 0 0 
4 0.2036821009492573 -0.04430556368926071 0.1269906099636489 0.95622680982722 -0.2908642675838243 0.03206658713650681 0.29262291655263 0.9499115929318698 -0.1097259965635774 0.001454948758642376 0.1143063579008758 0.9934444824284578 -0 0 -0 0 0 0 
5 0.2627890434935194 -0.03927343436681565 0.1031979585896164 0.8733323161956204 -0.4796409930288094 0.0850598806414091 0.4859084457176367 0.8454349394146083 -0.2216590751521084 0.03440418388312122 0.2349133479037647 0.9714072632567564 0 0 0 0 -0 0 
1 0.1691218983756246 -0.09547353464084476 0.08476822307022427 0.7849806925916095 -0.5084786583487673 -0.3539135011019426 0.3709322536707228 -0.07179637054073426 0.9258804158010558 -0.4962001364824032 -0.8580761826207596 0.1322523700121443 -0 -0 -0 0 0 0 
2 0.187280957628397 -0.08881751976195051 0.1231147054755145 0.9344774749861378 -0.3530066674388176 0.04624004203363549 0.3559072648950758 0.9229621528781322 -0.1465294617115262 0.009048068215850157 0.1533856482800895 0.9881249796272017 0 -0 -0 0 -0 0 
3 0.292145700124795 -0.06156645049450425 0.08766708149383073 0.9994569673662684 0 0.03295103007527837 0 1 0 -0.03295103007527837 0 0.9994569673662684 -0 -0 -0 0 0 0 
4 0.2036821009492573 -0.04430556368926077 0.1269906099636489 0.9562268098272204 -0.2908642675838228 0.03206658713650661 0.2926229165526285 0.9499115929318704 -0.1097259965635766 0.00145494875864215 0.114306357900875 0.993444482428458 -0 0 -0 0 0 0 
5 0.2627890434935195 -0.0392734343668157 0.1031979585896164 0.8733323161956196 -0.4796409930288104 0.08505988064140957 0.4859084457176379 0.8454349394146076 -0.221659075152109 0.03440418388312143 0.2349133479037654 0.9714072632567562 0 0 0 0 -0 0 
1 0.1691218983756246 -0.09547353464084479 0.08476822307022427 0.7849806925916096 -0.5084786583487672 -0.3539135011019426 0.370932253670723 -0.071796370540734 0.9258804158010558 -0.4962001364824031 -0.8580761826207598 0.1322523700121445 -0 -0 -0 0 0 0 
2 0.187280957628397 -0.08881751976195056 0.1231147054755145 0.9344774749861378 -0.3530066674388175 0.04624004203363549 0.3559072648950758 0.9229621528781322 -0.1465294617115263 0.009048068215850191 0.1533856482800896 0.9881249796272017 0 -0 -0 0 -0 0 
3 0.292145700124795 -0.06156645049450425 0.0876670814938308 0.9994569673662684 0 0.03295103007527816 0 1 0 -0.03295103007527816 0 0.9994569673662684 -0 -0 -0 0 0 0 
4 0.2036821009492573 -0.04430556368926077 0.1269906099636489 0.95622680982722 -0.290864267583824 0.03206658713650681 0.2926229165526297 0.9499115929318698 -0.1097259965635774 0.001454948758642351 0.1143063579008758 0.9934444824284578 -0 0 -0 0 0 0 
5 0.2627890434935194 -0.03927343436681568 0.1031979585896164 0.87333231619562 -0.4796409930288098 0.08505988064140921 0.4859084457176371 0.8454349394146079 -0.2216590751521088 0.03440418388312148 0.2349133479037651 0.9714072632567563 0 0 0 0 -0 0 
1 0.1691218983756246 -0.09547353464084475 0.0847682230702243 0.7849806925916096 -0.5084786583487672 -0.3539135011019425 0.3709322536707227 -0.07179637054073414 0.9258804158010558 -0.4962001364824032 -0.8580761826207597 0.1322523700121443 -0 -0 -0 0 0 0 
2 0.1872809576283969 -0.08881751976195051 0.1231147054755145 0.9344774749861378 -0.3530066674388174 0.04624004203363537 0.3559072648950757 0.9229621528781322 -0.146529461711526 0.009048068215850191 0.1533856482800893 0.9881249796272018 0 -0 -0 0 -0 0 
3 0.292145700124795 -0.06156645049450425 0.08766708149383078 0.9994569673662684 0 0.03295103007527826 0 1 0 -0.03295103007527826 0 0.9994569673662684 -0 -0 -0 0 0 0 
4 0.2036821009492573 -0.04430556368926073 0.1269906099636489 0.9562268098272202 -0.2908642675838236 0.03206658713650667 0.2926229165526292 0.9499115929318702 -0.109725996563577 0.001454948758642285 0.1143063579008753 0.993444482428458 -0 0 -0 0 0 0 
5 0.2627890434935194 -0.03927343436681567 0.1031979585896164 0.87333231619562 -0.4796409930288098 0.08505988064140924 0.4859084457176371 0.8454349394146079 -0.2216590751521086 0.03440418388312134 0.2349133479037649 0.9714072632567563 0 0 0 0 -0 0 
1 0.1691218983756246 -0.09547353464084475 0.08476822307022429 0.7849806925916095 -0.5084786583487673 -0.3539135011019427 0.3709322536707229 -0.07179637054073429 0.9258804158010558 -0.4962001364824032 -0.8580761826207596 0.1322523700121443 -0 -0 -0 0 0 0 
2 0.187280957628397 -0.08881751976195051 0.1231147054755145 0.9344774749861378 -0.3530066674388176 0.04624004203363532 0.3559072648950758 0.9229621528781322 -0.1465294617115262 0.009048068215850302 0.1533856482800894 0.9881249796272018 0 -0 -0 0 -0 0 
3 0.292145700124795 -0.06156645049450425 0.08766708149383086 0.9994569673662684 0 0.03295103007527799 0 1 0 -0.03295103007527799 0 0.9994569673662684 -0 -0 -0 0 0 0 
4 0.2036821009492573 -0.04430556368926072 0.1269906099636489 0.95622680982722 -0.2908642675838241 0.03206658713650659 0.2926229165526297 0.9499115929318699 -0.1097259965635774 0.001454948758642549 0.1143063579008757 0.9934444824284578 -0 0 -0 0 0 0 
5 0.2627890434935194 -0.03927343436681566 0.1031979585896165 0.8733323161956204 -0.4796409930288094 0.08505988064140887 0.4859084457176367 0.8454349394146085 -0.2216590751521085 0.03440418388312147 0.2349133479037647 0.9714072632567564 0 0 0 0 -0 0 
1 0.1691218983756246 -0.09547353464084481 0.08476822307022427 0.7849806925916096 -0.5084786583487672 -0.3539135011019425 0.370932253670723 -0.07179637054073373 0.9258804158010557 -0.4962001364824029 -0.8580761826207598 0.1322523700121448 -0 -0 -0 0 0 0 
2 0.187280957628397 -0.08881751976195057 0.1231147054755145 0.9344774749861378 -0.3530066674388175 0.04624004203363545 0.3559072648950757 0.9229621528781322 -0.1465294617115263 0.009048068215850219 0.1533856482800896 0.9881249796272017 0 -0 -0 0 -0 0 
3 0.292145700124795 -0.06156645049450425 0.08766708149383075 0.9994569673662684 0 0.0329510300752783 0 1 0 -0.0329510300752783 0 0.9994569673662684 -0 -0 -0 0 0 0 
4 0.2036821009492573 -0.04430556368926079 0.1269906099636489 0.9562268098272201 -0.2908642675838238 0.03206658713650681 0.2926229165526295 0.9499115929318699 -0.1097259965635774 0.00145494875864232 0.1143063579008758 0.9934444824284578 -0 0 -0 0 0 0 
5 0.2627890434935195 -0.03927343436681569 0.1031979585896164 0.8733323161956199 -0.4796409930288101 0.08505988064140944 0.4859084457176375 0.8454349394146078 -0.221659075152109 0.03440418388312141 0.2349133479037653 0.9714072632567563 0 0 0 0 -0 0 
1 0.1691218983756246 -0.09547353464084478 0.08476822307022427 0.7849806925916095 -0.5084786583487673 -0.3539135011019427 0.370932253670723 -0.07179637054073409 0.9258804158010558 -0.4962001364824032 -0.8580761826207597 0.1322523700121445 -0 -0 -0 0 0 0 
2 0.187280957628397 -0.08881751976195056 0.1231147054755145 0.9344774749861378 -0.3530066674388176 0.0462400420336353 0.3559072648950758 0.9229621528781322 -0.1465294617115264 0.009048068215850372 0.1533856482800896 0.9881249796272018 0 -0 -0 0 -0 0 
3 0.292145700124795 -0.06156645049450425 0.08766708149383085 0.9994569673662684 0 0.03295103007527803 0 1 0 -0.03295103007527803 0 0.9994569673662684 -0 -0 -0 0 0 0 
4 0.2036821009492573 -0.04430556368926076 0.1269906099636489 0.95622680982722 -0.2908642675838241 0.03206658713650665 0.2926229165526297 0.9499115929318698 -0.1097259965635776 0.001454948758642549 0.1143063579008759 0.9934444824284578 -0 0 -0 0 0 0 
5 0.2627890434935194 -0.03927343436681568 0.1031979585896165 0.8733323161956201 -0.4796409930288096 0.08505988064140901 0.4859084457176369 0.845434939414608 -0.2216590751521088 0.03440418388312159 0.234913347903765 0.9714072632567563 0 0 0 0 -0 0 
1 0.1691218983756246 -0.09547353464084483 0.08476822307022425 0.7849806925916096 -0.5084786583487672 -0.3539135011019426 0.3709322536707232 -0.0717963705407336 0.9258804158010557 -0.4962001364824029 -0.8580761826207598 0.132252370012145 -0 -0 -0 0 0 0 
2 0.187280957628397 -0.08881751976195061 0.1231147054755145 0.9344774749861378 -0.3530066674388176 0.04624004203363544 0.3559072648950758 0.9229621528781322 -0.1465294617115266 0.009048068215850351 0.1533856482800899 0.9881249796272017 0 -0 -0 0 -0 0 
3 0.292145700124795 -0.06156645049450425 0.08766708149383079 0.9994569673662684 0 0.03295103007527821 0 1 0 -0.03295103007527821 0 0.9994569673662684 -0 -0 -0 0 0 0 
4 0.2036821009492573 -0.04430556368926082 0.1269906099636489 0.9562268098272201 -0.2908642675838239 0.03206658713650676 0.2926229165526296 0.9499115929318699 -0.1097259965635778 0.00145494875864249 0.1143063579008761 0.9934444824284578 -0 0 -0 0 0 0 
5 0.2627890434935194 -0.03927343436681571 0.1031979585896164 0.8733323161956197 -0.4796409930288103 0.08505988064140957 0.4859084457176377 0.8454349394146075 -0.2216590751521094 0.03440418388312161 0.2349133479037658 0.9714072632567561 0 0 0 0 -0 0 
1 0.1691218983756246 -0.09547353464084478 0.0847682230702243 0.7849806925916095 -0.5084786583487673 -0.3539135011019426 0.3709322536707228 -0.07179637054073426 0.9258804158010558 -0.4962001364824032 -0.8580761826207596 0.1322523700121443 -0 -0 -0 0 0 0 
2 0.187280957628397 -0.08881751976195053 0.1231147054755145 0.9344774749861378 -0.3530066674388175 0.04624004203363544 0.3559072648950758 0.9229621528781322 -0.1465294617115262 0.009048068215850177 0.1533856482800895 0.9881249796272017 0 -0 -0 0 -0 0 
3 0.292145700124795 -0.06156645049450425 0.08766708149383082 0.9994569673662684 0 0.03295103007527814 0 1 0 -0.03295103007527814 0 0.9994569673662684 -0 -0 -0 0 0 0 
4 0.2036821009492573 -0.04430556368926073 0.1269906099636489 0.9562268098272201 -0.2908642675838239 0.0320665871365067 0.2926229165526296 0.9499115929318701 -0.1097259965635773 0.001454948758642386 0.1143063579008756 0.993444482428458 -0 0 -0 0 0 0 
5 0.2627890434935194 -0.03927343436681566 0.1031979585896164 0.87333231619562 -0.4796409930288098 0.08505988064140911 0.4859084457176371 0.8454349394146079 -0.2216590751521087 0.0344041838831215 0.2349133479037649 0.9714072632567563 0 0 0 0 -0 0 
1 0.1691218983756246 -0.09547353464084482 0.08476822307022423 0.7849806925916095 -0.5084786583487673 -0.3539135011019426 0.3709322536707232 -0.07179637054073368 0.9258804158010557 -0.496200136482403 -0.8580761826207597 0.132252370012145 -0 -0 -0 0 0 0 
2 0.187280957628397 -0.0888175197619506 0.1231147054755145 0.9344774749861378 -0.3530066674388175 0.04624004203363553 0.3559072648950758 0.9229621528781322 -0.1465294617115268 0.009048068215850309 0.15338564828009 0.9881249796272017 0 -0 -0 0 -0 0 
3 0.292145700124795 -0.06156645049450425 0.08766708149383075 0.9994569673662684 0 0.03295103007527835 0 1 0 -0.03295103007527835 0 0.9994569673662684 -0 -0 -0 0 0 0 
4 0.2036821009492573 -0.0443055636892608 0.1269906099636489 0.9562268098272201 -0.2908642675838239 0.03206658713650697 0.2926229165526297 0.9499115929318699 -0.1097259965635779 0.001454948758642313 0.1143063579008763 0.9934444824284578 -0 0 -0 0 0 0 
5 0.2627890434935194 -0.0392734343668157 0.1031979585896164 0.8733323161956198 -0.47964099302881 0.08505988064140962 0.4859084457176375 0.8454349394146076 -0.2216590751521094 0.03440418388312148 0.2349133479037658 0.9714072632567561 0 0 0 0 -0 0 
1 0.1691218983756246 -0.09547353464084478 0.08476822307022429 0.7849806925916095 -0.5084786583487673 -0.3539135011019426 0.3709322536707228 -0.07179637054073426 0.9258804158010558 -0.4962001364824032 -0.8580761826207596 0.1322523700121443 -0 -0 -0 0 0 0 
2 0.187280957628397 -0.08881751976195053 0.1231147054755145 0.9344774749861378 -0.3530066674388175 0.04624004203363531 0.3559072648950757 0.9229621528781322 -0.1465294617115262 0.009048068215850288 0.1533856482800894 0.9881249796272018 0 -0 -0 0 -0 0 
3 0.292145700124795 -0.06156645049450425 0.08766708149383085 0.9994569673662684 0 0.03295103007527801 0 1 0 -0.03295103007527801 0 0.9994569673662684 -0 -0 -0 0 0 0 
4 0.2036821009492573 -0.04430556368926071 0.1269906099636489 0.95622680982722 -0.2908642675838243 0.03206658713650676 0.29262291655263 0.9499115929318698 -0.1097259965635776 0.001454948758642501 0.114306357900876 0.9934444824284578 -0 0 -0 0 0 0 
5 0.2627890434935194 -0.03927343436681565 0.1031979585896165 0.8733323161956205 -0.4796409930288092 0.08505988064140889 0.4859084457176366 0.8454349394146086 -0.2216590751521085 0.03440418388312143 0.2349133479037647 0.9714072632567564 0 0 0 0 -0 0 
1 0.1691218983756246 -0.09547353464084476 0.0847682230702243 0.7849806925916095 -0.5084786583487673 -0.3539135011019426 0.3709322536707228 -0.07179637054073426 0.9258804158010558 -0.4962001364824032 -0.8580761826207596 0.1322523700121443 -0 -0 -0 0 0 0 
2 0.187280957628397 -0.08881751976195051 0.1231147054755145 0.9344774749861378 -0.3530066674388176 0.04624004203363542 0.3559072648950758 0.9229621528781322 -0.1465294617115261 0.00904806821585017 0.1533856482800894 0.9881249796272018 0 -0 -0 0 -0 0 
3 0.292145700124795 -0.06156645049450425 0.08766708149383078 0.9994569673662684 0 0.03295103007527823 0 1 0 -0.03295103007527823 0 0.9994569673662684 -0 -0 -0 0 0 0 
4 0.2036821009492573 -0.04430556368926075 0.1269906099636489 0.9562268098272202 -0.2908642675838234 0.03206658713650648 0.2926229165526291 0.9499115929318702 -0.1097259965635768 0.001454948758642393 0.1143063579008751 0.993444482428458 -0 0 -0 0 0 0 
5 0.2627890434935195 -0.03927343436681569 0.1031979585896164 0.8733323161956199 -0.4796409930288102 0.08505988064140925 0.4859084457176375 0.8454349394146078 -0.2216590751521088 0.0344041838831215 0.234913347903765 0.9714072632567563 0 0 0 0 -0 0 
1 0.1691218983756246 -0.09547353464084478 0.08476822307022427 0.7849806925916095 -0.5084786583487673 -0.3539135011019426 0.370932253670723 -0.07179637054073383 0.9258804158010557 -0.496200136482403 -0.8580761826207597 0.1322523700121448 -0 -0 -0 0 0 0 
2 0.187280957628397 -0.08881751976195056 0.1231147054755145 0.9344774749861378 -0.3530066674388176 0.04624004203363542 0.3559072648950758 0.9229621528781322 -0.1465294617115263 0.009048068215850275 0.1533856482800896 0.9881249796272017 0 -0 -0 0 -0 0 
3 0.292145700124795 -0.06156645049450425 0.08766708149383079 0.9994569673662684 0 0.03295103007527819 0 1 0 -0.03295103007527819 0 0.9994569673662684 -0 -0 -0 0 0 0 
4 0.2036821009492573 -0.04430556368926077 0.1269906099636489 0.9562268098272201 -0.2908642675838236 0.03206658713650668 0.2926229165526293 0.9499115929318701 -0.1097259965635773 0.001454948758642372 0.1143063579008756 0.993444482428458 -0 0 -0 0 0 0 
5 0.2627890434935194 -0.03927343436681568 0.1031979585896164 0.8733323161956199 -0.47964099302881 0.08505988064140933 0.4859084457176373 0.8454349394146078 -0.2216590751521089 0.03440418388312144 0.2349133479037652 0.9714072632567563 0 0 0 0 -0 0 
1 0.1691218983756246 -0.09547353464084479 0.08476822307022425 0.7849806925916095 -0.5084786583487673 -0.3539135011019426 0.370932253670723 -0.07179637054073386 0.9258804158010557 -0.496200136482403 -0.8580761826207597 0.1322523700121448 -0 -0 -0 0 0 0 
2 0.187280957628397 -0.08881751976195056 0.1231147054755145 0.9344774749861378 -0.3530066674388176 0.04624004203363535 0.3559072648950758 0.9229621528781322 -0.1465294617115264 0.009048068215850344 0.1533856482800897 0.9881249796272017 0 -0 -0 0 -0 0 
3 0.292145700124795 -0.06156645049450425 0.08766708149383079 0.9994569673662684 0 0.03295103007527816 0 1 0 -0.03295103007527816 0 0.9994569673662684 -0 -0 -0 0 0 0 
4 0.2036821009492573 -0.04430556368926077 0.1269906099636489 0.95622680982722 -0.290864267583824 0.0320665871365067 0.2926229165526297 0.9499115929318698 -0.1097259965635776 0.001454948758642518 0.114306357900876 0.9934444824284578 -0 0 -0 0 0 0 
5 0.2627890434935194 -0.03927343436681568 0.1031979585896164 0.87333231619562 -0.4796409930288098 0.08505988064140919 0.4859084457176371 0.8454349394146079 -0.2216590751521089 0.03440418388312155 0.2349133479037652 0.9714072632567563 0 0 0 0 -0 0 
1 0.1691218983756246 -0.09547353464084478 0.08476822307022426 0.7849806925916096 -0.5084786583487672 -0.3539135011019426 0.3709322536707231 -0.07179637054073379 0.9258804158010557 -0.4962001364824029 -0.8580761826207598 0.1322523700121448 -0 -0 -0 0 0 0 
2 0.187280957628397 -0.08881751976195056 0.1231147054755145 0.9344774749861378 -0.3530066674388176 0.0462400420336354 0.3559072648950759 0.9229621528781322 -0.1465294617115264 0.009048068215850316 0.1533856482800897 0.9881249796272017 0 -0 -0 0 -0 0 
3 0.292145700124795 -0.06156645049450425 0.08766708149383078 0.9994569673662684 0 0.03295103007527824 0 1 0 -0.03295103007527824 0 0.9994569673662684 -0 -0 -0 0 0 0 
4 0.2036821009492573 -0.04430556368926077 0.1269906099636489 0.9562268098272201 -0.2908642675838239 0.0320665871365067 0.2926229165526296 0.9499115929318699 -0.1097259965635775 0.001454948758642473 0.1143063579008759 0.9934444824284578 -0 0 -0 0 0 0 
5 0.2627890434935194 -0.03927343436681568 0.1031979585896164 0.87333231619562 -0.4796409930288098 0.08505988064140935 0.4859084457176371 0.8454349394146079 -0.2216590751521089 0.0344041838831214 0.2349133479037652 0.9714072632567563 0 0 0 0 -0 0 
1 0.1691218983756246 -0.09547353464084479 0.08476822307022427 0.7849806925916095 -0.5084786583487673 -0.3539135011019426 0.370932253670723 -0.07179637054073386 0.9258804158010557 -0.496200136482403 -0.8580761826207597 0.1322523700121448 -0 -0 -0 0 0 0 
2 0.187280957628397 -0.08881751976195056 0.1231147054755145 0.9344774749861378 -0.3530066674388176 0.04624004203363533 0.3559072648950758 0.9229621528781322 -0.1465294617115263 0.00904806821585033 0.1533856482800895 0.9881249796272018 0 -0 -0 0 -0 0 
3 0.292145700124795 -0.06156645049450425 0.08766708149383086 0.9994569673662684 0 0.03295103007527798 0 1 0 -0.03295103007527798 0 0.9994569673662684 -0 -0 -0 0 0 0 
4 0.2036821009492573 -0.04430556368926074 0.1269906099636489 0.9562268098272199 -0.2908642675838244 0.03206658713650671 0.2926229165526301 0.9499115929318697 -0.1097259965635778 0.001454948758642605 0.1143063579008761 0.9934444824284578 -0 0 -0 0 0 0 
5 0.2627890434935194 -0.03927343436681566 0.1031979585896165 0.8733323161956204 -0.4796409930288094 0.08505988064140901 0.4859084457176367 0.8454349394146082 -0.2216590751521086 0.03440418388312143 0.2349133479037648 0.9714072632567563 0 0 0 0 -0 0 
1 0.1691218983756246 -0.09547353464084476 0.08476822307022427 0.7849806925916095 -0.5084786583487673 -0.3539135011019426 0.3709322536707228 -0.07179637054073426 0.9258804158010558 -0.4962001364824032 -0.8580761826207596 0.1322523700121443 -0 -0 -0 0 0 0 
2 0.187280957628397 -0.08881751976195053 0.1231147054755145 0.9344774749861378 -0.3530066674388176 0.0462400420336354 0.3559072648950758 0.9229621528781322 -0.1465294617115263 0.009048068215850268 0.1533856482800895 0.9881249796272017 0 -0 -0 0 -0 0 
3 0.2921457001247951 -0.06156645049450425 0.08766708149383075 0.9994569673662684 0 0.03295103007527832 0 1 0 -0.03295103007527832 0 0.9994569673662684 -0 -0 -0 0 0 0 
4 0.2036821009492573 -0.04430556368926077 0.1269906099636489 0.9562268098272204 -0.2908642675838229 0.03206658713650638 0.2926229165526286 0.9499115929318704 -0.1097259965635768 0.001454948758642417 0.1143063579008751 0.993444482428458 -0 0 -0 0 0 0 
5 0.2627890434935195 -0.0392734343668157 0.1031979585896164 0.8733323161956197 -0.4796409930288105 0.08505988064140937 0.4859084457176378 0.8454349394146075 -0.2216590751521091 0.03440418388312164 0.2349133479037653 0.9714072632567562 0 0 0 0 -0 0 
1 0.1691218983756246 -0.09547353464084476 0.0847682230702243 0.7849806925916096 -0.5084786583487672 -0.3539135011019426 0.3709322536707228 -0.07179637054073416 0.9258804158010558 -0.4962001364824031 -0.8580761826207597 0.1322523700121443 -0 -0 -0 0 0 0 
2 0.187280957628397 -0.08881751976195053 0.1231147054755145 0.9344774749861378 -0.3530066674388174 0.04624004203363536 0.3559072648950756 0.9229621528781322 -0.1465294617115259 0.009048068215850143 0.1533856482800892 0.9881249796272018 0 -0 -0 0 -0 0 
3 0.292145700124795 -0.06156645049450425 0.0876670814938308 0.9994569673662684 0 0.03295103007527819 0 1 0 -0.03295103007527819 0 0.9994569673662684 -0 -0 -0 0 0 0 
4 0.2036821009492573 -0.04430556368926074 0.1269906099636489 0.9562268098272201 -0.2908642675838238 0.03206658713650666 0.2926229165526295 0.9499115929318701 -0.1097259965635771 0.001454948758642365 0.1143063579008754 0.993444482428458 -0 0 -0 0 0 0 
5 0.2627890434935194 -0.03927343436681567 0.1031979585896164 0.87333231619562 -0.4796409930288098 0.0850598806414091 0.4859084457176371 0.8454349394146079 -0.2216590751521086 0.03440418388312144 0.2349133479037648 0.9714072632567563 0 0 0 0 -0 0 
1 0.1691218983756247 -0.09547353464084481 0.08476822307022427 0.7849806925916095 -0.5084786583487673 -0.3539135011019427 0.3709322536707231 -0.07179637054073389 0.9258804158010557 -0.496200136482403 -0.8580761826207597 0.1322523700121448 -0 -0 -0 0 0 0 
2 0.187280957628397 -0.08881751976195058 0.1231147054755145 0.9344774749861378 -0.3530066674388176 0.04624004203363542 0.3559072648950758 0.9229621528781322 -0.1465294617115265 0.009048068215850344 0.1533856482800898 0.9881249796272017 0 -0 -0 0 -0 0 
3 0.292145700124795 -0.06156645049450425 0.08766708149383085 0.9994569673662684 0 0.03295103007527798 0 1 0 -0.03295103007527798 0 0.9994569673662684 -0 -0 -0 0 0 0 
4 0.2036821009492573 -0.04430556368926076 0.1269906099636489 0.9562268098272197 -0.2908642675838248 0.03206658713650694 0.2926229165526306 0.9499115929318696 -0.1097259965635783 0.001454948758642573 0.1143063579008766 0.9934444824284578 -0 0 -0 0 0 0 
5 0.2627890434935194 -0.03927343436681566 0.1031979585896165 0.8733323161956204 -0.4796409930288094 0.08505988064140917 0.4859084457176368 0.8454349394146082 -0.2216590751521088 0.03440418388312139 0.2349133479037651 0.9714072632567563 0 0 0 0 -0 0 
1 0.1691218983756246 -0.09547353464084478 0.08476822307022429 0.7849806925916095 -0.5084786583487673 -0.3539135011019426 0.3709322536707228 -0.07179637054073426 0.9258804158010558 -0.4962001364824032 -0.8580761826207596 0.1322523700121443 -0 -0 -0 0 0 0 
2 0.187280957628397 -0.08881751976195054 0.1231147054755145 0.9344774749861378 -0.3530066674388175 0.0462400420336354 0.3559072648950757 0.9229621528781322 -0.1465294617115262 0.009048068215850212 0.1533856482800894 0.9881249796272017 0 -0 -0 0 -0 0 
3 0.292145700124795 -0.06156645049450425 0.0876670814938308 0.9994569673662684 0 0.03295103007527819 0 1 0 -0.03295103007527819 0 0.9994569673662684 -0 -0 -0 0 0 0 
4 0.2036821009492573 -0.04430556368926077 0.1269906099636489 0.9562268098272201 -0.2908642675838236 0.03206658713650667 0.2926229165526293 0.9499115929318701 -0.1097259965635771 0.001454948758642337 0.1143063579008755 0.993444482428458 -0 0 -0 0 0 0 
5 0.2627890434935195 -0.03927343436681569 0.1031979585896164 0.8733323161956199 -0.47964099302881 0.08505988064140936 0.4859084457176373 0.8454349394146078 -0.2216590751521088 0.03440418388312139 0.2349133479037651 0.9714072632567563 0 0 0 0 -0 0 
1 0.1691218983756246 -0.09547353464084478 0.08476822307022427 0.7849806925916095 -0.5084786583487673 -0.3539135011019426 0.3709322536707228 -0.07179637054073426 0.9258804158010558 -0.4962001364824032 -0.8580761826207596 0.1322523700121443 9.292611981668413e-33 -7.224497458365448e-19 -8.1368735048574e-19 8.522648224418388e-18 -5.484085516642654e-32 1.733336949948512e-32 
2 0.187280957628397 -0.08881751976195054 0.1231147054755145 0.9344774749861378 -0.3530066674388175 0.04624004203363538 0.3559072648950758 0.9229621528781322 -0.1465294617115263 0.009048068215850281 0.1533856482800895 0.9881249796272017 -7.01057323829149e-19 -1.939788990282347e-18 -2.670165694010008e-19 1.214275910302803e-16 1.594199673176845e-17 1.905311869656056e-16 
3 0.292145700124795 -0.06156645049450425 0.08766708149383083 0.9994569673662684 0 0.03295103007527806 0 1 0 -0.03295103007527806 0 0.9994569673662684 2.143261590482512e-19 7.703719777548943e-34 -7.142300704354533e-19 0 2.444773515853074e-18 1.349078191354217e-33 
4 0.2036821009492573 -0.04430556368926074 0.1269906099636489 0.95622680982722 -0.290864267583824 0.03206658713650667 0.2926229165526297 0.9499115929318698 -0.1097259965635775 0.00145494875864249 0.1143063579008758 0.9934444824284578 -3.491120622289036e-18 -6.246590065327775e-18 2.123270310874265e-18 2.366363267818017e-18 -8.692575561127258e-19 -1.038895420288204e-17 
5 0.2627890434935194 -0.03927343436681567 0.1031979585896164 0.8733323161956202 -0.4796409930288095 0.085059880641409 0.4859084457176368 0.8454349394146081 -0.2216590751521088 0.03440418388312154 0.2349133479037649 0.9714072632567563 -1.492866584427187e-18 -3.268057032011177e-18 7.497810608732385e-19 5.671121710072122e-17 6.804148591248666e-18 8.131995817003649e-17 
1 0.1691218983756246 -0.09547434797007855 0.08476730701743601 0.7849806925916096 -0.5084786583487672 -0.3539135011019426 0.3709370145916844 -0.07178813747331887 0.9258791468242064 -0.4961965774410435 -0.8580768714526396 0.1322612536378092 -4.472333961502706e-19 -0.0001626504739603481 -0.0001831950134406713 0.001918787793115724 1.544988095791844e-18 3.794707603699266e-19 
2 0.1872801684205232 -0.08881970378585324 0.123114404845581 0.9344012673820221 -0.3532018959401814 0.04628922357452315 0.3561064808364314 0.9228654261595993 -0.1466546266080741 0.009079968125671863 0.1535181614777959 0.9881041080145929 -0.0001578190727479321 -0.000436807911117296 -6.012518895346932e-05 0.02734272071055424 0.003589406873665967 0.0429038435726322 
3 0.2921459414100082 -0.06156645049450425 0.08766627742018381 0.9994568766712834 0 0.03295378088297483 0 1 0 -0.03295378088297483 0 0.9994568766712834 4.825212511922326e-05 -8.131516293641283e-20 -0.0001607991457242309 0 0.0005504069128879661 -7.498637785231235e-19 
4 0.2036781707624619 -0.04431259711718082 0.126993000293693 0.9562302296741999 -0.290853273052526 0.0320643323937936 0.2926117324819227 0.9499146888554348 -0.1097290203665825 0.001456664393260126 0.1143086061996864 0.993444221221066 -0.0007859442333738771 -0.001406764120371813 0.0004780140426141276 0.0005336922484322479 -0.0001955508412030727 -0.002337400856732648 
5 0.2627873628249927 -0.03927711398693744 0.1031988026984607 0.8732880875567722 -0.4797165967812333 0.08508761898224065 0.4859862066110311 0.8453760199887074 -0.2217133099565128 0.03442852182791885 0.2349710016165488 0.971392456880359 -0.0003361037372259663 -0.0007359470196640248 0.000168807849406155 0.01276980641591305 0.001531970720563764 0.01831150228044548 
1 0.1691218983756246 -0.0954767870355536 0.08476455979162185 0.7849806925916096 -0.5084786583487672 -0.3539135011019426 0.3709512920599487 -0.07176344703334239 0.9258753407392095 -0.4961859038479949 -0.8580789367381828 0.13228789494439 -2.412349833780247e-18 -0.0003251165261891784 -0.0003662035337529257 0.003835524268496371 -4.147073309757054e-18 6.938893903907228e-18 
2 0.1872778021473182 -0.08882625604517209 0.1231135030033456 0.9341723911447165 -0.353787445439015 0.04643691497826593 0.356704005372168 0.9225748872812811 -0.1470300306379063 0.009175847340440843 0.1539156288609681 0.9880413873001058 -0.0003153680129329529 -0.0008736533070113714 -0.0001202409148481151 0.05468339010337355 0.00717634470333429 0.08580789367381902 
3 0.2921466649706504 -0.06156645049450425 0.0876638661341098 0.9994566046468296 0 0.03296203009268238 0 1 0 -0.03296203009268238 0 0.9994566046468296 9.644525980951599e-05 4.282598581317743e-18 -0.0003214113436712151 0 0.001100171188685328 1.418071390911746e-17 
4 0.2036663857910727 -0.04433370211076099 0.1270001681647818 0.9562404710148872 -0.2908203451463484 0.03205758010495573 0.2925782368800021 0.9499239556465934 -0.1097381145861289 0.001461813057890449 0.1143153766458729 0.9934434346075754 -0.001570770424943366 -0.002814469811098127 0.0009554040980267345 0.001072394485592511 -0.0003899705809927157 -0.004662896716063841 
5 0.262782322618184 -0.03928815422567673 0.1032013341892946 0.8731553616803241 -0.4799433711570003 0.08517085681943147 0.4862194528184162 0.8451992028995166 -0.2218759813927183 0.03450156619433679 0.2351439301799555 0.9713480190074317 -0.0006718476061453866 -0.001472169490007823 0.0003374484703671192 0.02553706085351891 0.003062816984934395 0.03662224782237072 
1 0.1691218983756246 -0.095480849072 0.08475998418941483 0.7849806925916095 -0.5084786583487673 -0.3539135011019426 0.3709750701993467 -0.07172232549641408 0.9258690000836923 -0.4961681262928795 -0.8580823748505875 0.1323322652333476 2.49366499671666e-18 -0.0004872140165375972 -0.0005488392715462418 0.005748160776538282 -4.046784608802145e-17 1.040834085586084e-17 
2 0.1872738628629878 -0.0888371771004931 0.1231120000885065 0.9337900862855988 -0.3547629071876947 0.04668355640339688 0.3576994678504771 0.9220894604880736 -0.1476554013786795 0.009336244117393484 0.1545778332767946 0.9879364999863259 -0.00047237609678978 -0.001310573222811762 -0.000180338313973509 0.08201995952885696 0.01075834882446256 0.1287123562275938 
3 0.2921478699222747 -0.06156645049450425 0.08765985043867164 0.9994561514745005 0 0.03297576806960449 0 1 0 -0.03297576806960449 0 0.9994561514745005 0.0001445205228764166 7.914675859144182e-18 -0.0004816499538512993 0 0.00164865125999187 2.752270239135238e-17 
4 0.2036467628166179 -0.04436889277583246 0.1270121042090783 0.9562574792462084 -0.2907656510079057 0.03204636609096261 0.2925225996557713 0.9499393303556058 -0.1097533477128259 0.001470400053237248 0.1143267459411485 0.9934421136061182 -0.002353357626822344 -0.004224053915408744 0.001431544038509393 0.00162112830071424 -0.0005821293808519258 -0.006964567282860721 
5 0.2627739282762425 -0.03930655920470316 0.1032055505497034 0.8729340188518818 -0.4803212052536058 0.08530966249391519 0.4866080746521397 0.8449043119457973 -0.2221469903886532 0.03462340847518945 0.2354320357112053 0.9712738934751813 -0.001006870372511691 -0.002208940170532943 0.0005057535711878939 0.03829918326345388 0.004591412032193494 0.0549314277418333 
1 0.1691218983756246 -0.09548652947532479 0.08475358486847537 0.7849806925916095 -0.5084786583487673 -0.3539135011019427 0.371008322575206 -0.07166481661793365 0.9258601290902692 -0.4961432624135181 -0.8580871797567864 0.1323943167160711 -3.63207727782644e-18 -0.0006487593672494873 -0.0007309163445935011 0.007654653997895935 6.288372600415926e-18 -5.247538514829841e-17 
2 0.1872683573343867 -0.08885246787862 0.1231098963239119 0.9332530871133605 -0.356127597501866 0.0470298808305029 0.3590922478969688 0.9214073542347546 -0.1485302833176164 0.009562054888164723 0.1555044110617394 0.9877889173536304 -0.0006285714205146754 -0.001747603790933797 -0.0002404097192662617 0.1093503856676671 0.01433296332358902 0.1716174359513851 
3 0.2921495547926222 -0.06156645049450425 0.0876542350005137 0.9994555174572458 0 0.03299497877358035 0 1 0 -0.03299497877358035 0 0.9994555174572458 0.0001924192512086452 -7.914675859144182e-18 -0.0006413289508921785 0 0.00219520769541277 -2.682816986652704e-17 
4 0.2036193298566838 -0.04441819254326867 0.127028792777889 0.9562811633549865 -0.2906894694734927 0.0320307500638541 0.2924451042521547 0.9499607080287312 -0.1097748340946056 0.001482434275151403 0.1143428420967885 0.9934402432204208 -0.003132579096178731 -0.005636443805669729 0.001905803467489523 0.002184938544993178 -0.000770899915745742 -0.009230461554334445 
5 0.2627621888271424 -0.03933233574857899 0.1032114475746348 0.8726238600997462 -0.4808499133744122 0.08550414956268887 0.487151888402757 0.844491054237953 -0.2225261713545141 0.03479420081344298 0.2358351545463293 0.9711699869074737 -0.001340808081225717 -0.002946526428857584 0.0006735527412576676 0.05105353742640992 0.00611662450581014 0.0732381288265936 
1 0.1691218983756246 -0.09549382180963345 0.0847453683424053 0.7849806925916095 -0.5084786583487673 -0.3539135011019426 0.3710510122326943 -0.07159098157725091 0.925848733691362 -0.4961113368786184 -0.8580933430348026 0.1324739825772089 -2.873135757086587e-18 -0.0008095698422005351 -0.0009122494805992368 0.009552968593275167 -4.336808689942018e-17 1.691355389077387e-17 
2 0.1872612950557441 -0.08887212966125396 0.123107192000624 0.9325596236763527 -0.3578805541071624 0.04747691313227886 0.3608814714873684 0.9205260632667778 -0.1496540356411408 0.009854533257909033 0.1566948494320045 0.9875979001272484 -0.000783680316171079 -0.00218477978114728 -0.0003004492534740412 0.1366726331805268 0.01789774539432059 0.2145233357587946 
3 0.292151717524344 -0.06156645049450425 0.08764702634219008 0.9994547030198107 0 0.03301963978576999 0 1 0 -0.03301963978576999 0 0.9994547030198107 0.0002400831078488011 -9.215718466126788e-18 -0.0008002632289288145 0 0.002739204259040962 -2.940132029868832e-17 
4 0.203584126237172 -0.04448163405042581 0.1270502118884307 0.9563113959046198 -0.2905921914725491 0.03201081564313726 0.2923461480398613 0.9499879416504341 -0.1098027342329279 0.001497928307048934 0.1143638446973206 0.9934378023997447 -0.003907299440861284 -0.007052552606464839 0.002377545615697868 0.002768905114527385 -0.0009551586001648036 -0.01144858218588158 
5 0.262747116957579 -0.03936549331726079 0.1032190193399926 0.8722246080277143 -0.4815292337428084 0.08575447627945605 0.4878506349968261 0.8439590213727647 -0.2230132914799449 0.03501415548165575 0.2363530564528182 0.9710361690592774 -0.001673292723512296 -0.003685187520990865 0.0008406724105849365 0.06379740279793382 0.007637316190287673 0.09154128127779394 
