       1 -5.115002e-08 -1.107391e-02 6.608064e-07 1.000000e+00 0.000000e+00 0.000000e+00 0.000000e+00 1.000000e+00 0.000000e+00 0.000000e+00 0.000000e+00 1.000000e+00 0.000000e+00 0.000000e+00 0.000000e+00 0.000000e+00 8.726646e+00 1.745329e-05
       1 -5.115002e-08 -1.107391e-02 6.608064e-07 9.961995e-01 -1.742013e-07 8.710064e-02 1.742013e-07 1.000000e+00 7.600964e-09 -8.710064e-02 7.600964e-09 9.961995e-01 0.000000e+00 0.000000e+00 0.000000e+00 0.000000e+00 8.710064e+00 1.742013e-05
       1 -5.115002e-08 -1.107391e-02 6.608064e-07 9.848842e-01 -3.464285e-07 1.732142e-01 3.464285e-07 1.000000e+00 3.023166e-08 -1.732142e-01 3.023166e-08 9.848842e-01 0.000000e+00 0.000000e+00 0.000000e+00 9.529121e-22 8.660692e+00 1.732138e-05
       1 -5.115002e-08 -1.107391e-02 6.608064e-07 9.663081e-01 -5.147761e-07 2.573880e-01 5.147761e-07 1.000000e+00 6.738374e-08 -2.573880e-01 6.738374e-08 9.663081e-01 -1.355253e-20 0.000000e+00 0.000000e+00 -2.541099e-21 8.579141e+00 1.715828e-05
       1 -5.115002e-08 -1.107391e-02 6.608064e-07 9.408816e-01 -6.774713e-07 3.387357e-01 6.774713e-07 1.000000e+00 1.182368e-07 -3.387357e-01 1.182368e-07 9.408816e-01 -1.355253e-20 0.000000e+00 0.000000e+00 -4.658681e-21 8.466573e+00 1.693315e-05
       1 -5.115002e-08 -1.107391e-02 6.608064e-07 9.091529e-01 -8.329248e-07 4.164624e-01 8.329248e-07 1.000000e+00 1.816941e-07 -4.164624e-01 1.816941e-07 9.091529e-01 -4.065758e-20 0.000000e+00 0.000000e+00 -6.988022e-21 8.324092e+00 1.664818e-05
       1 -5.115002e-08 -1.107391e-02 6.608064e-07 8.717844e-01 -9.797796e-07 4.898898e-01 9.797796e-07 1.000000e+00 2.564313e-07 -4.898898e-01 2.564313e-07 8.717844e-01 -1.355253e-20 0.000000e+00 0.000000e+00 -5.526890e-20 8.153668e+00 1.630734e-05
       1 -5.115002e-08 -1.107391e-02 6.608064e-07 8.295274e-01 -1.116932e-06 5.584661e-01 1.116932e-06 1.000000e+00 3.409453e-07 -5.584661e-01 3.409453e-07 8.295274e-01 -8.131516e-20 0.000000e+00 0.000000e+00 -4.235165e-20 7.956470e+00 1.591294e-05
       1 -5.115002e-08 -1.107391e-02 6.608064e-07 7.831899e-01 -1.243565e-06 6.217826e-01 1.243565e-06 1.000000e+00 4.336202e-07 -6.217826e-01 4.336202e-07 7.831899e-01 0.000000e+00 0.000000e+00 0.000000e+00 -1.490778e-19 7.735517e+00 1.547103e-05
       1 -5.115002e-08 -1.107391e-02 6.608064e-07 7.336171e-01 -1.359126e-06 6.795631e-01 1.359126e-06 1.000000e+00 5.327659e-07 -6.795631e-01 5.327659e-07 7.336171e-01 -1.626303e-19 0.000000e+00 0.000000e+00 -2.297577e-20 7.491112e+00 1.498222e-05
       1 -5.115002e-08 -1.107391e-02 6.608064e-07 6.816481e-01 -1.463360e-06 7.316802e-01 1.463360e-06 1.000000e+00 6.367039e-07 -7.316802e-01 6.367039e-07 6.816481e-01 8.131516e-20 0.000000e+00 0.000000e+00 -2.252049e-19 7.228337e+00 1.445667e-05
       1 -5.115002e-08 -1.107391e-02 6.608064e-07 6.188334e-01 -1.612496e-06 7.855223e-01 1.564323e-06 1.000000e+00 8.203986e-07 -7.855223e-01 7.211201e-07 6.188334e-01 -1.590951e-19 -6.147077e-25 2.151741e-19 -6.506539e-06 8.726583e+00 2.334780e-05
       1 -5.115002e-08 -1.107391e-02 6.608064e-07 5.492378e-01 -1.777569e-06 8.356661e-01 1.652161e-06 1.000000e+00 1.041252e-06 -8.356661e-01 8.087597e-07 5.492378e-01 -1.628316e-19 -6.887415e-25 2.409896e-19 -6.688450e-06 8.726546e+00 2.424638e-05
       1 -5.115002e-08 -1.107391e-02 6.608064e-07 4.746489e-01 -1.947649e-06 8.801752e-01 1.720752e-06 1.000000e+00 1.284853e-06 -8.801752e-01 9.047088e-07 4.746489e-01 -1.643878e-19 -7.708134e-25 2.679385e-19 -6.824621e-06 8.726705e+00 2.532875e-05
       1 -5.115002e-08 -1.107391e-02 6.608064e-07 3.933931e-01 -2.147010e-06 9.193704e-01 1.771096e-06 1.000000e+00 1.577464e-06 -9.193704e-01 1.007730e-06 3.933931e-01 -2.590115e-19 -9.610215e-24 4.211102e-19 -8.893606e-06 9.180260e+00 3.059558e-05
       1 -5.115002e-08 -1.107391e-02 6.608064e-07 3.104195e-01 -2.338031e-06 9.505997e-01 1.798619e-06 1.000000e+00 1.872192e-06 -9.505997e-01 1.128602e-06 3.104195e-01 -2.106308e-19 -8.073578e-23 3.717656e-19 -7.600841e-06 8.778851e+00 2.852485e-05
       1 -5.115002e-08 -1.107391e-02 6.608064e-07 2.194520e-01 -2.578357e-06 9.756233e-01 1.794128e-06 1.000000e+00 2.239217e-06 -9.756233e-01 1.258992e-06 2.194520e-01 -4.051240e-19 -6.939374e-22 7.428674e-19 -1.122819e-05 9.708934e+00 3.862680e-05
       1 -5.115002e-08 -1.107391e-02 6.608064e-07 1.339423e-01 -2.765691e-06 9.909891e-01 1.769807e-06 1.000000e+00 2.551632e-06 -9.909891e-01 1.412088e-06 1.339423e-01 -1.877302e-19 -5.955178e-21 4.291924e-19 -6.838641e-06 8.305923e+00 2.778044e-05
       1 -5.115002e-08 -1.107391e-02 6.608064e-07 4.706798e-02 -2.946824e-06 9.988917e-01 1.730878e-06 1.000000e+00 2.868534e-06 -9.988917e-01 1.593944e-06 4.706798e-02 -1.359945e-19 -1.192711e-24 4.011086e-19 -5.732813e-06 8.726732e+00 3.174564e-05
       1 -5.115002e-08 -1.107391e-02 6.608064e-07 -4.021321e-02 -3.123059e-06 9.991911e-01 1.677629e-06 1.000000e+00 3.193104e-06 -9.991911e-01 1.804677e-06 -4.021321e-02 -1.237111e-19 -1.269690e-24 4.248256e-19 -4.956972e-06 8.726544e+00 3.290491e-05
       1 -5.115002e-08 -1.107391e-02 6.608064e-07 -1.268901e-01 -3.281810e-06 9.919168e-01 1.610910e-06 1.000000e+00 3.514628e-06 -9.919168e-01 2.043860e-06 -1.268901e-01 1.085225e-20 -1.612107e-23 5.252377e-19 -3.212302e-06 8.674916e+00 3.261449e-05
       1 -5.115002e-08 -1.107391e-02 6.608064e-07 -2.121617e-01 -3.431859e-06 9.772346e-01 1.521416e-06 1.000000e+00 3.842112e-06 -9.772346e-01 2.301930e-06 -2.121617e-01 -7.095153e-20 -1.353170e-22 4.713374e-19 -2.881751e-06 8.621753e+00 3.434222e-05
       1 -5.115002e-08 -1.107391e-02 6.608064e-07 -2.948292e-01 -3.550317e-06 9.555500e-01 1.426357e-06 1.000000e+00 4.155564e-06 -9.555500e-01 2.588137e-06 -2.948292e-01 2.049329e-19 -1.163142e-21 6.506163e-19 -2.449690e-07 8.485448e+00 3.212821e-05
       1 -5.115002e-08 -1.107391e-02 6.608064e-07 -3.745178e-01 -3.669694e-06 9.272197e-01 1.297600e-06 1.000000e+00 4.481860e-06 -9.272197e-01 2.881696e-06 -3.745178e-01 -1.112048e-19 -9.981719e-21 4.058830e-19 -1.123859e-06 8.405394e+00 3.618740e-05
       1 -5.115002e-08 -1.107391e-02 6.608064e-07 -4.497501e-01 -3.729579e-06 8.931544e-01 1.187185e-06 1.000000e+00 4.773548e-06 -8.931544e-01 3.207244e-06 -4.497501e-01 5.551547e-19 -8.566946e-20 8.622942e-19 3.492306e-06 8.151941e+00 2.906844e-05
       1 -5.115002e-08 -1.107391e-02 6.608064e-07 -5.211291e-01 -3.828967e-06 8.534779e-01 1.008713e-06 1.000000e+00 5.102225e-06 -8.534779e-01 3.519832e-06 -5.211291e-01 -4.109371e-19 -7.352643e-19 1.457313e-19 -2.957365e-07 8.113636e+00 4.053365e-05
       1 -5.115002e-08 -1.107391e-02 6.608064e-07 -5.862519e-01 -3.798248e-06 8.101288e-01 9.161391e-07 1.000000e+00 5.351416e-06 -8.101288e-01 3.879468e-06 -5.862519e-01 1.344973e-18 -6.310462e-18 1.357354e-18 8.757957e-06 7.645293e+00 1.997649e-05
       1 -5.115002e-08 -1.107391e-02 6.608064e-07 -6.478589e-01 -3.923417e-06 7.617603e-01 6.494775e-07 1.000000e+00 5.702826e-06 -7.617603e-01 4.189373e-06 -6.478589e-01 -1.459296e-18 -5.416002e-17 -4.471581e-19 -1.603809e-06 7.831308e+00 5.328867e-05
       1 -5.115002e-08 -1.107391e-02 6.608064e-07 -7.097228e-01 -3.969762e-06 7.044810e-01 4.121085e-07 1.000000e+00 6.050191e-06 -7.044810e-01 4.584282e-06 -7.097228e-01 5.185106e-20 -1.808741e-24 5.654945e-19 7.708788e-06 8.726574e+00 4.001744e-05
       1 -5.115002e-08 -1.107391e-02 6.608064e-07 -7.637102e-01 -4.323506e-06 6.455593e-01 -1.902331e-07 1.000000e+00 6.472254e-06 -6.455593e-01 4.820120e-06 -7.637102e-01 -4.537083e-18 -2.708001e-16 -2.373904e-18 -1.673111e-05 7.765195e+00 8.883071e-05
       1 -5.115002e-08 -1.107391e-02 6.608064e-07 -8.199358e-01 -4.314269e-06 5.724555e-01 -5.236571e-07 1.000000e+00 6.786386e-06 -5.724555e-01 5.264631e-06 -8.199358e-01 1.028754e-18 -3.900439e-16 1.075057e-18 1.086150e-05 9.828619e+00 3.157281e-05
       1 -5.115002e-08 -1.107391e-02 6.608064e-07 -8.675620e-01 -4.250725e-06 4.973290e-01 -8.214872e-07 1.000000e+00 7.114072e-06 -4.973290e-01 5.763349e-06 -8.675620e-01 1.306064e-19 -1.985098e-24 5.790408e-19 1.893883e-05 8.726559e+00 4.228929e-05
       1 -5.115002e-08 -1.107391e-02 6.608064e-07 -9.079112e-01 -4.144173e-06 4.191626e-01 -1.109198e-06 1.000000e+00 7.484255e-06 -4.191626e-01 6.330104e-06 -9.079112e-01 1.557917e-19 -2.012601e-24 5.791549e-19 2.137291e-05 8.727099e+00 4.159408e-05
       1 -5.115002e-08 -1.107391e-02 6.608064e-07 -9.391207e-01 -3.968492e-06 3.435873e-01 -1.348230e-06 1.000000e+00 7.865078e-06 -3.435873e-01 6.923023e-06 -9.391207e-01 7.474007e-19 -2.602630e-23 1.240071e-18 2.917439e-05 7.859420e+00 3.346922e-05
       1 -5.115002e-08 -1.107391e-02 6.608064e-07 -9.644033e-01 -3.739981e-06 2.644358e-01 -1.619316e-06 1.000000e+00 8.237565e-06 -2.644358e-01 7.516130e-06 -9.644033e-01 3.884766e-19 -2.182734e-22 6.732775e-19 2.778851e-05 8.368288e+00 3.737403e-05
       1 -5.115002e-08 -1.107391e-02 6.608064e-07 -9.835387e-01 -3.448866e-06 1.806974e-01 -1.925563e-06 1.000000e+00 8.605548e-06 -1.806974e-01 8.115946e-06 -9.835387e-01 2.331323e-19 -2.138394e-24 5.657310e-19 2.963690e-05 8.726525e+00 3.794717e-05
       1 -5.115002e-08 -1.107391e-02 6.608064e-07 -9.953930e-01 -3.081761e-06 9.587851e-02 -2.235757e-06 1.000000e+00 8.931137e-06 -9.587851e-02 8.675630e-06 -9.953930e-01 1.753636e-19 -1.108474e-21 4.112405e-19 2.731873e-05 8.543782e+00 3.380543e-05
       1 -5.115002e-08 -1.107391e-02 6.608064e-07 -9.999808e-01 -2.641855e-06 6.200969e-03 -2.584523e-06 1.000000e+00 9.253697e-06 -6.200969e-03 9.237492e-06 -9.999808e-01 -4.706790e-20 -8.878485e-21 3.723077e-19 3.163159e-05 9.178183e+00 3.704496e-05
       1 -5.115002e-08 -1.107391e-02 6.608064e-07 -9.968419e-01 -2.137512e-06 -7.941207e-02 -2.901469e-06 1.000000e+00 9.504777e-06 7.941207e-02 9.705171e-06 -9.968419e-01 -1.472138e-20 -7.657025e-20 2.641749e-19 2.404814e-05 8.352763e+00 2.792586e-05
       1 -5.115002e-08 -1.107391e-02 6.608064e-07 -9.849007e-01 -1.557102e-06 -1.731202e-01 -3.301127e-06 1.000000e+00 9.786146e-06 1.731202e-01 1.020987e-05 -9.849007e-01 -3.937681e-19 -6.569545e-19 1.802299e-19 3.632723e-05 9.876175e+00 3.862975e-05
       1 -5.115002e-08 -1.107391e-02 6.608064e-07 -9.677434e-01 -9.521618e-07 -2.519381e-01 -3.570857e-06 1.000000e+00 9.937010e-06 2.519381e-01 1.051611e-05 -9.677434e-01 -9.311787e-20 -5.638487e-18 1.606287e-19 1.403829e-05 7.368823e+00 1.683817e-05
       1 -5.115002e-08 -1.107391e-02 6.608064e-07 -9.427934e-01 -2.560359e-07 -3.333777e-01 -3.882649e-06 1.000000e+00 1.021214e-05 3.333777e-01 1.092233e-05 -9.427934e-01 3.670788e-19 -2.173683e-24 4.822310e-19 4.338372e-05 8.726885e+00 2.086416e-05
       1 -5.115002e-08 -1.107391e-02 6.608064e-07 -9.104251e-01 5.229328e-07 -4.136740e-01 -4.212639e-06 1.000000e+00 1.053541e-05 4.136740e-01 1.133436e-05 -9.104251e-01 3.827926e-19 -2.169946e-24 4.640072e-19 4.529951e-05 8.725758e+00 1.771484e-05
       1 -5.115002e-08 -1.107391e-02 6.608064e-07 -8.683786e-01 1.376228e-06 -4.959017e-01 -4.689742e-06 1.000000e+00 1.098746e-05 4.959017e-01 1.186693e-05 -8.683786e-01 1.048818e-18 -2.822799e-23 8.106218e-19 7.176684e-05 9.514796e+00 2.319968e-05
       1 -5.115002e-08 -1.107391e-02 6.608064e-07 -8.202533e-01 2.295495e-06 -5.720004e-01 -5.142719e-06 1.000000e+00 1.138780e-05 5.720004e-01 1.228252e-05 -8.202533e-01 6.279992e-19 -2.366736e-22 4.566533e-19 5.592445e-05 8.878907e+00 1.441986e-05
       1 -5.115002e-08 -1.107391e-02 6.608064e-07 -7.666068e-01 3.323063e-06 -6.421168e-01 -5.525647e-06 1.000000e+00 1.177210e-05 6.421168e-01 1.257268e-05 -7.666068e-01 4.268000e-19 -2.244633e-24 3.895174e-19 5.191488e-05 8.726710e+00 7.432286e-07
       1 -5.115002e-08 -1.107391e-02 6.608064e-07 -7.097454e-01 4.416759e-06 -7.044583e-01 -5.857777e-06 1.000000e+00 1.217147e-05 7.044583e-01 1.276520e-05 -7.097454e-01 3.744435e-19 -1.201325e-21 1.952356e-19 5.068881e-05 8.234772e+00 -7.095654e-06
       1 -5.115002e-08 -1.107391e-02 6.608064e-07 -6.488438e-01 5.648721e-06 -7.609216e-01 -6.079843e-06 1.000000e+00 1.260785e-05 7.609216e-01 1.280681e-05 -6.488438e-01 7.445527e-20 -9.621825e-21 2.568652e-19 4.264144e-05 8.231191e+00 -2.403958e-05
       1 -5.115002e-08 -1.107391e-02 6.608064e-07 -5.886563e-01 6.859716e-06 -8.083834e-01 -6.293739e-06 1.000000e+00 1.306875e-05 8.083834e-01 1.278076e-05 -5.886563e-01 1.910351e-19 -8.298123e-20 -4.666287e-21 4.483690e-05 7.339069e+00 -2.600876e-05
       1 -5.115002e-08 -1.107391e-02 6.608064e-07 -5.238126e-01 8.269585e-06 -8.518335e-01 -6.339595e-06 1.000000e+00 1.360635e-05 8.518335e-01 1.252746e-05 -5.238126e-01 -3.898196e-19 -7.119590e-19 2.712140e-19 2.755544e-05 7.869912e+00 -5.141082e-05
       1 -5.115002e-08 -1.107391e-02 6.608064e-07 -4.502862e-01 9.585624e-06 -8.928843e-01 -6.575649e-06 1.000000e+00 1.405171e-05 8.928843e-01 1.219858e-05 -4.502862e-01 4.501274e-19 -2.195063e-24 2.687254e-19 4.621208e-05 8.726413e+00 -2.037895e-05
       1 -5.115002e-08 -1.107391e-02 6.608064e-07 -3.756597e-01 1.123970e-05 -9.267577e-01 -6.385582e-06 1.000000e+00 1.471637e-05 9.267577e-01 1.144623e-05 -3.756597e-01 -1.153452e-18 -3.559812e-18 4.701073e-19 -6.788562e-06 8.075688e+00 -8.815071e-05
       1 -5.115002e-08 -1.107391e-02 6.608064e-07 -2.878187e-01 1.246358e-05 -9.576849e-01 -6.767268e-06 1.000000e+00 1.504809e-05 9.576849e-01 1.081203e-05 -2.878187e-01 1.303615e-18 -2.847851e-17 3.339958e-19 6.658680e-05 9.861535e+00 5.526703e-06
       1 -5.115002e-08 -1.107391e-02 6.608064e-07 -2.094514e-01 1.442140e-05 -9.778191e-01 -6.103303e-06 1.000000e+00 1.605588e-05 9.778191e-01 9.330852e-06 -2.094514e-01 -2.995516e-18 -2.456271e-16 7.941140e-19 -8.457513e-05 7.473174e+00 -1.598890e-04
       1 -5.115002e-08 -1.107391e-02 6.608064e-07 -1.253852e-01 1.567647e-05 -9.921081e-01 -6.078256e-06 1.000000e+00 1.656935e-05 9.921081e-01 8.107840e-06 -1.253852e-01 4.316301e-19 -2.057161e-24 1.666441e-19 3.333520e-05 8.727024e+00 -2.416168e-05
       1 -5.115002e-08 -1.107391e-02 6.608064e-07 -3.906916e-02 1.677272e-05 -9.992365e-01 -6.309152e-06 1.000000e+00 1.703222e-05 9.992365e-01 6.969769e-06 -3.906916e-02 4.218042e-19 -2.305104e-24 1.431045e-19 2.804106e-05 8.725987e+00 -3.261549e-05
       1 -5.115002e-08 -1.107391e-02 6.608064e-07 5.303113e-02 1.653398e-05 -9.985929e-01 -6.882355e-06 1.000000e+00 1.619179e-05 9.985929e-01 6.014001e-06 5.303114e-02 3.391285e-18 -2.872664e-23 -5.156083e-19 7.620173e-05 9.475354e+00 1.467800e-04
       1 -5.115002e-08 -1.107391e-02 6.608064e-07 1.424761e-01 1.665662e-05 -9.897982e-01 -7.230672e-06 1.000000e+00 1.578748e-05 9.897982e-01 4.907568e-06 1.424761e-01 1.388859e-18 -2.413386e-22 -1.567373e-19 2.791603e-05 8.867116e+00 1.381841e-05
       1 -5.115002e-08 -1.107391e-02 6.608064e-07 2.291648e-01 1.719851e-05 -9.733876e-01 -7.379986e-06 1.000000e+00 1.593125e-05 9.733876e-01 3.532705e-06 2.291648e-01 3.753685e-19 -2.120267e-24 7.110632e-20 9.967488e-06 8.726701e+00 -4.920517e-05
       1 -5.115002e-08 -1.107391e-02 6.608064e-07 3.104475e-01 1.834931e-05 -9.505905e-01 -8.185649e-06 1.000000e+00 1.662976e-05 9.505905e-01 2.618533e-06 3.104475e-01 1.487639e-19 -1.223655e-21 2.004707e-21 8.038642e-05 8.243734e+00 -1.259966e-04
       1 -5.115002e-08 -1.107391e-02 6.608064e-07 3.884051e-01 1.997203e-05 -9.214887e-01 -8.863990e-06 1.000000e+00 1.793750e-05 9.214887e-01 1.201050e-06 3.884051e-01 -1.391828e-18 -9.799842e-21 4.799895e-19 -3.865962e-06 8.253632e+00 -1.738554e-04
       1 -5.115002e-08 -1.107391e-02 6.608064e-07 4.580582e-01 2.239156e-05 -8.889222e-01 -1.088313e-05 1.000000e+00 1.958153e-05 8.889222e-01 7.047741e-07 4.580582e-01 -7.549557e-19 -8.451701e-20 5.523180e-20 1.588213e-04 7.366974e+00 -2.803503e-04
       1 -5.115002e-08 -1.107391e-02 6.608064e-07 5.263255e-01 2.497547e-05 -8.502832e-01 -1.195647e-05 1.000000e+00 2.197206e-05 8.502832e-01 -1.398071e-06 5.263255e-01 -3.728856e-18 -7.251353e-19 1.215499e-18 -9.349374e-05 7.916036e+00 -2.712464e-04
       1 -5.115002e-08 -1.107391e-02 6.608064e-07 5.961025e-01 2.631063e-05 -8.029083e-01 -1.255892e-05 1.000000e+00 2.344505e-05 8.029083e-01 -3.891992e-06 5.961025e-01 2.776795e-19 -3.292425e-24 -4.108000e-21 -4.719748e-05 8.726423e+00 -1.124692e-04
       1 -5.115002e-08 -1.107391e-02 6.608064e-07 6.602541e-01 2.877212e-05 -7.510423e-01 -1.189723e-05 1.000000e+00 2.785053e-05 7.510423e-01 -9.453105e-06 6.602541e-01 -7.667911e-18 -3.625703e-18 2.792022e-18 -4.789315e-04 8.150234e+00 -3.670565e-04
       1 -5.115002e-08 -1.107391e-02 6.608064e-07 7.271362e-01 2.835340e-05 -6.864932e-01 -1.116916e-05 1.000000e+00 2.947138e-05 6.864932e-01 -1.376216e-05 7.271362e-01 4.284086e-18 -2.900564e-17 -1.103128e-18 -7.752185e-05 9.808140e+00 4.707235e-05
       1 -5.115002e-08 -1.107391e-02 6.608064e-07 7.808761e-01 3.094050e-05 -6.246860e-01 -9.092372e-06 1.000000e+00 3.816395e-05 6.246860e-01 -2.412144e-05 7.808761e-01 -1.692822e-17 -2.501736e-16 6.110867e-18 -1.113202e-03 7.630389e+00 -5.718777e-04
       1 -5.115002e-08 -1.107391e-02 6.608064e-07 8.314378e-01 3.044176e-05 -5.556178e-01 -8.758754e-06 1.000000e+00 4.168226e-05 5.556178e-01 -2.978969e-05 8.314378e-01 1.773874e-19 -3.804785e-24 -3.340636e-20 -3.980059e-05 8.726959e+00 -8.843353e-05
       1 -5.115002e-08 -1.107391e-02 6.608064e-07 8.764502e-01 2.923244e-05 -4.814925e-01 -9.398365e-06 1.000000e+00 4.360451e-05 4.814925e-01 -3.369194e-05 8.764502e-01 1.515094e-19 -5.091612e-24 -3.514466e-20 -7.238752e-05 8.726168e+00 -7.592384e-05
       1 -5.115002e-08 -1.107391e-02 6.608064e-07 9.166935e-01 2.156365e-05 -3.995912e-01 -7.359996e-06 1.000000e+00 3.707988e-05 3.995912e-01 -3.104990e-05 9.166935e-01 1.500102e-17 -5.975682e-23 -5.543939e-18 8.219755e-04 9.342763e+00 7.686842e-04
       1 -5.115002e-08 -1.107391e-02 6.608064e-07 9.486940e-01 1.562427e-05 -3.161956e-01 -5.305920e-06 1.000000e+00 3.349376e-05 3.161956e-01 -3.009762e-05 9.486940e-01 5.040658e-18 -5.035126e-22 -1.809672e-18 1.406255e-04 8.826934e+00 2.498851e-04
       1 -5.115002e-08 -1.107391e-02 6.608064e-07 9.749099e-01 -1.639974e-07 -2.225999e-01 3.573039e-06 1.000000e+00 1.491193e-05 2.225999e-01 -1.533315e-05 9.749099e-01 3.642754e-17 -4.326885e-21 -1.346571e-17 2.214076e-03 1.010233e+01 1.843694e-03
       1 -5.115002e-08 -1.107391e-02 6.608064e-07 9.906461e-01 -6.109330e-06 -1.364561e-01 7.789170e-06 1.000000e+00 1.177654e-05 1.364561e-01 -1.272926e-05 9.906461e-01 -1.101856e-18 -3.713264e-20 6.450346e-19 -4.439231e-04 8.266475e+00 5.665668e-05
       1 -5.115002e-08 -1.107391e-02 6.608064e-07 9.987815e-01 -1.008395e-05 -4.935014e-02 1.059030e-05 1.000000e+00 9.998863e-06 4.935014e-02 -1.050931e-05 9.987815e-01 1.522676e-20 2.115229e-24 -7.571061e-21 1.877750e-04 8.726889e+00 5.823275e-05
       1 -5.115002e-08 -1.107391e-02 6.608064e-07 9.992774e-01 -1.143921e-05 3.800908e-02 1.115111e-05 1.000000e+00 7.791650e-06 -3.800908e-02 -7.362176e-06 9.992774e-01 -8.879700e-21 2.528986e-24 4.825932e-21 1.796727e-04 8.726453e+00 2.241557e-05
       1 -5.115002e-08 -1.107391e-02 6.608064e-07 9.922694e-01 -1.086743e-05 1.241022e-01 9.858342e-06 1.000000e+00 8.745218e-06 -1.241022e-01 -7.454171e-06 9.922694e-01 -1.074206e-17 3.080803e-23 3.795460e-18 -2.721313e-04 8.580547e+00 -2.030784e-04
       1 -5.115002e-08 -1.107391e-02 6.608064e-07 9.779109e-01 -1.027073e-05 2.090224e-01 8.629322e-06 1.000000e+00 8.764727e-06 -2.090224e-01 -6.767401e-06 9.779109e-01 -3.635706e-18 2.591092e-22 1.331189e-18 1.912575e-05 8.591927e+00 -1.224037e-04
       1 -5.115002e-08 -1.107391e-02 6.608064e-07 9.569755e-01 -7.406083e-06 2.901688e-01 3.466927e-06 1.000000e+00 1.408945e-05 -2.901688e-01 -1.247726e-05 9.569755e-01 -2.626835e-17 2.226914e-21 9.243814e-18 -9.601511e-04 8.256790e+00 -4.760070e-04
       1 -5.115002e-08 -1.107391e-02 6.608064e-07 9.291985e-01 -6.176413e-06 3.695811e-01 1.045143e-06 1.000000e+00 1.408423e-05 -3.695811e-01 -1.270078e-05 9.291985e-01 6.717453e-19 1.911085e-20 -1.666039e-19 2.058170e-04 8.421905e+00 -1.714801e-04
       1 -5.115002e-08 -1.107391e-02 6.608064e-07 8.970136e-01 -1.544688e-06 4.420028e-01 -1.085009e-05 1.000000e+00 2.551423e-05 -4.420028e-01 -2.768238e-05 8.970136e-01 -5.503385e-17 1.640214e-19 1.919065e-17 -2.258430e-03 7.674736e+00 -7.886469e-04
       1 -5.115002e-08 -1.107391e-02 6.608064e-07 8.576039e-01 -1.207317e-06 5.143107e-01 -1.099353e-05 1.000000e+00 2.067895e-05 -5.143107e-01 -2.338844e-05 8.576039e-01 2.700452e-17 1.407725e-18 -9.287651e-18 1.397098e-03 8.383099e+00 -9.427046e-05
       1 -5.115002e-08 -1.107391e-02 6.608064e-07 8.104478e-01 -1.929954e-06 5.858109e-01 -1.163083e-05 1.000000e+00 1.938533e-05 -5.858109e-01 -2.252426e-05 8.104478e-01 -1.318071e-19 -3.509677e-24 1.342892e-19 -1.195372e-04 8.726538e+00 9.528112e-05
       1 -5.115002e-08 -1.107391e-02 6.608064e-07 7.557920e-01 -1.194697e-05 6.548118e-01 1.736586e-05 1.000000e+00 -1.798997e-06 -6.548118e-01 1.273103e-05 7.557920e-01 1.145609e-16 7.038599e-18 -3.983451e-17 5.173354e-03 8.912801e+00 1.424698e-03
       1 -5.115002e-08 -1.107391e-02 6.608064e-07 6.929984e-01 -2.141994e-05 7.209391e-01 2.893530e-05 1.000000e+00 1.897271e-06 -7.209391e-01 1.954579e-05 6.929984e-01 -7.139354e-18 5.630878e-17 2.593930e-18 -9.342477e-04 9.268107e+00 1.227498e-03
       1 -5.115002e-08 -1.107391e-02 6.608064e-07 6.237682e-01 -3.771136e-05 7.816094e-01 1.055108e-04 1.000000e+00 -3.595521e-05 -7.816094e-01 1.048960e-04 6.237682e-01 2.651307e-16 4.856632e-16 -9.233547e-17 1.212856e-02 9.238645e+00 2.574618e-03
       1 -5.115002e-08 -1.107391e-02 6.608064e-07 5.461774e-01 -5.207266e-05 8.376695e-01 1.042674e-04 1.000000e+00 -5.820722e-06 -8.376695e-01 9.052077e-05 5.461774e-01 -1.192137e-16 -1.162221e-15 4.179264e-17 -6.915124e-03 9.745152e+00 2.692307e-03
       1 -5.115002e-08 -1.107391e-02 6.608064e-07 4.654862e-01 -6.040742e-05 8.850551e-01 2.713165e-04 1.000000e+00 -7.444361e-05 -8.850551e-01 2.747826e-04 4.654862e-01 5.908040e-16 2.012332e-15 -2.059409e-16 2.772743e-02 9.239832e+00 2.153238e-03
       1 -5.115002e-08 -1.107391e-02 6.608064e-07 3.747506e-01 -8.821903e-05 9.271256e-01 1.810914e-04 1.000000e+00 2.195484e-05 -9.271256e-01 1.596669e-04 3.747506e-01 -5.231272e-16 -3.923300e-15 1.828604e-16 -2.721267e-02 1.031117e+01 6.880282e-03
       1 -5.115002e-08 -1.107391e-02 6.608064e-07 2.890480e-01 -4.883937e-05 9.573146e-01 5.630678e-04 9.999998e-01 -1.189935e-04 -9.573144e-01 5.734279e-04 2.890480e-01 1.402855e-15 5.320616e-15 -4.892608e-16 6.699063e-02 8.618923e+00 -4.673360e-03
       1 -5.115002e-08 -1.107391e-02 6.608064e-07 2.031941e-01 8.365745e-05 9.791385e-01 6.788509e-04 9.999997e-01 -2.263173e-04 -9.791382e-01 7.106754e-04 2.031940e-01 -1.530544e-19 1.344226e-22 3.550020e-19 1.568514e-03 8.726848e+00 -7.983687e-03
       1 -5.115002e-08 -1.107391e-02 6.608064e-07 1.165928e-01 1.935643e-04 9.931798e-01 7.281800e-04 9.999997e-01 -2.803770e-04 -9.931795e-01 7.559036e-04 1.165926e-01 -1.443528e-19 1.116077e-22 3.811829e-19 1.150134e-03 8.726502e+00 -8.083823e-03
       1 -5.115002e-08 -1.107391e-02 6.608064e-07 3.329461e-02 5.841354e-04 9.994454e-01 3.725814e-04 9.999998e-01 -5.968713e-04 -9.994455e-01 3.922474e-04 3.329439e-02 -1.149792e-15 -5.329069e-15 4.016425e-16 -5.310608e-02 8.135935e+00 -4.817944e-02
       1 -5.115002e-08 -1.107391e-02 6.608064e-07 -5.095118e-02 8.698804e-04 9.987008e-01 1.564647e-04 9.999996e-01 -8.630293e-04 -9.987011e-01 1.122890e-04 -5.095130e-02 -3.833696e-16 -3.552701e-15 1.342852e-16 -1.604292e-02 8.453242e+00 -2.274283e-02
       1 -5.115002e-08 -1.107391e-02 6.608064e-07 -1.266315e-01 1.585347e-03 9.919486e-01 -7.551168e-04 9.999983e-01 -1.694610e-03 -9.919495e-01 -9.636279e-04 -1.266301e-01 -2.810399e-15 -1.243439e-14 9.813101e-16 -1.373289e-01 7.178753e+00 -9.715512e-02
       1 -5.115002e-08 -1.107391e-02 6.608064e-07 -2.075171e-01 1.818455e-03 9.782297e-01 -9.510642e-04 9.999974e-01 -2.060674e-03 -9.782309e-01 -1.357984e-03 -2.075149e-01 8.498692e-17 -5.328106e-15 -2.887077e-17 1.182748e-02 8.500333e+00 -1.338206e-02
       1 -5.115002e-08 -1.107391e-02 6.608064e-07 -2.903573e-01 1.802273e-03 9.569166e-01 -9.550238e-04 9.999972e-01 -2.173195e-03 -9.569178e-01 -1.544881e-03 -2.903548e-01 -7.776664e-20 1.399620e-22 4.858961e-19 3.942572e-03 8.726578e+00 8.949181e-03
       1 -5.115002e-08 -1.107391e-02 6.608064e-07 -3.778035e-01 8.544704e-04 9.258854e-01 -4.393324e-04 9.999993e-01 -1.102135e-03 -9.258857e-01 -8.231621e-04 -3.778029e-01 2.918845e-15 -1.771531e-15 -1.017478e-15 1.301255e-01 9.631899e+00 1.289162e-01
       1 -5.115002e-08 -1.107391e-02 6.608064e-07 -4.621461e-01 -7.404269e-05 8.868038e-01 -3.619106e-04 9.999999e-01 -1.051110e-04 -8.868037e-01 -3.695203e-04 -4.621461e-01 8.311382e-16 8.920393e-15 -2.898294e-16 3.124810e-02 9.294116e+00 8.969594e-02
       1 -5.115002e-08 -1.107391e-02 6.608064e-07 -5.393929e-01 -4.982146e-04 8.420541e-01 -4.542459e-04 9.999999e-01 3.006904e-04 -8.420541e-01 -2.203093e-04 -5.393930e-01 -1.013554e-20 2.250288e-23 5.385443e-19 1.026128e-04 8.727055e+00 6.426237e-03
       1 -5.115002e-08 -1.107391e-02 6.608064e-07 -6.134416e-01 -7.658287e-04 7.897397e-01 -4.626616e-04 9.999997e-01 6.103437e-04 -7.897399e-01 9.028011e-06 -6.134418e-01 -5.628108e-16 2.506204e-14 1.956676e-16 1.924857e-02 9.126750e+00 1.867096e-02
       1 -5.115002e-08 -1.107391e-02 6.608064e-07 -6.763659e-01 -3.506743e-05 7.365658e-01 -2.248782e-04 1.000000e+00 -1.588894e-04 -7.365658e-01 -2.731050e-04 -6.763659e-01 -1.572873e-15 -7.337445e-15 5.496421e-16 -5.798755e-02 7.816743e+00 -1.228702e-01
       1 -5.115002e-08 -1.107391e-02 6.608064e-07 -7.394515e-01 2.683502e-04 6.732098e-01 7.594757e-05 9.999999e-01 -3.151924e-04 -6.732098e-01 -1.819409e-04 -7.394515e-01 -1.837507e-15 5.595249e-14 6.388122e-16 3.192607e-02 9.283375e+00 -1.237442e-02
       1 -5.115002e-08 -1.107391e-02 6.608064e-07 -7.957736e-01 3.952507e-04 6.055941e-01 2.292846e-04 9.999999e-01 -3.513773e-04 -6.055942e-01 -1.407633e-04 -7.957736e-01 9.011686e-20 1.003501e-22 5.747377e-19 -2.631083e-03 8.726183e+00 1.015066e-03
       1 -5.115002e-08 -1.107391e-02 6.608064e-07 -8.457219e-01 4.250337e-04 5.336237e-01 2.574833e-04 9.999999e-01 -3.884279e-04 -5.336238e-01 -1.911028e-04 -8.457220e-01 1.177249e-19 7.570273e-23 5.782743e-19 -2.450878e-03 8.726680e+00 -1.503019e-03
       1 -5.115002e-08 -1.107391e-02 6.608064e-07 -8.877526e-01 1.086364e-04 4.603209e-01 -4.811766e-05 9.999999e-01 -3.287989e-04 -4.603209e-01 -3.140417e-04 -8.877526e-01 2.135739e-15 -4.973799e-14 -7.417922e-16 -1.357224e-02 8.286748e+00 4.657848e-02
       1 -5.115002e-08 -1.107391e-02 6.608064e-07 -9.235979e-01 -8.437307e-05 3.833627e-01 -2.300267e-04 9.999999e-01 -3.340939e-04 -3.833627e-01 -3.967521e-04 -9.235978e-01 7.120410e-16 -1.776356e-14 -2.468661e-16 -7.502322e-03 8.501975e+00 9.611846e-03
       1 -5.115002e-08 -1.107391e-02 6.608064e-07 -9.508656e-01 -9.471454e-04 3.096024e-01 -1.067634e-03 9.999994e-01 -2.197382e-04 -3.096020e-01 -5.394835e-04 -9.508661e-01 5.220549e-15 -1.225685e-13 -1.814047e-15 -2.194612e-02 7.544715e+00 1.157986e-01
       1 -5.115002e-08 -1.107391e-02 6.608064e-07 -9.732149e-01 -1.145893e-03 2.298946e-01 -1.246997e-03 9.999992e-01 -2.945037e-04 -2.298941e-01 -5.732933e-04 -9.732155e-01 -1.579574e-16 1.777039e-15 5.553685e-17 -1.030419e-02 8.478362e+00 -1.851008e-02
       1 -5.115002e-08 -1.107391e-02 6.608064e-07 -9.893379e-01 -1.250702e-03 1.456330e-01 -1.304147e-03 9.999991e-01 -2.715140e-04 -1.456326e-01 -4.585460e-04 -9.893386e-01 2.431593e-19 -1.610051e-22 5.624566e-19 1.488344e-02 8.726453e+00 1.558137e-03
       1 -5.115002e-08 -1.107391e-02 6.608064e-07 -9.984323e-01 -2.932825e-04 5.597178e-02 -2.964281e-04 1.000000e+00 -4.789724e-05 -5.597176e-02 -6.441376e-05 -9.984324e-01 -5.422196e-15 1.225720e-13 1.885611e-15 4.574531e-02 9.219683e+00 -1.505403e-01
       1 -5.115002e-08 -1.107391e-02 6.608064e-07 -9.993701e-01 1.657664e-04 -3.548649e-02 1.466168e-04 9.999998e-01 5.422346e-04 3.548658e-02 5.366902e-04 -9.993700e-01 -1.543576e-15 3.910711e-14 5.373779e-16 7.416903e-02 9.203911e+00 -1.712768e-02
       1 -5.115002e-08 -1.107391e-02 6.608064e-07 -9.912563e-01 2.806813e-03 -1.319210e-01 2.630414e-03 9.999954e-01 1.511400e-03 1.319246e-01 1.151178e-03 -9.912591e-01 -1.316671e-14 2.986630e-13 4.577928e-15 7.902718e-02 9.932414e+00 -3.614663e-01
       1 -5.115002e-08 -1.107391e-02 6.608064e-07 -9.744200e-01 3.211136e-03 -2.247117e-01 2.654949e-03 9.999926e-01 2.777232e-03 2.247189e-01 2.109592e-03 -9.744213e-01 1.046402e-15 -1.397025e-14 -3.628162e-16 1.535424e-01 9.296350e+00 8.898678e-02
       1 -5.115002e-08 -1.107391e-02 6.608064e-07 -9.503542e-01 3.372379e-03 -3.111519e-01 2.539700e-03 9.999920e-01 3.081253e-03 3.111598e-01 2.138049e-03 -9.503552e-01 3.625313e-19 7.507215e-22 4.868693e-19 -3.633772e-02 8.727911e+00 1.919486e-02
       1 -5.115002e-08 -1.107391e-02 6.608064e-07 -9.195965e-01 4.630573e-06 -3.928642e-01 -1.102259e-03 9.999960e-01 2.591897e-03 3.928626e-01 2.816538e-03 -9.195929e-01 1.511915e-14 -3.220939e-13 -5.254805e-15 1.154634e-01 8.600271e+00 5.339933e-01
       1 -5.115002e-08 -1.107391e-02 6.608064e-07 -8.851759e-01 -1.678026e-03 -4.652535e-01 -1.954922e-03 9.999981e-01 1.126846e-04 4.652525e-01 1.009280e-03 -8.851775e-01 3.296565e-15 -8.274638e-14 -1.145751e-15 -3.251125e-01 7.650843e+00 1.017917e-01
       1 -5.115002e-08 -1.107391e-02 6.608064e-07 -8.424936e-01 -2.227556e-03 -5.387017e-01 -2.133375e-03 9.999974e-01 -7.985776e-04 5.387021e-01 4.764565e-04 -8.424962e-01 4.095264e-19 -2.433679e-22 4.244417e-19 2.086852e-02 8.728779e+00 -1.411938e-02
       1 -5.115002e-08 -1.107391e-02 6.608064e-07 -7.927852e-01 -2.135251e-03 -6.094974e-01 -2.105063e-03 9.999975e-01 -7.651935e-04 6.094975e-01 6.763963e-04 -7.927877e-01 4.211938e-19 -6.015864e-22 4.021353e-19 2.904671e-02 8.725131e+00 -1.948179e-02
       1 -5.115002e-08 -1.107391e-02 6.608064e-07 -7.327890e-01 -7.528580e-04 -6.804555e-01 -2.563483e-03 9.999953e-01 1.654242e-03 6.804511e-01 2.956547e-03 -7.327875e-01 -7.287062e-15 1.669775e-13 2.533807e-15 3.181038e-01 9.603753e+00 -1.841138e-01
       1 -5.115002e-08 -1.107391e-02 6.608064e-07 -6.683623e-01 4.965894e-04 -7.438357e-01 -3.098177e-03 9.999892e-01 3.451419e-03 7.438295e-01 4.611333e-03 -6.683536e-01 -2.428706e-15 5.329065e-14 8.448662e-16 1.395390e-01 8.901425e+00 -7.421173e-02
       1 -5.115002e-08 -1.107391e-02 6.608064e-07 -6.000637e-01 1.356474e-03 -7.999511e-01 -3.535610e-03 9.999843e-01 4.347821e-03 7.999444e-01 5.437284e-03 -6.000495e-01 4.461090e-19 -9.649158e-22 3.219698e-19 4.039247e-02 8.725745e+00 -3.290104e-02
       1 -5.115002e-08 -1.107391e-02 6.608064e-07 -5.306333e-01 2.917008e-03 -8.475965e-01 -2.740992e-03 9.999829e-01 5.157431e-03 8.475971e-01 5.059960e-03 -5.306162e-01 5.403122e-16 -1.954019e-14 -1.873139e-16 -7.644375e-02 8.204424e+00 -1.443518e-01
       1 -5.115002e-08 -1.107391e-02 6.608064e-07 -4.588141e-01 3.594062e-03 -8.885250e-01 -1.627289e-03 9.999867e-01 4.885216e-03 8.885308e-01 3.687293e-03 -4.588022e-01 4.228979e-15 -9.592539e-14 -1.469797e-15 -1.537272e-01 8.181978e+00 1.052637e-02
       1 -5.115002e-08 -1.107391e-02 6.608064e-07 -3.900492e-01 5.648845e-03 -9.207767e-01 1.387673e-03 9.999837e-01 5.546939e-03 9.207930e-01 8.858418e-04 -3.900506e-01 2.669656e-15 -7.817795e-14 -9.275542e-16 -3.151991e-01 7.254490e+00 -2.630387e-01
       1 -5.115002e-08 -1.107391e-02 6.608064e-07 -3.178358e-01 4.995584e-03 -9.481326e-01 3.880675e-03 9.999846e-01 3.967893e-03 9.481378e-01 -2.418256e-03 -3.178503e-01 9.856981e-15 -2.186485e-13 -3.426385e-15 -3.061961e-01 7.779847e+00 1.836480e-01
       1 -5.115002e-08 -1.107391e-02 6.608064e-07 -2.371987e-01 4.285304e-03 -9.714517e-01 4.648149e-03 9.999838e-01 3.276230e-03 9.714500e-01 -3.738335e-03 -2.372148e-01 4.414982e-19 3.341306e-22 1.997247e-19 -1.070122e-02 8.728172e+00 5.291926e-02
       1 -5.115002e-08 -1.107391e-02 6.608064e-07 -1.577411e-01 -1.953743e-03 -9.874786e-01 6.885579e-03 9.999716e-01 -3.078372e-03 9.874565e-01 -7.284948e-03 -1.577232e-01 1.937237e-14 -4.128977e-13 -6.734563e-15 -4.592901e-01 7.959825e+00 8.501499e-01
       1 -5.115002e-08 -1.107391e-02 6.608064e-07 -6.471326e-02 -4.830604e-03 -9.978922e-01 5.819222e-03 9.999695e-01 -5.218036e-03 9.978869e-01 -6.144633e-03 -6.468318e-02 -9.969821e-15 2.264393e-13 3.466216e-15 2.863223e-01 9.979807e+00 3.770007e-02
       1 -5.115002e-08 -1.107391e-02 6.608064e-07 2.463014e-02 -6.469407e-03 -9.996757e-01 5.889803e-03 9.999626e-01 -6.326150e-03 9.996793e-01 -5.732079e-03 2.466733e-02 4.119746e-19 1.733821e-21 1.233596e-19 5.702479e-04 8.718012e+00 7.404779e-02
       1 -5.115002e-08 -1.107391e-02 6.608064e-07 1.124902e-01 -7.940410e-03 -9.936211e-01 5.805179e-03 9.999563e-01 -7.333819e-03 9.936359e-01 -4.943166e-03 1.125313e-01 3.990787e-19 7.916444e-22 1.025978e-19 1.172500e-03 8.721907e+00 5.303553e-02
       1 -5.115002e-08 -1.107391e-02 6.608064e-07 1.919359e-01 -6.015497e-03 -9.813890e-01 6.566652e-03 9.999667e-01 -4.845092e-03 9.813855e-01 -5.514493e-03 1.919690e-01 2.753732e-15 -7.105426e-14 -9.571056e-16 -1.844666e-01 7.644939e+00 -3.984115e-01
       1 -5.115002e-08 -1.107391e-02 6.608064e-07 2.718884e-01 -4.802213e-03 -9.623168e-01 6.867605e-03 9.999718e-01 -3.049781e-03 9.623043e-01 -5.779611e-03 2.719137e-01 9.181534e-16 -2.486887e-14 -3.189933e-16 -4.834483e-02 8.302744e+00 -1.350702e-01
       1 -5.115002e-08 -1.107391e-02 6.608064e-07 3.531922e-01 -5.212386e-03 -9.355363e-01 6.794443e-03 9.999724e-01 -3.006295e-03 9.355261e-01 -5.294649e-03 3.532178e-01 3.483290e-19 1.241482e-21 4.333070e-20 1.688783e-02 8.728057e+00 9.040188e-02
       1 -5.115002e-08 -1.107391e-02 6.608064e-07 4.320807e-01 -6.590211e-03 -9.018109e-01 8.358823e-03 9.999596e-01 -3.302531e-03 9.017962e-01 -6.111117e-03 4.321183e-01 -2.036208e-16 6.298134e-19 7.093155e-17 -1.988879e-01 8.582265e+00 1.391238e-01
       1 -5.115002e-08 -1.107391e-02 6.608064e-07 5.119662e-01 -1.051884e-02 -8.589412e-01 9.888239e-03 9.999309e-01 -6.351616e-03 8.589487e-01 -5.241603e-03 5.120349e-01 -1.597328e-15 4.263761e-14 5.554176e-16 8.524981e-02 9.303284e+00 4.634669e-01
       1 -5.115002e-08 -1.107391e-02 6.608064e-07 5.844780e-01 -1.458162e-02 -8.112785e-01 1.438512e-02 9.998676e-01 -7.607622e-03 8.112821e-01 -7.223854e-03 5.846103e-01 -1.008154e-15 1.247800e-14 3.506013e-16 -4.641304e-01 8.476830e+00 3.640560e-01
       1 -5.115002e-08 -1.107391e-02 6.608064e-07 6.599386e-01 -2.239766e-02 -7.509856e-01 1.755272e-02 9.997424e-01 -1.439199e-02 7.511145e-01 -3.684012e-03 6.601617e-01 -3.723783e-15 1.016256e-13 1.294529e-15 4.226775e-01 1.014460e+01 9.040270e-01
       1 -5.115002e-08 -1.107391e-02 6.608064e-07 7.250755e-01 -2.605857e-02 -6.881762e-01 1.882193e-02 9.996604e-01 -1.802213e-02 6.884122e-01 1.145996e-04 7.253197e-01 2.267874e-19 4.806902e-21 -2.338870e-20 1.571982e-01 8.734715e+00 1.954593e-01
       1 -5.115002e-08 -1.107391e-02 6.608064e-07 7.830339e-01 -2.879917e-02 -6.213119e-01 2.004618e-02 9.995770e-01 -2.106856e-02 6.216559e-01 4.042464e-03 7.832800e-01 2.027089e-19 5.146919e-21 -2.974869e-20 1.814682e-01 8.727891e+00 2.191088e-01
       1 -5.115002e-08 -1.107391e-02 6.608064e-07 8.344537e-01 -3.053786e-02 -5.502313e-01 2.066607e-02 9.994952e-01 -2.413087e-02 5.506904e-01 8.764974e-03 8.346636e-01 1.739403e-19 6.045164e-21 -3.337777e-20 2.131833e-01 8.728964e+00 1.932266e-01
       1 -5.115002e-08 -1.107391e-02 6.608064e-07 8.776410e-01 -2.966496e-02 -4.783997e-01 2.007594e-02 9.994822e-01 -2.514662e-02 4.788980e-01 1.246538e-02 8.777821e-01 1.255824e-15 -3.375071e-14 -4.364819e-16 6.552343e-02 8.179566e+00 -1.103952e-01
       1 -5.115002e-08 -1.107391e-02 6.608064e-07 9.149190e-01 -2.871891e-02 -4.026145e-01 1.951556e-02 9.994464e-01 -2.694354e-02 4.031654e-01 1.679391e-02 9.149730e-01 4.186765e-16 -1.065752e-14 -1.454151e-16 2.206494e-01 8.470853e+00 4.125246e-02
       1 -5.115002e-08 -1.107391e-02 6.608064e-07 9.432055e-01 -2.382638e-02 -3.313544e-01 1.640643e-02 9.995485e-01 -2.517240e-02 3.318046e-01 1.830640e-02 9.431705e-01 3.069516e-15 -8.348342e-14 -1.066737e-15 -1.767022e-01 7.282471e+00 -5.410709e-01
       1 -5.115002e-08 -1.107391e-02 6.608064e-07 9.673066e-01 -2.147954e-02 -2.526987e-01 1.508135e-02 9.995154e-01 -2.722947e-02 2.531611e-01 2.252821e-02 9.671618e-01 -9.295976e-17 5.375021e-15 3.270080e-17 3.842086e-01 8.500266e+00 7.181716e-02
       1 -5.115002e-08 -1.107391e-02 6.608064e-07 9.854072e-01 -1.962457e-02 -1.690785e-01 1.483007e-02 9.994526e-01 -2.957306e-02 1.695663e-01 2.663406e-02 9.851588e-01 5.079018e-20 5.103036e-21 -2.087606e-20 1.999536e-01 8.719841e+00 9.936166e-02
       1 -5.115002e-08 -1.107391e-02 6.608064e-07 9.967398e-01 -2.237569e-02 -7.751901e-02 1.964841e-02 9.991669e-01 -3.576805e-02 7.825477e-02 3.412831e-02 9.963491e-01 -3.188288e-15 9.260035e-14 1.108870e-15 7.266164e-01 9.531140e+00 8.127846e-01
       1 -5.115002e-08 -1.107391e-02 6.608064e-07 9.996093e-01 -2.361038e-02 1.495875e-02 2.416530e-02 9.989828e-01 -3.807127e-02 -1.404465e-02 3.841788e-02 9.991631e-01 -9.077101e-16 2.137829e-14 3.150888e-16 4.423821e-02 9.245642e+00 4.183381e-01
       1 -5.115002e-08 -1.107391e-02 6.608064e-07 9.943466e-01 -2.200196e-02 1.038787e-01 2.637542e-02 9.988144e-01 -4.091733e-02 -1.028553e-01 4.342586e-02 9.937479e-01 -2.556478e-20 8.548977e-21 1.592691e-20 3.779749e-01 8.722283e+00 3.885324e-02
       1 -5.115002e-08 -1.107391e-02 6.608064e-07 9.809824e-01 -1.879613e-02 1.931847e-01 2.700445e-02 9.988369e-01 -3.994430e-02 -1.922092e-01 4.440150e-02 9.803490e-01 6.151492e-16 -2.988795e-14 -2.155304e-16 -2.817901e-01 9.090493e+00 2.155387e-02
       1 -5.115002e-08 -1.107391e-02 6.608064e-07 9.618616e-01 -1.077737e-02 2.733242e-01 2.396848e-02 9.987008e-01 -4.496854e-02 -2.724845e-01 4.980468e-02 9.608703e-01 1.717831e-15 -4.548066e-14 -5.969189e-16 6.591857e-01 7.876131e+00 -6.673923e-01
       1 -5.115002e-08 -1.107391e-02 6.608064e-07 9.338216e-01 -4.312916e-03 3.577131e-01 2.006569e-02 9.989846e-01 -4.033745e-02 -3.571759e-01 4.484574e-02 9.329599e-01 2.008005e-15 -8.518306e-14 -7.017419e-16 -1.048379e+00 9.228163e+00 -1.091699e-01
       1 -5.115002e-08 -1.107391e-02 6.608064e-07 8.988284e-01 5.378843e-04 4.383004e-01 1.935602e-02 9.989749e-01 -4.091960e-02 -4.378731e-01 4.526345e-02 8.978966e-01 -1.038381e-19 7.497879e-21 8.897934e-20 2.681081e-01 8.738896e+00 -6.825503e-02
       1 -5.115002e-08 -1.107391e-02 6.608064e-07 8.571888e-01 6.034247e-03 5.149670e-01 1.876386e-02 9.989015e-01 -4.293827e-02 -5.146604e-01 4.646898e-02 8.561339e-01 -1.184844e-19 6.548899e-21 1.101909e-19 2.319403e-01 8.698512e+00 -7.645862e-02
       1 -5.115002e-08 -1.107391e-02 6.608064e-07 8.090236e-01 1.098789e-02 5.876734e-01 1.918990e-02 9.987985e-01 -4.509268e-02 -5.874628e-01 4.775844e-02 8.078407e-01 -1.318433e-19 6.604900e-21 1.358530e-19 2.533184e-01 8.723632e+00 -8.902432e-02
       1 -5.115002e-08 -1.107391e-02 6.608064e-07 7.559962e-01 1.619965e-02 6.543755e-01 2.196478e-02 9.985029e-01 -5.009462e-02 -6.542074e-01 5.224455e-02 7.545086e-01 -7.780037e-16 3.019815e-14 2.716041e-16 7.448521e-01 8.429452e+00 -1.071547e-01
       1 -5.115002e-08 -1.107391e-02 6.608064e-07 6.972031e-01 2.183459e-02 7.165411e-01 2.455656e-02 9.982220e-01 -5.431185e-02 -7.164530e-01 5.546217e-02 6.954273e-01 -2.594490e-16 1.065886e-14 9.065142e-17 4.449171e-01 8.585325e+00 -1.032326e-01
       1 -5.115002e-08 -1.107391e-02 6.608064e-07 6.367273e-01 2.841003e-02 7.705655e-01 3.185762e-02 9.974985e-01 -6.310116e-02 -7.704307e-01 6.472661e-02 6.342294e-01 -1.901614e-15 7.283680e-14 6.636861e-16 1.453190e+00 7.906894e+00 -2.163442e-01
       1 -5.115002e-08 -1.107391e-02 6.608064e-07 5.697437e-01 3.502096e-02 8.210759e-01 3.569376e-02 9.970944e-01 -6.729645e-02 -8.210469e-01 6.764901e-02 5.668382e-01 5.742611e-17 5.294424e-17 -1.995496e-17 2.755571e-01 8.547633e+00 -5.899875e-02
       1 -5.115002e-08 -1.107391e-02 6.608064e-07 4.969869e-01 4.330323e-02 8.666769e-01 3.802832e-02 9.967077e-01 -7.160713e-02 -8.669244e-01 6.854607e-02 4.937039e-01 -1.624567e-19 1.193175e-20 2.594113e-19 3.467943e-01 8.720646e+00 -3.762224e-01
