1 -0.13221311939246777 0.04215394533365132 0.2000000152587891 1 0 0 0 1 0 0 0 1 -0 -0 -0 0 0 0 
2 0.070999977111816409 0.16000001418590637 0.20000001525878908 -1 1.2246467991473532e-16 3.2626522339992619e-55 -1.2246467991473532e-16 -1 2.4714529939481741e-16 3.0266569982817742e-32 2.4714529939481741e-16 1 0 0 0 0 0 0 
1 -0.13221311939246777 0.04215394533365132 0.2000000152587891 1 0 0 0 1 0 0 0 1 -0 -0 -0 0 0 0 
2 0.070999977111816409 0.16000001418590637 0.20000001525878908 -1 1.2246467991473532e-16 0 -1.2246467991473532e-16 -1 2.4714529939481741e-16 3.0266569982817742e-32 2.4714529939481741e-16 1 0 0 0 0 0 0 
1 -0.13221311939246777 0.04215394533365132 0.2000000152587891 1 0 0 0 1 0 0 0 1 -0 -0 -0 0 0 0 
2 0.070999977111816409 0.16000001418590637 0.20000001525878908 -1 1.2246467991473532e-16 0 -1.2246467991473532e-16 -1 2.4714529939481741e-16 3.0266569982817742e-32 2.4714529939481741e-16 1 0 0 0 0 0 0 
1 -0.13221311939246777 0.04215394533365132 0.2000000152587891 1 0 0 0 1 0 0 0 1 -0 -0 -0 0 0 0 
2 0.070999977111816409 0.16000001418590637 0.20000001525878908 -1 1.2246467991473532e-16 0 -1.2246467991473532e-16 -1 2.4714529939481741e-16 3.0266569982817742e-32 2.4714529939481741e-16 1 0 0 0 0 0 0 
1 -0.13221311939246777 0.04215394533365132 0.2000000152587891 1 0 0 0 1 0 0 0 1 -0 -0 -0 0 0 0 
2 0.070999977111816409 0.16000001418590637 0.20000001525878908 -1 1.2246467991473532e-16 0 -1.2246467991473532e-16 -1 2.4714529939481741e-16 3.0266569982817742e-32 2.4714529939481741e-16 1 0 0 0 0 0 0 
1 -0.13221311939246777 0.04215394533365132 0.2000000152587891 1 0 0 0 1 0 0 0 1 -0 -0 -0 0 0 0 
2 0.070999977111816409 0.16000001418590637 0.20000001525878908 -1 1.2246467991473532e-16 0 -1.2246467991473532e-16 -1 2.4714529939481741e-16 3.0266569982817742e-32 2.4714529939481741e-16 1 0 0 0 0 0 0 
1 -0.13221311939246777 0.04215394533365132 0.2000000152587891 1 0 0 0 1 0 0 0 1 -0 -0 -0 0 0 0 
2 0.070999977111816409 0.16000001418590637 0.20000001525878908 -1 1.2246467991473532e-16 0 -1.2246467991473532e-16 -1 2.4714529939481741e-16 3.0266569982817742e-32 2.4714529939481741e-16 1 0 0 0 0 0 0 
1 -0.13221311939246777 0.04215394533365132 0.2000000152587891 1 0 0 0 1 0 0 0 1 -0 -0 -0 0 0 0 
2 0.070999977111816409 0.16000001418590637 0.20000001525878908 -1 1.2246467991473532e-16 0 -1.2246467991473532e-16 -1 2.4714529939481741e-16 3.0266569982817742e-32 2.4714529939481741e-16 1 0 0 0 0 0 0 
1 -0.13221311939246777 0.04215394533365132 0.2000000152587891 1 0 0 0 1 0 0 0 1 -0 -0 -0 0 0 0 
2 0.070999977111816409 0.16000001418590637 0.20000001525878908 -1 1.2246467991473532e-16 0 -1.2246467991473532e-16 -1 2.4714529939481741e-16 3.0266569982817742e-32 2.4714529939481741e-16 1 0 0 0 0 0 0 
1 -0.13221311939246777 0.04215394533365132 0.2000000152587891 1 0 0 0 1 0 0 0 1 -0 -0 -0 0 0 0 
2 0.070999977111816409 0.16000001418590637 0.20000001525878908 -1 1.2246467991473532e-16 0 -1.2246467991473532e-16 -1 2.4714529939481741e-16 3.0266569982817742e-32 2.4714529939481741e-16 1 0 0 0 0 0 0 
1 -0.13221311939246777 0.04215394533365132 0.2000000152587891 1 0 0 0 1 0 0 0 1 -0 -0 -0 0 0 0 
2 0.070999977111816409 0.16000001418590637 0.20000001525878908 -1 1.2246467991473532e-16 0 -1.2246467991473532e-16 -1 2.4714529939481741e-16 3.0266569982817742e-32 2.4714529939481741e-16 1 0 0 0 0 0 0 
1 -0.13221311939246777 0.04215394533365132 0.2000000152587891 1 0 0 0 1 0 0 0 1 -0 -0 -0 0 0 0 
2 0.070999977111816409 0.16000001418590637 0.20000001525878908 -1 1.2246467991473532e-16 0 -1.2246467991473532e-16 -1 2.4714529939481741e-16 3.0266569982817742e-32 2.4714529939481741e-16 1 0 0 0 0 0 0 
1 -0.13221311939246777 0.04215394533365132 0.2000000152587891 1 0 0 0 1 0 0 0 1 -0 -0 -0 0 0 0 
2 0.070999977111816409 0.16000001418590637 0.20000001525878908 -1 1.2246467991473532e-16 0 -1.2246467991473532e-16 -1 2.4714529939481741e-16 3.0266569982817742e-32 2.4714529939481741e-16 1 0 0 0 0 0 0 
1 -0.13221311939246777 0.04215394533365132 0.2000000152587891 1 0 0 0 1 0 0 0 1 -0 -0 -0 0 0 0 
2 0.070999977111816409 0.16000001418590637 0.20000001525878908 -1 1.2246467991473532e-16 0 -1.2246467991473532e-16 -1 2.4714529939481741e-16 3.0266569982817742e-32 2.4714529939481741e-16 1 0 0 0 0 0 0 
1 -0.13221311939246777 0.04215394533365132 0.2000000152587891 1 0 0 0 1 0 0 0 1 -0 -0 -0 0 0 0 
2 0.070999977111816409 0.16000001418590637 0.20000001525878908 -1 1.2246467991473532e-16 0 -1.2246467991473532e-16 -1 2.4714529939481741e-16 3.0266569982817742e-32 2.4714529939481741e-16 1 0 0 0 0 0 0 
1 -0.13221311939246777 0.04215394533365132 0.2000000152587891 1 0 0 0 1 0 0 0 1 -0 -0 -0 0 0 0 
2 0.070999977111816409 0.16000001418590637 0.20000001525878908 -1 1.2246467991473532e-16 0 -1.2246467991473532e-16 -1 2.4714529939481741e-16 3.0266569982817742e-32 2.4714529939481741e-16 1 0 0 0 0 0 0 
1 -0.13221311939246777 0.04215394533365132 0.2000000152587891 1 0 0 0 1 0 0 0 1 -0 -0 -0 0 0 0 
2 0.070999977111816409 0.16000001418590637 0.20000001525878908 -1 1.2246467991473532e-16 0 -1.2246467991473532e-16 -1 2.4714529939481741e-16 3.0266569982817742e-32 2.4714529939481741e-16 1 0 0 0 0 0 0 
1 -0.13221311939246777 0.04215394533365132 0.2000000152587891 1 0 0 0 1 0 0 0 1 -0 -0 -0 0 0 0 
2 0.070999977111816409 0.16000001418590637 0.20000001525878908 -1 1.2246467991473532e-16 0 -1.2246467991473532e-16 -1 2.4714529939481741e-16 3.0266569982817742e-32 2.4714529939481741e-16 1 0 0 0 0 0 0 
1 -0.13221311939246777 0.04215394533365132 0.2000000152587891 1 0 0 0 1 0 0 0 1 -0 -0 -0 0 0 0 
2 0.070999977111816409 0.16000001418590637 0.20000001525878908 -1 1.2246467991473532e-16 0 -1.2246467991473532e-16 -1 2.4714529939481741e-16 3.0266569982817742e-32 2.4714529939481741e-16 1 0 0 0 0 0 0 
1 -0.13221311939246777 0.04215394533365132 0.2000000152587891 1 0 0 0 1 0 0 0 1 -0 -0 -0 0 0 0 
2 0.070999977111816409 0.16000001418590637 0.20000001525878908 -1 1.2246467991473532e-16 0 -1.2246467991473532e-16 -1 2.4714529939481741e-16 3.0266569982817742e-32 2.4714529939481741e-16 1 0 0 0 0 0 0 
1 -0.13221311939246777 0.04215394533365132 0.2000000152587891 1 0 0 0 1 0 0 0 1 -0 -0 -0 0 0 0 
2 0.070999977111816409 0.16000001418590637 0.20000001525878908 -1 1.2246467991473532e-16 0 -1.2246467991473532e-16 -1 2.4714529939481741e-16 3.0266569982817742e-32 2.4714529939481741e-16 1 0 0 0 0 0 0 
1 -0.13221311939246777 0.04215394533365132 0.2000000152587891 1 0 0 0 1 0 0 0 1 -0 -0 -0 0 0 0 
2 0.070999977111816409 0.16000001418590637 0.20000001525878908 -1 1.2246467991473532e-16 0 -1.2246467991473532e-16 -1 2.4714529939481741e-16 3.0266569982817742e-32 2.4714529939481741e-16 1 0 0 0 0 0 0 
1 -0.13221311939246777 0.04215394533365132 0.2000000152587891 1 0 0 0 1 0 0 0 1 -0 -0 -0 0 0 0 
2 0.070999977111816409 0.16000001418590637 0.20000001525878908 -1 1.2246467991473532e-16 0 -1.2246467991473532e-16 -1 2.4714529939481741e-16 3.0266569982817742e-32 2.4714529939481741e-16 1 0 0 0 0 0 0 
1 -0.13221311939246777 0.04215394533365132 0.2000000152587891 1 0 0 0 1 0 0 0 1 -0 -0 -0 0 0 0 
2 0.070999977111816409 0.16000001418590637 0.20000001525878908 -1 1.2246467991473532e-16 0 -1.2246467991473532e-16 -1 2.4714529939481741e-16 3.0266569982817742e-32 2.4714529939481741e-16 1 0 0 0 0 0 0 
1 -0.13221311939246777 0.04215394533365132 0.2000000152587891 1 0 0 0 1 0 0 0 1 -0 -0 -0 0 0 0 
2 0.070999977111816409 0.16000001418590637 0.20000001525878908 -1 1.2246467991473532e-16 0 -1.2246467991473532e-16 -1 2.4714529939481741e-16 3.0266569982817742e-32 2.4714529939481741e-16 1 0 0 0 0 0 0 
1 -0.13221311939246777 0.04215394533365132 0.2000000152587891 1 0 0 0 1 0 0 0 1 -7.3955709864469857e-32 4.3140830754274083e-32 -0 0 0 0 
2 0.070999977111816409 0.16000001418590637 0.20000001525878908 -1 1.2246467991473532e-16 0 -1.2246467991473532e-16 -1 2.4714529939481741e-16 3.0266569982817742e-32 2.4714529939481741e-16 1 -7.3955709864469857e-32 4.3140830754274083e-32 2.6726931564596496e-33 0 6.7702447608492735e-31 5.4787566483582847e-15 
1 -0.13221311939246777 0.04215394533365132 0.2000000152587891 1 0 0 0 1 0 0 0 1 1.9758494542520951e-17 -1.7017784409855315e-17 -0 0 0 1.1102230246148718e-16 
2 0.070999977111778412 0.1600000141860024 0.20000001525878908 -0.99998782577720347 0.0049343993941780564 3.71170280155356e-24 -0.0049343993941780564 -0.99998782577720347 2.4714605160674879e-16 1.2195210389794544e-18 2.471430427773382e-16 1 -1.898984441917051e-13 -7.4047538933807999e-14 4.8765983827100608e-19 1.8313591990834778e-24 1.2194219724206523e-16 0.98680271401702102 
1 -0.13221311939246777 0.04215394533365132 0.2000000152587891 1 0 0 0 1 0 0 0 1 3.4701225346257509e-18 -2.081262900484592e-17 -0 0 0 2.2204460492503131e-16 
2 0.070999977111816409 0.16000001418590637 0.20000001525878908 -0.99980531446212761 0.019731527393642721 2.7410690081414449e-27 -0.019731527393642721 -0.99980531446212761 2.4714529948745729e-16 4.876554249787333e-18 2.4709718387183984e-16 1 -2.4286128663675299e-17 2.0816681711721685e-17 1.0122685403386188e-18 2.7035592113585702e-27 2.437633098655455e-16 1.9726315683209392 
1 -0.13221311939246777 0.04215394533365132 0.2000000152587891 1 0 0 0 1 0 0 0 1 -4.8620131406204927e-17 2.5995230564984133e-17 -0 0 0 0 
2 0.070999977111816409 0.16000001418590637 0.20000001525878908 -0.99901534451944696 0.044365993899503325 3.5145354160565856e-26 -0.044365993899503325 -0.99901534451944696 2.4714530010832943e-16 1.096484691200781e-17 2.4690194713252554e-16 1 -5.2041704279304213e-17 2.7755575615628914e-17 1.6098547530913773e-18 5.1953859987142831e-26 3.6534422842270685e-16 2.9565136643308061 
1 -0.13221311939246777 0.04215394533365132 0.2000000152587891 1 0 0 0 1 0 0 0 1 -1.2305301905993778e-16 -6.2951169219128694e-17 -0 0 0 4.4408920985006271e-16 
2 0.070999977111816395 0.1600000141859064 0.20000001525878908 -0.99689268475980919 0.078771664146314729 1.8817561218479905e-25 -0.078771664146314729 -0.99689268475980919 2.4714530212834104e-16 1.9468046922184056e-17 2.4637734374967317e-16 1 -2.7755575615628914e-16 -2.4286128663675299e-17 2.3144711792036824e-18 3.7046866702894958e-25 4.8656459801334603e-16 3.9374780246534988 
1 -0.13221311939246777 0.04215394533365132 0.2000000152587891 1 0 0 0 1 0 0 0 1 -9.4323628810403767e-17 1.0329556479845715e-17 -0 0 0 0 
2 0.070999977111816409 0.1600000141859064 0.20000001525878908 -0.99243064988876051 0.12280637264153875 6.5718871724196676e-25 -0.12280637264153875 -0.99243064988876051 2.4714530683713989e-16 3.0351019300263464e-17 2.4527457740063291e-16 1 -2.7755575615628914e-16 -1.3877787807814457e-17 3.1569394229194643e-18 1.6148955678867137e-24 6.0730479342857601e-16 4.9145565513713656 
1 -0.13221311939246777 0.04215394533365132 0.2000000152587891 1 0 0 0 1 0 0 0 1 3.7440224550567725e-17 1.1742883944562546e-16 -0 0 0 -8.8817841970012109e-16 
2 0.070999977111816381 0.16000001418590643 0.20000001525878908 -0.98435375130931402 0.17620355354895958 1.7790672751724362e-24 -0.17620355354895958 -0.98435375130931402 2.4714531592627765e-16 4.3547884660421942e-17 2.4327841853707897e-16 1 -5.0653925498522767e-16 -4.0939474033052647e-16 4.1632770812330023e-18 5.236493263151438e-24 7.2744566701320252e-16 5.8867849814333226 
1 -0.13221311939246777 0.04215394533365132 0.2000000152587891 1 0 0 0 1 0 0 0 1 -2.0593535558690078e-16 1.1548246600478299e-16 -0 0 0 0 
2 0.07099997711181627 0.16000001418590648 0.20000001525878908 -0.97113951175536772 0.2385121563097905 4.0648203165246796e-24 -0.2385121563097905 -0.97113951175536772 2.4714533146527012e-16 5.8947169877187108e-17 2.4001259556229187e-16 1 -2.0400348077487251e-15 -1.5820678100908481e-15 5.3527578719886661e-18 1.3928521118572501e-23 8.4686866710421826e-16 6.8532038382705514 
1 -0.13221311939246777 0.04215394533365132 0.2000000152587891 1 0 0 0 1 0 0 0 1 9.9724205366405162e-17 1.0589718252687478e-16 -0 0 0 -8.881784197000779e-16 
2 0.070999977111815923 0.1600000141859067 0.20000001525878908 -0.95105324531592028 0.30902706123259821 8.2265456625010909e-24 -0.30902706123259821 -0.95105324531592028 2.4714535587174295e-16 7.6374610846212343e-17 2.3504839022435395e-16 1 -6.0229599085914742e-15 -6.7654215563095477e-15 6.7355846977173706e-18 3.2136422236667993e-23 9.654559557609268e-16 7.8128593786884988 
1 -0.13221311939246777 0.04215394533365132 0.2000000152587891 1 0 0 0 1 0 0 0 1 7.4880449101125023e-17 2.3485767889121824e-16 -0 0 0 -1.7763568393999949e-15 
2 0.070999977111814994 0.16000001418590712 0.20000001525878908 -0.92219997278182297 0.38671334370720262 1.5197761084533982e-23 -0.38671334370720262 -0.92219997278182297 2.4714539187574392e-16 9.557443488947071e-17 2.2791746778378702e-16 1 -1.6570078642530461e-14 -2.2162827129079687e-14 8.3102124160397512e-18 6.6602702607721169e-23 1.0830905256473197e-15 8.764804534100799 
1 -0.13221311939246777 0.04215394533365132 0.2000000152587891 1 0 0 0 1 0 0 0 1 -5.1547314593588653e-16 1.3302289543201143e-16 -0 0 0 0 
2 0.070999977111812801 0.1600000141859077 0.20000001525878908 -0.88259763072936825 0.47012915484035417 2.6146262382667732e-23 -0.47012915484035417 -0.88259763072936825 2.4714544247834095e-16 1.1619030107161704e-16 2.1812996968482486e-16 1 -3.8150038683681942e-14 -6.3102301162132335e-14 1.0060427443845986e-17 1.2691526284611407e-22 1.1996563159299857e-15 9.7080998451761467 
1 -0.13221311939246777 0.04215394533365132 0.2000000152587891 1 0 0 0 1 0 0 0 1 -1.0254588418491133e-16 3.8822963256335422e-16 -0 0 0 -1.7763568393988968e-15 
2 0.07099997711180811 0.16000001418590823 0.20000001525878908 -0.83027520788163223 0.55735363924272741 4.2478837800131237e-23 -0.55735363924272741 -0.83027520788163223 2.4714551090468748e-16 1.3774748519435662e-16 2.0519876676766678e-16 1 -7.2053474298172659e-14 -1.6200929486842597e-13 1.1952375704798959e-17 2.2602595365072539e-22 1.3150383270581502e-15 10.641814388975888 
1 -0.13221311939246777 0.04215394533365132 0.2000000152587891 1 0 0 0 1 0 0 0 1 3.4296689245146109e-16 2.2569507954951836e-16 -0 0 0 -1.7763568393974871e-15 
2 0.070999977111799104 0.1600000141859077 0.20000001525878908 -0.76339826431066438 0.64592808426903459 6.5837360185128414e-23 -0.64592808426903459 -0.76339826431066438 2.4714560055180765e-16 1.5963833456007564e-16 1.8867047996706679e-16 1 -1.1218803663837207e-13 -3.7567171595753734e-13 1.3931825243133935e-17 3.8070541424278254e-22 1.4291227342963366e-15 11.565026697667298 
1 -0.13221311939246777 0.04215394533365132 0.2000000152587891 1 0 0 0 1 0 0 0 1 -2.7875103144958428e-16 -3.989694218779395e-18 -0 0 0 0 
2 0.070999977111783227 0.16000001418590382 0.20000001525878908 -0.68042233172345057 0.73282020338690346 9.8085984770561246e-23 -0.73282020338690346 -0.68042233172345057 2.4714571493143425e-16 1.8111343982214978e-16 1.681633917497144e-16 1 -1.2486539580081057e-13 -7.9852791046164384e-13 1.5922047958088511e-17 6.11900866244489e-22 1.5417969998847447e-15 12.476825667905965 
1 -0.13221311939246777 0.04215394533365132 0.2000000152587891 1 0 0 0 1 0 0 0 1 -4.5351124834772967e-16 -2.5217002605958713e-16 -0 0 0 1.7763568393906078e-15 
2 0.070999977111757609 0.16000001418589205 0.20000001525878908 -0.58027187171393502 0.81442283544704619 1.4128940143130244e-22 -0.81442283544704619 -0.58027187171393502 2.4714585760833707e-16 2.0128131210863923e-16 1.4341167431142047e-16 1 -1.4918621893400541e-14 -1.5692724897320431e-12 1.7822795057139952e-17 9.4496551980437755e-22 1.652949983707703e-15 13.376311459989799 
1 -0.13221311939246777 0.04215394533365132 0.2000000152587891 1 0 0 0 1 0 0 0 1 5.5250615208755244e-16 -1.236595983329086e-16 -0 0 0 1.7763568393834994e-15 
2 0.070999977111719917 0.16000001418586465 0.20000001525878908 -0.46253877561944812 0.88659905315111964 1.9768231453082971e-22 -0.88659905315111964 -0.46253877561944812 2.4714603213468291e-16 2.191195295164018e-16 1.1431444783782812e-16 1 4.1744038781210691e-13 -2.8649027594696008e-12 1.9510907258814605e-17 1.4097315324335095e-21 1.7624720523565082e-15 14.262596385897421 
1 -0.13221311939246777 0.04215394533365132 0.2000000152587891 1 0 0 0 1 0 0 0 1 -2.8216480486149427e-16 -5.1877317045210424e-16 -0 0 0 3.5527136787445944e-15 
2 0.070999977111670179 0.16000001418580945 0.20000001525878908 -0.32768993327730422 0.94478532356759004 2.696305584386453e-22 -0.94478532356759004 -0.32768993327730422 2.4714624198108796e-16 2.3350023055383583e-16 8.0987080801524804e-17 1 1.5407649114895783e-12 -4.867162228805455e-12 2.0843123855004774e-17 2.0404030677178081e-21 1.8702551864795179e-15 15.134805785334441 
1 -0.13221311939246777 0.04215394533365132 0.2000000152587891 1 0 0 0 1 0 0 0 1 -1.9741559144678553e-16 -5.4631995424108797e-17 -0 0 0 0 
2 0.070999977111816409 0.16000001418590637 0.20000001525878908 -0.17726844301109634 0.98416253693809219 1.7329301935442577e-27 -0.98416253693809219 -0.17726844301109634 2.4714529939794904e-16 2.4323114484811711e-16 4.3811062420080184e-17 1 -2.0816681711721685e-16 -2.7755575615628914e-17 2.1661513874062548e-17 1.3856736230659683e-26 1.9761835624491834e-15 15.99207888851786 
1 -0.13221311939246777 0.04215394533365132 0.2000000152587891 1 0 0 0 1 0 0 0 1 1.0409370963688866e-16 -7.6320279566460905e-16 -0 0 0 3.5527136788005009e-15 
2 0.070999977111816409 0.16000001418590637 0.20000001525878908 -0.014068032207205499 0.99990104033840121 2.8171455520606739e-27 -0.99990104033840121 -0.014068032207205499 2.4714529939970342e-16 2.4712084198454873e-16 3.4768480289976066e-18 1 -3.1918911957973251e-16 -2.7755575615628914e-17 2.1802495758787446e-17 2.3711186658680562e-26 2.0801688076604656e-15 16.833569667018008 
1 -0.13221311939246777 0.04215394533365132 0.2000000152587891 1 0 0 0 1 0 0 0 1 -1.4976089820227159e-16 -4.6971535778250402e-16 -0 0 0 3.5527136788005009e-15 
2 0.070999977111816409 0.16000001418590637 0.20000001525878908 0.15774414352130728 0.98748001761287763 4.4337927177946969e-27 -0.98748001761287763 0.15774414352130728 2.4714529940222605e-16 2.4405104460595067e-16 -3.8985723583899487e-17 1 5.5511151231257827e-17 5.5511151231257827e-17 2.1108218375686844e-17 3.9147025206366406e-26 2.1821011678084027e-15 17.658447666909169 
1 -0.13221311939246777 0.04215394533365132 0.2000000152587891 1 0 0 0 1 0 0 0 1 0 0 -0 0 0 0 
2 0.070999977111816409 0.16000001418590637 0.20000001525878908 0.33258412514843866 0.9430735918788351 6.7767096063011019e-27 -0.9430735918788351 0.33258412514843866 2.4714529940576369e-16 2.3307620522430986e-16 -8.2196603193805784e-17 1 -4.163336342344337e-16 8.3266726846886741e-17 1.9441891943870222e-17 6.2569291558509772e-26 2.2818800474927246e-15 18.465898829387239 
1 -0.13221311939246777 0.04215394533365132 0.2000000152587891 1 0 0 0 1 0 0 0 1 0 0 -0 0 0 0 
2 0.070999977111816409 0.16000001418590634 0.20000001525878908 0.50351558678414743 0.8639861421720928 1.0084489663554313e-26 -0.8639861421720928 0.50351558678414743 2.4714529941061193e-16 2.135301137886637e-16 -1.2444151046239095e-16 1 7.4940054162198066e-16 -5.5511151231257827e-17 1.6705147060268624e-17 9.7088858694849723e-26 2.3794069765491543e-15 19.255126293913133 
1 -0.13221311939246777 0.04215394533365132 0.2000000152587891 1 0 0 0 1 0 0 0 1 1.2968022410273792e-16 -1.4554349813616973e-16 -0 0 0 0 
2 0.070999977111816409 0.16000001418590637 0.20000001525878908 0.66244770195083014 0.74910816453971729 1.4643094967696947e-26 -0.74910816453971729 0.66244770195083014 2.4714529941711634e-16 1.851385616112746e-16 -1.6372083565778782e-16 1 1.6653345369377348e-16 -1.2490009027033011e-16 1.2856742766522651e-17 1.4661670176824573e-25 2.4745857072281e-15 20.025351184621556 
1 -0.13221311939246777 0.04215394533365132 0.2000000152587891 1 0 0 0 1 0 0 0 1 4.3341805622881163e-17 -1.3330754799268159e-16 -0 0 0 0 
2 0.070999977111816409 0.16000001418590637 0.20000001525878908 0.80048509795402045 0.5993526574176028 2.0786250659492424e-26 -0.5993526574176028 0.80048509795402045 2.471452994256708e-16 1.4812719196240585e-16 -1.9783612923209209e-16 1 8.3266726846886741e-17 -9.7144514654701197e-17 7.9308165205259464e-18 2.1592572507812437e-25 2.5673223091800671e-15 20.77581337898107 
1 -0.13221311939246777 0.04215394533365132 0.2000000152587891 1 0 0 0 1 0 0 0 1 0 0 -0 0 0 0 
2 0.070999977111816409 0.16000001418590637 0.20000001525878908 0.90843690417561984 0.41802199838263981 2.8893201619125745e-26 -0.41802199838263981 0.90843690417561984 2.4714529943671307e-16 1.0331217193516306e-16 -2.2451591071392217e-16 1 -3.0531133177191805e-16 8.3266726846886741e-17 2.0524405661726096e-18 3.106853733426959e-25 2.6575252621540057e-15 21.505772257946767 
1 -0.13221311939246777 0.04215394533365132 0.2000000152587891 1 0 0 0 1 0 0 0 1 -4.9589701219070852e-16 2.0008668362481778e-16 -0 0 0 0 
2 0.070999977111816409 0.16000001418590634 0.20000001525878908 0.97747559464626743 0.21104848227581688 3.9382678912873728e-26 -0.21104848227581688 0.97747559464626743 2.4714529945071718e-16 5.2159640312180533e-17 -2.4157849855293125e-16 1 8.3266726846886741e-17 1.8041124150158794e-16 -4.5521114061916483e-18 4.3743342992159261e-25 2.7451055463171218e-15 22.214507436865233 
1 -0.13221311939246777 0.04215394533365132 0.2000000152587891 1 0 0 0 1 0 0 0 1 5.5841094315650746e-16 3.4431373588609806e-16 -0 0 0 -3.5527136788005017e-15 
2 0.070999977111816409 0.16000001418590637 0.20000001525878908 0.99991614719044009 -0.012949848949935104 5.2703793033362927e-26 0.012949848949935104 0.99991614719044009 2.4714529946818113e-16 -3.2004943494987958e-18 -2.4712457563976868e-16 1 9.7144514654701197e-16 -3.7470027081099033e-16 -1.155308968908885e-17 6.0349319874677226e-25 2.8299767301069972e-15 22.901319476410631 
1 -0.13221311939246777 0.04215394533365132 0.2000000152587891 1 0 0 0 1 0 0 0 1 1.2331053964023612e-16 -1.183712023460529e-16 -0 0 0 0 
2 0.070999977111816423 0.16000001418590634 0.20000001525878908 0.97006364699462611 -0.24285082000990957 6.9323044079873778e-26 0.24285082000990957 0.97006364699462611 2.4714529948961197e-16 -6.001943870989472e-17 -2.3974667054363689e-16 1 7.4940054162198066e-16 2.2204460492503131e-16 -1.8525437747213555e-17 8.1681710032210636e-25 2.9120550555293106e-15 23.565530572850008 
1 -0.13221311939246777 0.04215394533365132 0.2000000152587891 1 0 0 0 1 0 0 0 1 3.6288178418807627e-16 -2.2292634125973501e-16 -0 0 0 0 
2 0.070999977111816395 0.16000001418590637 0.20000001525878908 0.88505540716069242 -0.46548568856155065 8.9707166729953969e-26 0.46548568856155065 0.88505540716069242 2.4714529951550623e-16 -1.1504259999912189e-16 -2.1873728364879026e-16 1 3.0531133177191805e-16 -5.5511151231257827e-16 -2.4969172463630723e-17 1.0857475236095818e-24 2.991259520816974e-15 24.206485226956939 
1 -0.13221311939246777 0.04215394533365132 0.2000000152587891 1 0 0 0 1 0 0 0 1 -6.180751995218401e-16 -1.0347351891493882e-17 -0 0 0 0 
2 0.070999977111816409 0.16000001418590637 0.20000001525878908 0.74560528196485187 -0.66638784765788894 1.143028390267103e-25 0.66638784765788894 0.74560528196485187 2.4714529954632727e-16 -1.6469462430866607e-16 -1.8427284067835711e-16 1 -6.3837823915946501e-16 0 -3.0342597452615693e-17 1.418701257015309e-24 3.0675119603691108e-15 24.823550890913118 
1 -0.13221311939246777 0.04215394533365132 0.2000000152587891 1 0 0 0 1 0 0 0 1 1.6703799893012713e-16 -7.0332335971508271e-16 -0 0 0 3.5527136788005017e-15 
2 0.070999977111816409 0.16000001418590637 0.20000001525878908 0.55654686814054699 -0.83081621527444238 1.435130517961701e-25 0.83081621527444238 0.55654686814054699 2.4714529958248047e-16 -2.0533232250185639e-16 -1.3754794233905378e-16 1 -3.0531133177191805e-16 -5.5511151231257827e-17 -3.4107409294238706e-17 1.8237728515915674e-24 3.1407371218910005e-15 25.416118592559631 
1 -0.13221311939246777 0.04215394533365132 0.2000000152587891 1 0 0 0 1 0 0 0 1 -1.1748400736743146e-16 2.4917549044042278e-16 -0 0 -0 0 
2 0.070999977111816409 0.16000001418590637 0.20000001525878908 0.32707240692434009 -0.9449992807556622 1.7767183832788788e-25 0.9449992807556622 0.32707240692434009 2.4714529962428541e-16 -2.3355213044520389e-16 -8.0834407840252466e-17 1 -1.0581813203458523e-16 2.2204460492503131e-16 -3.5782907849276337e-17 2.3082772172972452e-24 3.2108627406588517e-15 25.983603536381722 
1 -0.13221311939246777 0.04215394533365132 0.2000000152587891 1 0 0 0 1 0 0 0 1 6.3997418211066565e-16 1.2458861923877402e-16 -0 0 -0 0 
2 0.070999977111816409 0.16000001418590637 0.20000001525878908 0.070578354154858775 -0.99750623853928422 2.1701748391904696e-25 0.99750623853928422 0.070578354154858775 2.4714529967194878e-16 -2.4652897826374655e-16 -1.744310827147921e-17 1 6.9388939039072284e-16 1.1102230246251565e-16 -3.5004605642456418e-17 2.8782428291700413e-24 3.2778196108361612e-15 26.525445680634128 
1 -0.13221311939246777 0.04215394533365132 0.2000000152587891 1 0 0 0 1 0 0 0 1 5.660847622102474e-16 -1.4969651757127684e-16 -0 0 -0 0 
2 0.070999977111816409 0.16000001418590637 0.20000001525878908 -0.1959417547665887 -0.98061553564023751 2.6166651811649042e-25 0.98061553564023751 -0.1959417547665887 2.4714529972553773e-16 -2.4235452042005385e-16 4.8426083967130631e-17 1 4.9960036108132044e-16 -5.5511151231257827e-17 -3.1580840711057923e-17 3.5378762879870468e-24 3.341541653771282e-15 27.041110290037196 
1 -0.13221311939246777 0.04215394533365132 0.2000000152587891 1 0 0 0 1 0 0 0 1 0 0 -0 0 0 0 
2 0.070999977111816409 0.16000001418590637 0.20000001525878908 -0.45297202257324204 -0.8915247314381729 3.1158914909509465e-25 0.8915247314381729 -0.45297202257324204 2.4714529978495468e-16 -2.2033614687584729e-16 1.1194990659085059e-16 1 5.5511151231257827e-16 -1.3877787807814457e-16 -2.553986508703536e-17 4.2890383194084516e-24 3.4019659832088297e-15 27.530088463498501 
1 -0.13221311939246777 0.04215394533365132 0.2000000152587891 1 0 0 0 1 0 0 0 1 -1.514143462234102e-16 -6.4361176874352907e-16 -0 0 0 3.5527136788005009e-15 
2 0.070999977111816409 0.16000001418590637 0.20000001525878908 -0.679975288549441 -0.73323502846093236 3.665889504894595e-25 0.73323502846093236 -0.679975288549441 2.4714529984991787e-16 -1.8121559072016877e-16 1.6805269684788187e-16 1 -6.106226635438361e-16 8.3266726846886741e-17 -1.7159627478618471e-17 5.1307602022426445e-24 3.4590329673506311e-15 27.991897636339221 
1 -0.13221311939246777 0.04215394533365132 0.2000000152587891 1 0 0 0 1 0 0 0 1 7.1233094681364083e-16 -1.4870355894984054e-16 -0 0 0 0 
2 0.070999977111816409 0.16000001418590637 0.20000001525878908 -0.85721765462421573 -0.51495426262975896 4.262863446187056e-25 0.51495426262975896 -0.85721765462421573 2.4714529991994589e-16 -1.2726852531726616e-16 2.1185731456829236e-16 1 6.106226635438361e-16 -1.5959455978986625e-16 -6.9733373954983855e-18 6.0588254749512191e-24 3.5126862877049652e-15 28.426082056529324 
1 -0.13221311939246777 0.04215394533365132 0.2000000152587891 1 0 0 0 1 0 0 0 1 1.1472158890535033e-16 1.3430287796841452e-16 -0 0 0 0 
2 0.070999977111816409 0.16000001418590637 0.20000001525878908 -0.96775422587733917 -0.2518963244998863 4.9010983873485527e-25 0.2518963244998863 -0.96775422587733917 2.4714529999435027e-16 -6.2254992211692726e-17 2.3917590859871208e-16 1 1.6653345369377348e-16 1.457167719820518e-16 4.2540092981697508e-18 7.0654756905313268e-24 3.5628729946660922e-15 28.832213234461992 
1 -0.13221311939246777 0.04215394533365132 0.2000000152587891 1 0 0 0 1 0 0 0 1 1.222019402408045e-15 -5.5475988277143571e-17 -0 0 0 0 
2 0.070999977111816409 0.16000001418590637 0.20000001525878908 -0.99936656053181516 0.035587605859483083 5.5729418768566567e-25 -0.035587605859483083 -0.99936656053181516 2.4714530007223584e-16 8.7953100859355806e-18 2.4698874846496096e-16 1 1.2212453270876722e-15 -5.5511151231257827e-17 1.55797392428342e-17 8.1392510419609186e-24 3.6095435597692267e-15 29.209890365823075 
1 -0.13221311939246777 0.04215394533365132 0.2000000152587891 1 0 0 0 1 0 0 0 1 -1.4026076760731853e-16 3.6257341148576912e-17 -0 0 0 3.5527136788005009e-15 
2 0.070999977111816423 0.16000001418590637 0.20000001525878908 -0.94621639695638859 0.32353443422744038 6.2688771321878899e-25 -0.32353443422744038 -0.94621639695638859 2.4714530015251027e-16 7.996001544998478e-17 2.3385293523219372e-16 1 -6.106226635438361e-16 1.1379786002407855e-15 2.5965797349624464e-17 9.2650056710306872e-24 3.6526519245694251e-15 29.558740727138403 
1 -0.13221311939246777 0.04215394533365132 0.2000000152587891 1 0 0 0 1 0 0 0 1 9.4615697878196442e-17 -2.3731865200889067e-16 -0 0 0 0 
2 0.070999977111816395 0.16000001418590637 0.20000001525878908 -0.80998329530506041 0.58645294894539945 6.9776823989650521e-25 -0.58645294894539945 -0.80998329530506041 2.4714530023390341e-16 1.4493909070534941e-16 2.0018356429340738e-16 1 5.5511151231257827e-17 -6.6613381477509392e-16 3.4382437437198718e-17 1.042410621477315e-23 3.6921555460961582e-15 29.878420043608564 
1 -0.13221311939246777 0.04215394533365132 0.2000000152587891 1 0 0 0 1 0 0 0 1 3.025056351491001e-17 -2.663810341137671e-16 -0 0 0 3.5527136788005009e-15 
2 0.070999977111816409 0.16000001418590634 0.20000001525878908 -0.60029008953217156 0.79978235064888581 7.6866874077886067e-25 -0.79978235064888581 -0.60029008953217156 2.4714530031499555e-16 1.9766244969917617e-16 1.4835887383877642e-16 1 4.5796699765787707e-16 5.5511151231257827e-16 3.992253504699678e-17 1.1594834765473797e-23 3.7280154388387315e-15 30.168612828868216 
1 -0.13221311939246777 0.04215394533365132 0.2000000152587891 1 0 0 0 1 0 0 0 1 1.4976089820227157e-16 4.6971535778250392e-16 -0 0 0 -3.5527136788005001e-15 
2 0.070999977111816395 0.16000001418590637 0.20000001525878908 -0.33428889741912027 0.94247065368758776 8.3821076155266714e-25 -0.94247065368758776 -0.33428889741912027 2.4714530039425443e-16 2.3292719309859272e-16 8.2617929181123531e-17 1 3.0531133177191805e-16 0 4.191284530187538e-17 1.2752971123974853e-23 3.7601962132210797e-15 30.429032696334414 
1 -0.13221311939246777 0.04215394533365132 0.2000000152587891 1 0 0 0 1 0 0 0 1 -2.2100884033359668e-16 7.3802689094383374e-17 -0 0 0 0 
2 0.070999977111816423 0.16000001418590637 0.20000001525878908 -0.035375836471836113 0.99937407920854038 9.0494612615926222e-25 -0.99937407920854038 -0.035375836471836113 2.4714530047008053e-16 2.4699060712001796e-16 8.7429708298326686e-18 1 -2.0816681711721685e-16 4.9960036108132044e-16 4.0007332836364763e-17 1.3872562752570679e-23 3.7886661105279949e-15 30.659422641836969 
1 -0.13221311939246777 0.04215394533365132 0.2000000152587891 1 0 0 0 1 0 0 0 1 -2.2624505101578871e-16 3.4806219585100838e-16 -0 0 0 -3.5527136788005017e-15 
2 0.070999977111816395 0.16000001418590637 0.20000001525878908 0.26888669587136438 0.96317181477832936 9.6740391715919985e-25 -0.96317181477832936 0.26888669587136438 2.4714530054085762e-16 2.380433873757514e-16 -6.6454084194342709e-17 1 1.6653345369377348e-16 -7.7715611723760958e-16 3.4248634018949511e-17 1.4926827231883343e-23 3.8133970342482437e-15 30.859555297251699 
1 -0.13221311939246777 0.04215394533365132 0.2000000152587891 1 0 0 0 1 0 0 0 1 0 0 -0 0 0 0 
2 0.070999977111816409 0.1600000141859064 0.20000001525878908 0.54945045091591382 0.83552630239167158 1.024141739365138e-24 -0.83552630239167158 0.54945045091591382 2.471453006050069e-16 2.0649639860526442e-16 -1.3579409771486748e-16 1 -1.2212453270876722e-15 3.8857805861880479e-16 2.5086873179341454e-17 1.5889166144341055e-23 3.8343645778036229e-15 31.029233154886406 
1 -0.13221311939246777 0.04215394533365132 0.2000000152587891 1 0 0 0 1 0 0 0 1 -6.2360294316756366e-16 -1.5154535015431684e-16 -0 0 0 0 
2 0.070999977111816423 0.16000001418590634 0.20000001525878908 0.77878059394779009 0.62729641039171202 1.0737980311806169e-24 -0.62729641039171202 0.77878059394779009 2.4714530066104344e-16 1.5503335911359988e-16 -1.9247196471380222e-16 1 2.7755575615628914e-16 3.6082248300317588e-16 1.3350162946854981e-17 1.6734223528297749e-23 3.85154804863653e-15 31.168288762397939 
1 -0.13221311939246777 0.04215394533365132 0.2000000152587891 1 0 0 0 1 0 0 0 1 7.9507293983895916e-16 -2.8510837571744267e-16 -0 0 0 0 
2 0.070999977111816409 0.16000001418590637 0.20000001525878908 0.93382834519365976 0.35772143032375203 1.1151438212710122e-24 -0.35772143032375203 0.93382834519365976 2.4714530070763036e-16 8.8409169425574432e-17 -2.3079128758110675e-16 1 7.7715611723760958e-16 -2.7343578790084422e-16 1.6752156736884606e-19 1.7438945121013566e-23 3.8649304886322171e-15 31.276584888048337 
1 -0.13221311939246777 0.04215394533365132 0.2000000152587891 1 0 0 0 1 0 0 0 1 0 0 -0 0 0 0 
2 0.070999977111816409 0.16000001418590634 0.20000001525878908 0.99861441609475399 0.05262364456908597 1.147130580218933e-24 -0.05262364456908597 0.99861441609475399 2.4714530074362949e-16 1.3005685317711483e-17 -2.4680286025302814e-16 1 1.7208456881689926e-15 4.3021142204224816e-16 -1.3148301604831171e-17 1.7983574505088878e-23 3.8744986908555145e-15 31.354014656136528 
1 -0.13221311939246777 0.04215394533365132 0.2000000152587891 1 0 0 0 1 0 0 0 1 -3.6271241960652381e-16 3.2177380293863886e-16 -0 0 0 0 
2 0.070999977111816409 0.16000001418590637 0.20000001525878908 0.96609358600802764 -0.25819214371113153 1.1689320247595951e-24 0.25819214371113153 0.96609358600802764 2.4714530076814511e-16 -6.3810976142757483e-17 -2.3876548958232079e-16 1 -4.4408920985006262e-16 3.0531133177191805e-16 -2.5244562242396272e-17 1.8352525921426152e-23 3.8802432125854478e-15 31.400501652472265 
1 -0.13221311939246777 0.04215394533365132 0.2000000152587891 1 0 0 0 1 0 0 0 1 -3.3183076699850729e-16 -4.0754627578897644e-16 -0 0 0 0 
2 0.070999977111816409 0.16000001418590637 0.20000001525878908 0.83905154549918504 -0.54405193134059271 1.1799776120136689e-24 0.54405193134059271 0.83905154549918504 2.4714530078055986e-16 -1.3445987920147734e-16 -2.073676459408206e-16 1 -4.163336342344337e-16 -4.4408920985006262e-16 -3.4880990156443049e-17 1.853508884527783e-23 3.8821583846348428e-15 31.415999999788056 
1 -0.13221311939246777 0.04215394533365132 0.2000000152587891 1 0 0 0 1 0 0 0 1 -1.0006217465687173e-15 6.898243961170821e-16 -0 0 0 -3.5527136788005017e-15 
2 0.070999977111816409 0.16000001418590637 0.20000001525878908 0.62990372611091394 -0.77667322332599231 1.1799763547666011e-24 0.77667322332599231 0.62990372611091394 2.4714530078055833e-16 -1.9195113813037962e-16 -1.5567774493602021e-16 1 -5.5511151231257827e-16 0 -4.107137985396393e-17 1.8525920506622125e-23 3.8802423169456565e-15 31.400494403014726 
1 -0.13221311939246777 0.04215394533365132 0.2000000152587891 1 0 0 0 1 0 0 0 1 -7.1383099715818018e-16 3.2376233905019893e-16 -0 0 -0 0 
2 0.070999977111816409 0.16000001418590637 0.20000001525878908 0.3594057044020022 -0.93318140768196867 1.1689281235958996e-24 0.93318140768196867 0.3594057044020022 2.4714530076814077e-16 -2.3063140009291653e-16 -8.8825429821396335e-17 1 -7.5417103118091688e-16 3.3306690738754696e-16 -4.3195797427632523e-17 1.832528655436887e-23 3.8744969004545013e-15 31.35400016437584 
1 -0.13221311939246777 0.04215394533365132 0.2000000152587891 1 0 0 0 1 0 0 0 1 -3.1935128968675518e-17 -1.1823393132450398e-15 -0 0 -0 7.1054273576010034e-15 
2 0.070999977111816423 0.16000001418590637 0.20000001525878908 0.054425486072891882 -0.99851783482606327 1.1471242793465271e-24 0.99851783482606327 0.054425486072891882 2.4714530074362239e-16 -2.4677899064839088e-16 -1.3451001978178645e-17 1 -8.7430063189231078e-16 6.6613381477509392e-16 -4.1068783401961463e-17 1.7939052366563611e-23 3.8649278052264937e-15 31.276563168286174 
1 -0.13221311939246777 0.04215394533365132 0.2000000152587891 1 0 0 0 1 0 0 0 1 -2.0169836076838824e-16 3.1327128744993853e-18 -0 0 -0 0 
2 0.070999977111816395 0.16000001418590637 0.20000001525878908 -0.25495136511679567 -0.96695387761003493 1.1151352300827163e-24 0.96695387761003493 -0.25495136511679567 2.4714530070762065e-16 -2.389781065680266e-16 6.3010032875893189e-17 1 -2.2204460492503131e-16 -4.4408920985006262e-16 -3.4955006946634152e-17 1.7378412471097111e-23 3.8515444748592864e-15 31.168259836069183 
1 -0.13221311939246777 0.04215394533365132 0.2000000152587891 1 0 0 0 1 0 0 0 1 3.2942645701065571e-17 -1.2861887038765883e-16 -0 0 0 0 
2 0.070999977111816409 0.16000001418590637 0.20000001525878908 -0.53863003273716759 -0.84254239527370833 1.0737873815583964e-24 0.84254239527370833 -0.53863003273716759 2.4714530066103141e-16 -2.082303930212121e-16 1.3311988229059986e-16 1 0 -8.3266726846886741e-17 -2.5531130967182591e-17 1.6659379955484453e-23 3.8343601171627997e-15 31.029197050537984 
1 -0.13221311939246777 0.04215394533365132 0.2000000152587891 1 0 0 0 1 0 0 0 1 0 0 -0 0 0 0 
2 0.070999977111816423 0.16000001418590637 0.20000001525878908 -0.76964137297094737 -0.63847643418641153 1.0241292531761225e-24 0.63847643418641153 -0.76964137297094737 2.471453006049928e-16 -1.5779644946799235e-16 1.9021324913482656e-16 1 -2.2204460492503131e-16 -2.7755575615628914e-16 -1.3800015558823829e-17 1.5802064659136756e-23 3.8133916911238908e-15 30.859512050514411 
1 -0.13221311939246777 0.04215394533365132 0.2000000152587891 1 0 0 0 1 0 0 0 1 0 0 -0 0 0 0 
2 0.070999977111816409 0.16000001418590637 0.20000001525878908 -0.92683698481198662 -0.37546398440413059 9.6738995801896293e-25 0.37546398440413059 -0.92683698481198662 2.4714530054084175e-16 -9.2794158371207978e-17 2.2906340552694611e-16 1 4.9960036108132044e-16 -1.0755285551056204e-16 -9.6966431996526184e-19 1.4829784521551449e-23 3.7886598901688986e-15 30.659372295390316 
1 -0.13221311939246777 0.04215394533365132 0.2000000152587891 1 0 0 0 1 0 0 0 1 -3.1204680656432448e-16 2.0094235119477857e-16 -0 0 0 -3.5527136788005001e-15 
2 0.070999977111816395 0.16000001418590637 0.20000001525878908 -0.99684705827777553 -0.079346974756100225 9.0493093596460485e-25 0.079346974756100225 -0.99684705827777553 2.4714530047006327e-16 -1.9610231015409174e-17 2.4636606581256304e-16 1 5.5511151231257827e-17 -9.7144514654701197e-16 1.1686435607700754e-17 1.3768060548867112e-23 3.7601891217405745e-15 30.428975299864504 
1 -0.13221311939246777 0.04215394533365132 0.2000000152587891 1 0 0 0 1 0 0 0 1 -9.1084995182350307e-16 -5.4129449617478744e-17 -0 0 0 0 
2 0.070999977111816409 0.16000001418590637 0.20000001525878908 -0.97510947650818902 0.221723947339762 8.381947378155302e-25 -0.221723947339762 -0.97510947650818902 2.4714530039423633e-16 5.4798032387212952e-17 2.409937243030351e-16 1 -8.8817841970012523e-16 -5.5511151231257827e-17 2.2969279030384173e-17 1.2643559321168126e-23 3.7280074832096724e-15 30.168548439018704 
1 -0.13221311939246777 0.04215394533365132 0.2000000152587891 1 0 0 0 1 0 0 0 1 5.7285983637022007e-16 3.3647135001785816e-16 -0 0 0 0 
2 0.070999977111816409 0.1600000141859064 0.20000001525878908 -0.86590414089215673 0.50020997469644279 7.6865228563341582e-25 -0.50020997469644279 -0.86590414089215673 2.4714530031497677e-16 1.2362454508247848e-16 2.1400413856028647e-16 1 -1.6653345369377348e-16 2.7755575615628914e-16 3.1877369822666107e-17 1.1483030495452954e-23 3.6921467341449928e-15 29.878348723924752 
1 -0.13221311939246777 0.04215394533365132 0.2000000152587891 1 0 0 0 1 0 0 0 1 2.5599097369362476e-16 -1.2187955164549707e-16 -0 0 0 0 
2 0.070999977111816409 0.16000001418590637 0.20000001525878908 -0.6814525779856353 0.73186227116632507 6.9775159986178571e-25 -0.73186227116632507 -0.6814525779856353 2.4714530023388443e-16 1.8087632121273859e-16 1.6841780147075632e-16 1 3.0531133177191805e-16 -1.1102230246251565e-16 3.7698991352817386e-17 1.0312301747537081e-23 3.6526422649693272e-15 29.558662548004527 
1 -0.13221311939246777 0.04215394533365132 0.2000000152587891 1 0 0 0 1 0 0 0 1 -2.5502844018323642e-16 -1.3955771108000371e-15 -0 0 0 7.1054273576010019e-15 
2 0.070999977111816409 0.16000001418590637 0.20000001525878908 -0.44025177384851838 0.89787436516654884 6.2687121493251339e-25 -0.89787436516654884 -0.44025177384851838 2.4714530015249129e-16 2.2190542975429544e-16 1.088061562276072e-16 1 -1.1136924715771102e-15 5.5511151231257827e-17 4.0064999767206941e-17 9.155393053819775e-24 3.6095330620322693e-15 29.209805404392874 
1 -0.13221311939246777 0.04215394533365132 0.2000000152587891 1 0 0 0 1 0 0 0 1 0 -6.8439151238156869e-16 -0 0 0 3.5527136788005001e-15 
