1 0.0633633 -0.00923969 0.1754432 1 0 3.552713678800501e-15 3.155443620884047e-30 1 -8.881784197001252e-16 -3.552713678800501e-15 8.881784197001252e-16 1 0 0 0 0 0 0 
2 0.0633633 -0.00923969 0.1754432 1 0 3.552713678800501e-15 3.155443620884047e-30 1 -8.881784197001252e-16 -3.552713678800501e-15 8.881784197001252e-16 1 0 0 0 0 0 0 
3 0.04450149274340797 0.01320826282084599 0.1544432000000001 0.9999951448215078 0.003116140788158513 3.990874542212212e-15 -0.003116140788158513 0.9999951448215078 -1.4243872063063e-15 -3.995293756875672e-15 1.411944163710761e-15 1 0 0 0 0 -0 0 
4 0.02533717999999999 -0.01704046 0.1544432 1 0 0 0 1 0 0 0 1 0 0 0 0 0 0 
5 0.008879082108432364 -0.003436354694129496 0.1544432000000003 0.9998703859712964 0.01610003905618439 -1.338195987527827e-15 -0.01610003905618439 0.9998703859712964 -1.868476074829786e-15 1.307940000774383e-15 1.889778901782218e-15 1 0 -0 0 0 0 0 
6 -0.0006674076740799881 -0.03971609191182132 0.1544432000000244 0.9917265942856552 -0.1283680730811805 2.04394921663632e-13 0.1283680730811805 0.9917265942856552 -3.024713198947805e-13 -1.638762190535428e-13 3.262066341898769e-13 1 0 0 -0 -0 0 0 
7 0.01907668255247174 -0.03178055744745774 0.154443200000007 0.9971200422638714 -0.07583944432612484 2.096547611557198e-13 0.07583944432612484 0.9971200422638714 -3.02541111096787e-13 -1.861064145530245e-13 3.175699060697631e-13 1 0 0 -0 -0 0 0 
8 0.05919063814025979 -0.01961077605519471 0.1544432000000008 0.9999393397844998 -0.01101438837787325 1.99659946796203e-13 0.01101438837787325 0.9999393397844998 -3.025793366081352e-13 -1.963151090522823e-13 3.047601142778895e-13 1 -0 0 0 0 0 0 
9 0.05378239942568041 -0.1021751956223423 0.1544431999999619 0.9999999999999895 -1.451005369298238e-07 1.170854688639759e-15 1.451005369298238e-07 0.9999999999999895 -2.820139190411081e-15 -1.170854279436036e-15 2.820139360302696e-15 1 0 -0 0 0 0 0 
1 0.0633633 -0.00923969 0.1754432 1 0 3.552713678800501e-15 3.155443620884047e-30 1 -8.881784197001252e-16 -3.552713678800501e-15 8.881784197001252e-16 1 0 0 0 0 0 0 
2 0.0633633 -0.00923969 0.1754432 1 0 3.552713678800501e-15 3.155443620884047e-30 1 -8.881784197001252e-16 -3.552713678800501e-15 8.881784197001252e-16 1 0 0 0 0 0 0 
3 0.04450149274340797 0.01320826282084599 0.1544432000000001 0.9999951448215078 0.003116140788158654 3.990874542212212e-15 -0.003116140788158654 0.9999951448215078 -1.424387206306301e-15 -3.995293756875672e-15 1.411944163710761e-15 1 0 0 0 0 -0 0 
4 0.02533717999999999 -0.01704046 0.1544432 1 0 0 0 1 0 0 0 1 0 0 0 0 0 0 
5 0.008879082108432364 -0.003436354694129493 0.1544432000000003 0.9998703859712964 0.01610003905618445 -1.338195987527827e-15 -0.01610003905618445 0.9998703859712964 -1.868476074829785e-15 1.307940000774382e-15 1.889778901782218e-15 1 0 -0 -0 0 0 0 
6 -0.000667407674079995 -0.03971609191182131 0.1544432000000243 0.9917265942856552 -0.1283680730811804 2.04394921663632e-13 0.1283680730811804 0.9917265942856552 -3.024713198947805e-13 -1.638762190535428e-13 3.262066341898769e-13 1 0 0 -0 -0 0 0 
7 0.01907668255247174 -0.03178055744745774 0.154443200000007 0.9971200422638714 -0.07583944432612474 2.096547611557198e-13 0.07583944432612474 0.9971200422638714 -3.02541111096787e-13 -1.861064145530245e-13 3.175699060697631e-13 1 0 0 -0 -0 0 0 
8 0.05919063814025978 -0.01961077605519472 0.1544432000000008 0.9999393397844998 -0.01101438837787338 1.99659946796203e-13 0.01101438837787338 0.9999393397844998 -3.025793366081351e-13 -1.963151090522823e-13 3.047601142778895e-13 1 0 0 0 0 0 -0 
9 0.05378239942568042 -0.1021751956223423 0.1544431999999619 0.9999999999999895 -1.45100537232443e-07 1.170854688639689e-15 1.45100537232443e-07 0.9999999999999895 -2.820139190411076e-15 -1.170854279435965e-15 2.820139360302691e-15 1 0 -0 0 0 0 -0 
1 0.0633633 -0.00923969 0.1754432 1 0 3.552713678800501e-15 3.155443620884047e-30 1 -8.881784197001252e-16 -3.552713678800501e-15 8.881784197001252e-16 1 0 0 0 0 0 0 
2 0.0633633 -0.00923969 0.1754432 1 0 3.552713678800501e-15 3.155443620884047e-30 1 -8.881784197001252e-16 -3.552713678800501e-15 8.881784197001252e-16 1 0 0 0 0 0 0 
3 0.04450149274340798 0.01320826282084599 0.1544432000000001 0.9999951448215078 0.00311614078815873 3.990874542212212e-15 -0.00311614078815873 0.9999951448215078 -1.4243872063063e-15 -3.995293756875672e-15 1.41194416371076e-15 1 0 0 0 0 -0 0 
4 0.02533717999999999 -0.01704046 0.1544432 1 0 0 0 1 0 0 0 1 0 0 0 0 0 0 
5 0.008879082108432364 -0.003436354694129486 0.1544432000000003 0.9998703859712964 0.01610003905618457 -1.338195987527826e-15 -0.01610003905618457 0.9998703859712964 -1.868476074829785e-15 1.307940000774381e-15 1.889778901782218e-15 1 0 -0 -0 0 0 0 
6 -0.000667407674080002 -0.03971609191182131 0.1544432000000243 0.9917265942856552 -0.1283680730811805 2.04394921663632e-13 0.1283680730811805 0.9917265942856552 -3.024713198947804e-13 -1.638762190535428e-13 3.262066341898768e-13 1 0 0 -0 -0 0 0 
7 0.01907668255247174 -0.03178055744745774 0.154443200000007 0.9971200422638714 -0.07583944432612458 2.096547611557198e-13 0.07583944432612458 0.9971200422638714 -3.025411110967871e-13 -1.861064145530245e-13 3.175699060697631e-13 1 0 0 -0 -0 0 0 
8 0.05919063814025978 -0.01961077605519471 0.1544432000000008 0.9999393397844998 -0.01101438837787332 1.996599467962029e-13 0.01101438837787332 0.9999393397844998 -3.025793366081352e-13 -1.963151090522822e-13 3.047601142778896e-13 1 0 0 0 0 0 -0 
9 0.05378239942568042 -0.1021751956223423 0.1544431999999619 0.9999999999999895 -1.451005371231274e-07 1.170854688639671e-15 1.451005371231274e-07 0.9999999999999895 -2.820139190411117e-15 -1.170854279435947e-15 2.820139360302732e-15 1 0 -0 0 0 0 -0 
1 0.0633633 -0.00923969 0.1754432 1 0 3.552713678800501e-15 3.155443620884047e-30 1 -8.881784197001252e-16 -3.552713678800501e-15 8.881784197001252e-16 1 0 0 0 0 0 0 
2 0.0633633 -0.00923969 0.1754432 1 0 3.552713678800501e-15 3.155443620884047e-30 1 -8.881784197001252e-16 -3.552713678800501e-15 8.881784197001252e-16 1 0 0 0 0 0 0 
3 0.04450149274340798 0.01320826282084599 0.1544432000000001 0.9999951448215078 0.003116140788158678 3.990874542212211e-15 -0.003116140788158678 0.9999951448215078 -1.424387206306301e-15 -3.995293756875671e-15 1.411944163710761e-15 1 0 0 0 0 -0 0 
4 0.02533717999999999 -0.01704046 0.1544432 1 0 0 0 1 0 0 0 1 0 0 0 0 0 0 
5 0.008879082108432371 -0.003436354694129493 0.1544432000000003 0.9998703859712964 0.01610003905618437 -1.338195987527827e-15 -0.01610003905618437 0.9998703859712964 -1.868476074829787e-15 1.307940000774383e-15 1.889778901782219e-15 1 0 -0 -0 0 0 0 
6 -0.0006674076740799881 -0.03971609191182131 0.1544432000000243 0.9917265942856552 -0.1283680730811805 2.04394921663632e-13 0.1283680730811805 0.9917265942856552 -3.024713198947804e-13 -1.638762190535427e-13 3.262066341898768e-13 1 0 0 -0 -0 0 0 
7 0.01907668255247174 -0.03178055744745774 0.154443200000007 0.9971200422638714 -0.07583944432612481 2.096547611557198e-13 0.07583944432612481 0.9971200422638714 -3.02541111096787e-13 -1.861064145530245e-13 3.175699060697631e-13 1 0 0 -0 -0 0 0 
8 0.05919063814025979 -0.01961077605519471 0.1544432000000008 0.9999393397844998 -0.01101438837787315 1.996599467962029e-13 0.01101438837787315 0.9999393397844998 -3.025793366081353e-13 -1.963151090522822e-13 3.047601142778896e-13 1 0 0 0 0 0 -0 
9 0.05378239942568041 -0.1021751956223423 0.1544431999999619 0.9999999999999895 -1.45100536850677e-07 1.170854688639742e-15 1.45100536850677e-07 0.9999999999999895 -2.820139190411085e-15 -1.170854279436019e-15 2.8201393603027e-15 1 0 -0 0 0 0 -0 
1 0.0633633 -0.00923969 0.1754432 1 0 3.552713678800501e-15 3.155443620884047e-30 1 -8.881784197001252e-16 -3.552713678800501e-15 8.881784197001252e-16 1 0 0 0 0 0 0 
2 0.0633633 -0.00923969 0.1754432 1 0 3.552713678800501e-15 3.155443620884047e-30 1 -8.881784197001252e-16 -3.552713678800501e-15 8.881784197001252e-16 1 0 0 0 0 0 0 
3 0.04450149274340798 0.01320826282084599 0.1544432000000001 0.9999951448215078 0.003116140788158835 3.990874542212211e-15 -0.003116140788158835 0.9999951448215078 -1.424387206306301e-15 -3.995293756875672e-15 1.41194416371076e-15 1 0 0 0 0 -0 0 
4 0.02533717999999999 -0.01704046 0.1544432 1 0 0 0 1 0 0 0 1 0 0 0 0 0 0 
5 0.008879082108432364 -0.003436354694129489 0.1544432000000003 0.9998703859712964 0.01610003905618453 -1.338195987527828e-15 -0.01610003905618453 0.9998703859712964 -1.868476074829785e-15 1.307940000774383e-15 1.889778901782218e-15 1 0 -0 -0 0 0 0 
6 -0.000667407674079995 -0.03971609191182131 0.1544432000000243 0.9917265942856552 -0.1283680730811805 2.04394921663632e-13 0.1283680730811805 0.9917265942856552 -3.024713198947805e-13 -1.638762190535427e-13 3.262066341898769e-13 1 0 0 -0 -0 0 0 
7 0.01907668255247174 -0.03178055744745774 0.154443200000007 0.9971200422638714 -0.07583944432612467 2.096547611557198e-13 0.07583944432612467 0.9971200422638714 -3.025411110967869e-13 -1.861064145530245e-13 3.17569906069763e-13 1 0 0 -0 -0 0 0 
8 0.05919063814025978 -0.01961077605519473 0.1544432000000008 0.9999393397844998 -0.01101438837787328 1.996599467962029e-13 0.01101438837787328 0.9999393397844998 -3.025793366081353e-13 -1.963151090522822e-13 3.047601142778896e-13 1 0 0 0 0 0 -0 
9 0.0537823994256804 -0.1021751956223423 0.1544431999999619 0.9999999999999895 -1.451005366628437e-07 1.170854688639824e-15 1.451005366628437e-07 0.9999999999999895 -2.820139190410975e-15 -1.170854279436102e-15 2.820139360302589e-15 1 0 -0 0 0 0 -0 
1 0.0633633 -0.00923969 0.1754432 1 0 3.552713678800501e-15 3.155443620884047e-30 1 -8.881784197001252e-16 -3.552713678800501e-15 8.881784197001252e-16 1 0 0 0 0 0 0 
2 0.0633633 -0.00923969 0.1754432 1 0 3.552713678800501e-15 3.155443620884047e-30 1 -8.881784197001252e-16 -3.552713678800501e-15 8.881784197001252e-16 1 0 0 0 0 0 0 
3 0.04450149274340799 0.01320826282084599 0.1544432000000001 0.9999951448215078 0.003116140788158669 3.990874542212211e-15 -0.003116140788158669 0.9999951448215078 -1.424387206306301e-15 -3.995293756875671e-15 1.41194416371076e-15 1 0 0 0 0 -0 0 
4 0.02533717999999999 -0.01704046 0.1544432 1 0 0 0 1 0 0 0 1 0 0 0 0 0 0 
5 0.008879082108432364 -0.003436354694129486 0.1544432000000003 0.9998703859712964 0.01610003905618496 -1.338195987527827e-15 -0.01610003905618496 0.9998703859712964 -1.868476074829784e-15 1.307940000774382e-15 1.889778901782217e-15 1 0 -0 -0 0 0 0 
6 -0.0006674076740800089 -0.03971609191182129 0.1544432000000243 0.9917265942856553 -0.12836807308118 2.043949216636319e-13 0.12836807308118 0.9917265942856553 -3.024713198947805e-13 -1.638762190535428e-13 3.262066341898768e-13 1 0 0 -0 -0 0 0 
7 0.01907668255247173 -0.03178055744745774 0.154443200000007 0.9971200422638714 -0.07583944432612424 2.096547611557197e-13 0.07583944432612424 0.9971200422638714 -3.025411110967871e-13 -1.861064145530245e-13 3.17569906069763e-13 1 0 0 -0 -0 0 0 
8 0.05919063814025977 -0.01961077605519471 0.1544432000000008 0.9999393397844998 -0.0110143883778729 1.996599467962027e-13 0.0110143883778729 0.9999393397844998 -3.025793366081353e-13 -1.963151090522822e-13 3.047601142778895e-13 1 0 0 0 0 0 -0 
9 0.05378239942568037 -0.1021751956223423 0.1544431999999619 0.9999999999999895 -1.451005364878727e-07 1.170854688639703e-15 1.451005364878727e-07 0.9999999999999895 -2.820139190410952e-15 -1.170854279435981e-15 2.820139360302566e-15 1 0 -0 0 0 0 -0 
1 0.0633633 -0.00923969 0.1754432 1 0 3.552713678800501e-15 3.155443620884047e-30 1 -8.881784197001252e-16 -3.552713678800501e-15 8.881784197001252e-16 1 0 0 0 0 0 0 
2 0.0633633 -0.00923969 0.1754432 1 0 3.552713678800501e-15 3.155443620884047e-30 1 -8.881784197001252e-16 -3.552713678800501e-15 8.881784197001252e-16 1 0 0 0 0 0 0 
3 0.04450149274340797 0.01320826282084599 0.1544432000000001 0.9999951448215078 0.003116140788158617 3.990874542212211e-15 -0.003116140788158617 0.9999951448215078 -1.424387206306301e-15 -3.995293756875671e-15 1.411944163710761e-15 1 0 0 0 0 -0 0 
4 0.02533717999999999 -0.01704046 0.1544432 1 0 0 0 1 0 0 0 1 0 0 0 0 0 0 
5 0.008879082108432364 -0.003436354694129493 0.1544432000000003 0.9998703859712964 0.01610003905618435 -1.338195987527826e-15 -0.01610003905618435 0.9998703859712964 -1.868476074829787e-15 1.307940000774382e-15 1.889778901782219e-15 1 0 -0 -0 0 0 0 
6 -0.0006674076740799811 -0.03971609191182131 0.1544432000000243 0.9917265942856552 -0.1283680730811806 2.04394921663632e-13 0.1283680730811806 0.9917265942856552 -3.024713198947804e-13 -1.638762190535428e-13 3.262066341898769e-13 1 0 0 -0 -0 0 0 
7 0.01907668255247175 -0.03178055744745773 0.154443200000007 0.9971200422638713 -0.07583944432612502 2.096547611557199e-13 0.07583944432612502 0.9971200422638713 -3.02541111096787e-13 -1.861064145530245e-13 3.175699060697631e-13 1 0 0 -0 -0 0 0 
8 0.05919063814025979 -0.01961077605519473 0.1544432000000008 0.9999393397844998 -0.01101438837787328 1.996599467962031e-13 0.01101438837787328 0.9999393397844998 -3.025793366081353e-13 -1.963151090522824e-13 3.047601142778896e-13 1 0 0 0 0 0 -0 
9 0.05378239942568042 -0.1021751956223423 0.1544431999999619 0.9999999999999895 -1.451005371381466e-07 1.170854688639789e-15 1.451005371381466e-07 0.9999999999999895 -2.820139190411128e-15 -1.170854279436066e-15 2.820139360302743e-15 1 0 -0 0 0 0 -0 
1 0.0633633 -0.00923969 0.1754432 1 0 3.552713678800501e-15 3.155443620884047e-30 1 -8.881784197001252e-16 -3.552713678800501e-15 8.881784197001252e-16 1 0 0 0 0 0 0 
2 0.0633633 -0.00923969 0.1754432 1 0 3.552713678800501e-15 3.155443620884047e-30 1 -8.881784197001252e-16 -3.552713678800501e-15 8.881784197001252e-16 1 0 0 0 0 0 0 
3 0.04450149274340798 0.01320826282084599 0.1544432000000001 0.9999951448215078 0.003116140788158533 3.990874542212212e-15 -0.003116140788158533 0.9999951448215078 -1.4243872063063e-15 -3.995293756875672e-15 1.411944163710761e-15 1 0 0 0 0 -0 0 
4 0.02533717999999999 -0.01704046 0.1544432 1 0 0 0 1 0 0 0 1 0 0 0 0 0 0 
5 0.008879082108432364 -0.003436354694129496 0.1544432000000003 0.9998703859712964 0.01610003905618439 -1.338195987527826e-15 -0.01610003905618439 0.9998703859712964 -1.868476074829786e-15 1.307940000774382e-15 1.889778901782218e-15 1 0 -0 -0 0 0 0 
6 -0.0006674076740799881 -0.03971609191182131 0.1544432000000243 0.9917265942856552 -0.1283680730811806 2.04394921663632e-13 0.1283680730811806 0.9917265942856552 -3.024713198947805e-13 -1.638762190535427e-13 3.262066341898769e-13 1 0 0 -0 -0 0 0 
7 0.01907668255247175 -0.03178055744745774 0.154443200000007 0.9971200422638713 -0.07583944432612501 2.096547611557198e-13 0.07583944432612501 0.9971200422638713 -3.02541111096787e-13 -1.861064145530244e-13 3.175699060697631e-13 1 0 0 -0 -0 0 0 
8 0.05919063814025978 -0.01961077605519472 0.1544432000000008 0.9999393397844998 -0.01101438837787346 1.99659946796203e-13 0.01101438837787346 0.9999393397844998 -3.025793366081353e-13 -1.963151090522822e-13 3.047601142778897e-13 1 0 0 0 0 0 -0 
9 0.05378239942568043 -0.1021751956223423 0.1544431999999619 0.9999999999999895 -1.451005372624569e-07 1.170854688639664e-15 1.451005372624569e-07 0.9999999999999895 -2.820139190411142e-15 -1.17085427943594e-15 2.820139360302756e-15 1 0 -0 0 0 0 -0 
1 0.0633633 -0.00923969 0.1754432 1 0 3.552713678800501e-15 3.155443620884047e-30 1 -8.881784197001252e-16 -3.552713678800501e-15 8.881784197001252e-16 1 0 0 0 0 0 0 
2 0.0633633 -0.00923969 0.1754432 1 0 3.552713678800501e-15 3.155443620884047e-30 1 -8.881784197001252e-16 -3.552713678800501e-15 8.881784197001252e-16 1 0 0 0 0 0 0 
3 0.04450149274340799 0.01320826282084599 0.1544432000000001 0.9999951448215078 0.003116140788158737 3.990874542212212e-15 -0.003116140788158737 0.9999951448215078 -1.424387206306301e-15 -3.995293756875672e-15 1.41194416371076e-15 1 0 0 0 0 -0 0 
4 0.02533717999999999 -0.01704046 0.1544432 1 0 0 0 1 0 0 0 1 0 0 0 0 0 0 
5 0.008879082108432371 -0.003436354694129486 0.1544432000000003 0.9998703859712964 0.01610003905618482 -1.338195987527827e-15 -0.01610003905618482 0.9998703859712964 -1.868476074829784e-15 1.307940000774382e-15 1.889778901782217e-15 1 0 -0 -0 0 0 0 
6 -0.000667407674080002 -0.0397160919118213 0.1544432000000243 0.9917265942856553 -0.1283680730811803 2.043949216636319e-13 0.1283680730811803 0.9917265942856553 -3.024713198947805e-13 -1.638762190535427e-13 3.262066341898768e-13 1 0 0 -0 -0 0 0 
7 0.01907668255247173 -0.03178055744745774 0.154443200000007 0.9971200422638714 -0.07583944432612462 2.096547611557197e-13 0.07583944432612462 0.9971200422638714 -3.025411110967871e-13 -1.861064145530244e-13 3.175699060697631e-13 1 0 0 -0 -0 0 0 
8 0.05919063814025977 -0.01961077605519471 0.1544432000000008 0.9999393397844998 -0.01101438837787312 1.996599467962029e-13 0.01101438837787312 0.9999393397844998 -3.025793366081353e-13 -1.963151090522822e-13 3.047601142778896e-13 1 0 0 0 0 0 -0 
9 0.05378239942568042 -0.1021751956223423 0.1544431999999619 0.9999999999999895 -1.451005373810642e-07 1.170854688639514e-15 1.451005373810642e-07 0.9999999999999895 -2.820139190411204e-15 -1.170854279435789e-15 2.820139360302819e-15 1 0 -0 0 0 0 -0 
1 0.0633633 -0.00923969 0.1754432 1 0 3.552713678800501e-15 3.155443620884047e-30 1 -8.881784197001252e-16 -3.552713678800501e-15 8.881784197001252e-16 1 0 0 0 0 0 0 
2 0.0633633 -0.00923969 0.1754432 1 0 3.552713678800501e-15 3.155443620884047e-30 1 -8.881784197001252e-16 -3.552713678800501e-15 8.881784197001252e-16 1 0 0 0 0 0 0 
3 0.04450149274340797 0.01320826282084599 0.1544432000000001 0.9999951448215078 0.003116140788158766 3.990874542212211e-15 -0.003116140788158766 0.9999951448215078 -1.424387206306301e-15 -3.995293756875671e-15 1.41194416371076e-15 1 0 0 0 0 -0 0 
4 0.02533717999999999 -0.01704046 0.1544432 1 0 0 0 1 0 0 0 1 0 0 0 0 0 0 
5 0.008879082108432364 -0.003436354694129486 0.1544432000000003 0.9998703859712964 0.01610003905618466 -1.338195987527827e-15 -0.01610003905618466 0.9998703859712964 -1.868476074829785e-15 1.307940000774382e-15 1.889778901782218e-15 1 0 -0 -0 0 0 0 
6 -0.000667407674080002 -0.0397160919118213 0.1544432000000243 0.9917265942856553 -0.1283680730811803 2.043949216636319e-13 0.1283680730811803 0.9917265942856553 -3.024713198947805e-13 -1.638762190535427e-13 3.262066341898768e-13 1 0 0 -0 -0 0 0 
7 0.01907668255247173 -0.03178055744745774 0.154443200000007 0.9971200422638714 -0.07583944432612445 2.096547611557197e-13 0.07583944432612445 0.9971200422638714 -3.02541111096787e-13 -1.861064145530245e-13 3.17569906069763e-13 1 0 0 -0 -0 0 0 
8 0.05919063814025978 -0.01961077605519471 0.1544432000000008 0.9999393397844998 -0.01101438837787308 1.996599467962029e-13 0.01101438837787308 0.9999393397844998 -3.025793366081353e-13 -1.963151090522822e-13 3.047601142778896e-13 1 0 0 0 0 0 -0 
9 0.05378239942568041 -0.1021751956223423 0.1544431999999619 0.9999999999999895 -1.451005368802374e-07 1.170854688639654e-15 1.451005368802374e-07 0.9999999999999895 -2.820139190411089e-15 -1.170854279435931e-15 2.820139360302704e-15 1 0 -0 0 0 0 -0 
1 0.0633633 -0.00923969 0.1754432 1 0 3.552713678800501e-15 3.155443620884047e-30 1 -8.881784197001252e-16 -3.552713678800501e-15 8.881784197001252e-16 1 0 0 0 0 0 0 
2 0.0633633 -0.00923969 0.1754432 1 0 3.552713678800501e-15 3.155443620884047e-30 1 -8.881784197001252e-16 -3.552713678800501e-15 8.881784197001252e-16 1 0 0 0 0 0 0 
3 0.04450149274340798 0.01320826282084599 0.1544432000000001 0.9999951448215078 0.003116140788158697 3.990874542212211e-15 -0.003116140788158697 0.9999951448215078 -1.424387206306301e-15 -3.995293756875671e-15 1.41194416371076e-15 1 0 0 0 0 -0 0 
4 0.02533717999999999 -0.01704046 0.1544432 1 0 0 0 1 0 0 0 1 0 0 0 0 0 0 
5 0.008879082108432364 -0.003436354694129493 0.1544432000000003 0.9998703859712964 0.01610003905618438 -1.338195987527827e-15 -0.01610003905618438 0.9998703859712964 -1.868476074829786e-15 1.307940000774383e-15 1.889778901782218e-15 1 0 -0 -0 0 0 0 
6 -0.000667407674079995 -0.03971609191182131 0.1544432000000243 0.9917265942856552 -0.1283680730811805 2.04394921663632e-13 0.1283680730811805 0.9917265942856552 -3.024713198947804e-13 -1.638762190535427e-13 3.262066341898768e-13 1 0 0 -0 -0 0 0 
7 0.01907668255247175 -0.03178055744745774 0.154443200000007 0.9971200422638714 -0.0758394443261248 2.096547611557197e-13 0.0758394443261248 0.9971200422638714 -3.025411110967869e-13 -1.861064145530244e-13 3.17569906069763e-13 1 0 0 -0 -0 0 0 
8 0.05919063814025978 -0.01961077605519473 0.1544432000000008 0.9999393397844998 -0.01101438837787333 1.996599467962028e-13 0.01101438837787333 0.9999393397844998 -3.025793366081351e-13 -1.963151090522821e-13 3.047601142778895e-13 1 0 0 0 0 0 -0 
9 0.05378239942568039 -0.1021751956223423 0.1544431999999619 0.9999999999999895 -1.451005363638378e-07 1.170854688639817e-15 1.451005363638378e-07 0.9999999999999895 -2.82013919041086e-15 -1.170854279436095e-15 2.820139360302474e-15 1 0 -0 0 0 0 -0 
1 0.0633633 -0.00923969 0.1754432 1 0 3.552713678800501e-15 3.155443620884047e-30 1 -8.881784197001252e-16 -3.552713678800501e-15 8.881784197001252e-16 1 0 0 0 0 0 0 
2 0.0633633 -0.00923969 0.1754432 1 0 3.552713678800501e-15 3.155443620884047e-30 1 -8.881784197001252e-16 -3.552713678800501e-15 8.881784197001252e-16 1 0 0 0 0 0 0 
3 0.04450149274340797 0.01320826282084599 0.1544432000000001 0.9999951448215078 0.003116140788158613 3.990874542212211e-15 -0.003116140788158613 0.9999951448215078 -1.424387206306301e-15 -3.995293756875671e-15 1.411944163710761e-15 1 0 0 0 0 -0 0 
4 0.02533717999999999 -0.01704046 0.1544432 1 0 0 0 1 0 0 0 1 0 0 0 0 0 0 
5 0.008879082108432364 -0.003436354694129489 0.1544432000000003 0.9998703859712964 0.01610003905618443 -1.338195987527826e-15 -0.01610003905618443 0.9998703859712964 -1.868476074829786e-15 1.307940000774382e-15 1.889778901782219e-15 1 0 -0 -0 0 0 0 
6 -0.0006674076740799881 -0.03971609191182131 0.1544432000000243 0.9917265942856552 -0.1283680730811805 2.04394921663632e-13 0.1283680730811805 0.9917265942856552 -3.024713198947804e-13 -1.638762190535428e-13 3.262066341898768e-13 1 0 0 -0 -0 0 0 
7 0.01907668255247174 -0.03178055744745773 0.154443200000007 0.9971200422638714 -0.0758394443261248 2.096547611557198e-13 0.0758394443261248 0.9971200422638714 -3.025411110967869e-13 -1.861064145530245e-13 3.17569906069763e-13 1 0 0 -0 -0 0 0 
8 0.05919063814025978 -0.01961077605519471 0.1544432000000008 0.9999393397844998 -0.01101438837787334 1.99659946796203e-13 0.01101438837787334 0.9999393397844998 -3.025793366081351e-13 -1.963151090522823e-13 3.047601142778895e-13 1 0 0 0 0 0 -0 
9 0.05378239942568041 -0.1021751956223423 0.1544431999999619 0.9999999999999895 -1.451005370433461e-07 1.170854688639742e-15 1.451005370433461e-07 0.9999999999999895 -2.82013919041106e-15 -1.170854279436018e-15 2.820139360302675e-15 1 0 -0 0 0 0 -0 
1 0.0633633 -0.00923969 0.1754432 1 0 3.552713678800501e-15 3.155443620884047e-30 1 -8.881784197001252e-16 -3.552713678800501e-15 8.881784197001252e-16 1 0 0 0 0 0 0 
2 0.0633633 -0.00923969 0.1754432 1 0 3.552713678800501e-15 3.155443620884047e-30 1 -8.881784197001252e-16 -3.552713678800501e-15 8.881784197001252e-16 1 0 0 0 0 0 0 
3 0.04450149274340798 0.01320826282084599 0.1544432000000001 0.9999951448215078 0.003116140788158528 3.990874542212212e-15 -0.003116140788158528 0.9999951448215078 -1.4243872063063e-15 -3.995293756875672e-15 1.411944163710761e-15 1 0 0 0 0 -0 0 
4 0.02533717999999999 -0.01704046 0.1544432 1 0 0 0 1 0 0 0 1 0 0 0 0 0 0 
5 0.008879082108432364 -0.003436354694129493 0.1544432000000003 0.9998703859712964 0.01610003905618448 -1.338195987527827e-15 -0.01610003905618448 0.9998703859712964 -1.868476074829785e-15 1.307940000774382e-15 1.889778901782218e-15 1 0 -0 -0 0 0 0 
6 -0.0006674076740799881 -0.03971609191182131 0.1544432000000243 0.9917265942856552 -0.1283680730811807 2.04394921663632e-13 0.1283680730811807 0.9917265942856552 -3.024713198947804e-13 -1.638762190535427e-13 3.262066341898769e-13 1 0 0 -0 -0 0 0 
7 0.01907668255247175 -0.03178055744745774 0.154443200000007 0.9971200422638714 -0.07583944432612481 2.096547611557198e-13 0.07583944432612481 0.9971200422638714 -3.025411110967869e-13 -1.861064145530245e-13 3.17569906069763e-13 1 0 0 -0 -0 0 0 
8 0.05919063814025978 -0.01961077605519472 0.1544432000000008 0.9999393397844998 -0.01101438837787345 1.996599467962029e-13 0.01101438837787345 0.9999393397844998 -3.02579336608135e-13 -1.963151090522822e-13 3.047601142778894e-13 1 0 0 0 0 0 -0 
9 0.05378239942568044 -0.1021751956223423 0.1544431999999619 0.9999999999999895 -1.451005369305472e-07 1.170854688639766e-15 1.451005369305472e-07 0.9999999999999895 -2.820139190410971e-15 -1.170854279436042e-15 2.820139360302586e-15 1 0 -0 0 0 0 -0 
1 0.0633633 -0.00923969 0.1754432 1 0 3.552713678800501e-15 3.155443620884047e-30 1 -8.881784197001252e-16 -3.552713678800501e-15 8.881784197001252e-16 1 0 0 0 0 0 0 
2 0.0633633 -0.00923969 0.1754432 1 0 3.552713678800501e-15 3.155443620884047e-30 1 -8.881784197001252e-16 -3.552713678800501e-15 8.881784197001252e-16 1 0 0 0 0 0 0 
3 0.04450149274340798 0.01320826282084599 0.1544432000000001 0.9999951448215078 0.003116140788158813 3.990874542212212e-15 -0.003116140788158813 0.9999951448215078 -1.424387206306301e-15 -3.995293756875673e-15 1.41194416371076e-15 1 0 0 0 0 -0 0 
4 0.02533717999999999 -0.01704046 0.1544432 1 0 0 0 1 0 0 0 1 0 0 0 0 0 0 
5 0.008879082108432371 -0.003436354694129482 0.1544432000000003 0.9998703859712964 0.01610003905618494 -1.338195987527827e-15 -0.01610003905618494 0.9998703859712964 -1.868476074829784e-15 1.307940000774382e-15 1.889778901782217e-15 1 0 -0 -0 0 0 0 
6 -0.0006674076740800089 -0.03971609191182129 0.1544432000000243 0.9917265942856553 -0.1283680730811801 2.043949216636319e-13 0.1283680730811801 0.9917265942856553 -3.024713198947806e-13 -1.638762190535427e-13 3.262066341898769e-13 1 0 0 -0 -0 0 0 
7 0.01907668255247173 -0.03178055744745773 0.154443200000007 0.9971200422638714 -0.07583944432612416 2.096547611557197e-13 0.07583944432612416 0.9971200422638714 -3.025411110967872e-13 -1.861064145530246e-13 3.175699060697631e-13 1 0 0 -0 -0 0 0 
8 0.05919063814025977 -0.01961077605519471 0.1544432000000008 0.9999393397844998 -0.01101438837787292 1.996599467962028e-13 0.01101438837787292 0.9999393397844998 -3.025793366081352e-13 -1.963151090522822e-13 3.047601142778894e-13 1 0 0 0 0 0 -0 
9 0.05378239942568039 -0.1021751956223423 0.1544431999999619 0.9999999999999895 -1.451005368347962e-07 1.170854688639662e-15 1.451005368347962e-07 0.9999999999999895 -2.820139190411054e-15 -1.170854279435939e-15 2.820139360302669e-15 1 0 -0 0 0 0 -0 
1 0.0633633 -0.00923969 0.1754432 1 0 3.552713678800501e-15 3.155443620884047e-30 1 -8.881784197001252e-16 -3.552713678800501e-15 8.881784197001252e-16 1 0 0 0 0 0 0 
2 0.0633633 -0.00923969 0.1754432 1 0 3.552713678800501e-15 3.155443620884047e-30 1 -8.881784197001252e-16 -3.552713678800501e-15 8.881784197001252e-16 1 0 0 0 0 0 0 
3 0.04450149274340797 0.01320826282084599 0.1544432000000001 0.9999951448215078 0.003116140788158617 3.990874542212211e-15 -0.003116140788158617 0.9999951448215078 -1.424387206306301e-15 -3.995293756875671e-15 1.411944163710761e-15 1 0 0 0 0 -0 0 
4 0.02533717999999999 -0.01704046 0.1544432 1 0 0 0 1 0 0 0 1 0 0 0 0 0 0 
5 0.008879082108432364 -0.003436354694129493 0.1544432000000003 0.9998703859712964 0.01610003905618435 -1.338195987527826e-15 -0.01610003905618435 0.9998703859712964 -1.868476074829787e-15 1.307940000774382e-15 1.889778901782219e-15 1 0 -0 -0 0 0 0 
6 -0.000667407674079995 -0.03971609191182131 0.1544432000000243 0.9917265942856553 -0.1283680730811803 2.043949216636319e-13 0.1283680730811803 0.9917265942856553 -3.024713198947805e-13 -1.638762190535427e-13 3.262066341898768e-13 1 0 0 -0 -0 0 0 
7 0.01907668255247174 -0.03178055744745774 0.154443200000007 0.9971200422638714 -0.0758394443261249 2.096547611557198e-13 0.0758394443261249 0.9971200422638714 -3.025411110967871e-13 -1.861064145530244e-13 3.175699060697632e-13 1 0 0 -0 -0 0 0 
8 0.05919063814025978 -0.01961077605519473 0.1544432000000008 0.9999393397844998 -0.01101438837787317 1.996599467962029e-13 0.01101438837787317 0.9999393397844998 -3.025793366081354e-13 -1.963151090522823e-13 3.047601142778897e-13 1 0 0 0 0 0 -0 
9 0.0537823994256804 -0.1021751956223423 0.1544431999999619 0.9999999999999895 -1.451005368743709e-07 1.170854688639745e-15 1.451005368743709e-07 0.9999999999999895 -2.82013919041125e-15 -1.170854279436022e-15 2.820139360302864e-15 1 0 -0 0 0 0 -0 
1 0.0633633 -0.00923969 0.1754432 1 0 3.552713678800501e-15 3.155443620884047e-30 1 -8.881784197001252e-16 -3.552713678800501e-15 8.881784197001252e-16 1 0 0 0 0 0 0 
2 0.0633633 -0.00923969 0.1754432 1 0 3.552713678800501e-15 3.155443620884047e-30 1 -8.881784197001252e-16 -3.552713678800501e-15 8.881784197001252e-16 1 0 0 0 0 0 0 
3 0.04450149274340798 0.01320826282084599 0.1544432000000001 0.9999951448215078 0.003116140788158532 3.990874542212212e-15 -0.003116140788158532 0.9999951448215078 -1.4243872063063e-15 -3.995293756875672e-15 1.411944163710761e-15 1 0 0 0 0 -0 0 
4 0.02533717999999999 -0.01704046 0.1544432 1 0 0 0 1 0 0 0 1 0 0 0 0 0 0 
5 0.008879082108432364 -0.003436354694129496 0.1544432000000003 0.9998703859712964 0.01610003905618439 -1.338195987527827e-15 -0.01610003905618439 0.9998703859712964 -1.868476074829786e-15 1.307940000774383e-15 1.889778901782218e-15 1 0 -0 -0 0 0 0 
6 -0.0006674076740799881 -0.03971609191182131 0.1544432000000243 0.9917265942856552 -0.1283680730811807 2.04394921663632e-13 0.1283680730811807 0.9917265942856552 -3.024713198947804e-13 -1.638762190535427e-13 3.262066341898769e-13 1 0 0 -0 -0 0 0 
7 0.01907668255247175 -0.03178055744745774 0.154443200000007 0.9971200422638713 -0.07583944432612498 2.096547611557198e-13 0.07583944432612498 0.9971200422638713 -3.02541111096787e-13 -1.861064145530244e-13 3.175699060697631e-13 1 0 0 -0 -0 0 0 
8 0.05919063814025979 -0.01961077605519472 0.1544432000000008 0.9999393397844998 -0.01101438837787347 1.99659946796203e-13 0.01101438837787347 0.9999393397844998 -3.025793366081352e-13 -1.963151090522823e-13 3.047601142778896e-13 1 0 0 0 0 0 -0 
9 0.05378239942568042 -0.1021751956223423 0.1544431999999619 0.9999999999999895 -1.451005367958882e-07 1.170854688639808e-15 1.451005367958882e-07 0.9999999999999895 -2.820139190411068e-15 -1.170854279436085e-15 2.820139360302683e-15 1 0 -0 0 0 0 -0 
1 0.0633633 -0.00923969 0.1754432 1 0 3.552713678800501e-15 3.155443620884047e-30 1 -8.881784197001252e-16 -3.552713678800501e-15 8.881784197001252e-16 1 0 0 0 0 0 0 
2 0.0633633 -0.00923969 0.1754432 1 0 3.552713678800501e-15 3.155443620884047e-30 1 -8.881784197001252e-16 -3.552713678800501e-15 8.881784197001252e-16 1 0 0 0 0 0 0 
3 0.04450149274340799 0.01320826282084599 0.1544432000000001 0.9999951448215078 0.003116140788158737 3.990874542212212e-15 -0.003116140788158737 0.9999951448215078 -1.424387206306301e-15 -3.995293756875672e-15 1.41194416371076e-15 1 0 0 0 0 -0 0 
4 0.02533717999999999 -0.01704046 0.1544432 1 0 0 0 1 0 0 0 1 0 0 0 0 0 0 
5 0.008879082108432371 -0.003436354694129486 0.1544432000000003 0.9998703859712964 0.01610003905618482 -1.338195987527827e-15 -0.01610003905618482 0.9998703859712964 -1.868476074829784e-15 1.307940000774382e-15 1.889778901782217e-15 1 0 -0 -0 0 0 0 
6 -0.0006674076740800089 -0.0397160919118213 0.1544432000000243 0.9917265942856553 -0.1283680730811802 2.043949216636319e-13 0.1283680730811802 0.9917265942856553 -3.024713198947806e-13 -1.638762190535427e-13 3.262066341898769e-13 1 0 0 -0 -0 0 0 
7 0.01907668255247173 -0.03178055744745773 0.154443200000007 0.9971200422638714 -0.07583944432612437 2.096547611557197e-13 0.07583944432612437 0.9971200422638714 -3.025411110967872e-13 -1.861064145530245e-13 3.175699060697632e-13 1 0 0 -0 -0 0 0 
8 0.05919063814025977 -0.01961077605519471 0.1544432000000008 0.9999393397844998 -0.01101438837787283 1.996599467962029e-13 0.01101438837787283 0.9999393397844998 -3.025793366081353e-13 -1.963151090522823e-13 3.047601142778895e-13 1 0 0 0 0 0 -0 
9 0.05378239942568037 -0.1021751956223423 0.1544431999999619 0.9999999999999895 -1.451005365711483e-07 1.170854688639728e-15 1.451005365711483e-07 0.9999999999999895 -2.820139190411018e-15 -1.170854279436006e-15 2.820139360302632e-15 1 0 -0 0 0 0 -0 
1 0.0633633 -0.00923969 0.1754432 1 0 3.552713678800501e-15 3.155443620884047e-30 1 -8.881784197001252e-16 -3.552713678800501e-15 8.881784197001252e-16 1 0 0 0 0 0 0 
2 0.0633633 -0.00923969 0.1754432 1 0 3.552713678800501e-15 3.155443620884047e-30 1 -8.881784197001252e-16 -3.552713678800501e-15 8.881784197001252e-16 1 0 0 0 0 0 0 
3 0.04450149274340797 0.01320826282084599 0.1544432000000001 0.9999951448215078 0.003116140788158765 3.990874542212211e-15 -0.003116140788158765 0.9999951448215078 -1.424387206306301e-15 -3.995293756875671e-15 1.41194416371076e-15 1 0 0 0 0 -0 0 
4 0.02533717999999999 -0.01704046 0.1544432 1 0 0 0 1 0 0 0 1 0 0 0 0 0 0 
5 0.008879082108432364 -0.003436354694129486 0.1544432000000003 0.9998703859712964 0.01610003905618466 -1.338195987527827e-15 -0.01610003905618466 0.9998703859712964 -1.868476074829785e-15 1.307940000774382e-15 1.889778901782218e-15 1 0 -0 -0 0 0 0 
6 -0.000667407674080002 -0.03971609191182129 0.1544432000000243 0.9917265942856553 -0.1283680730811803 2.043949216636319e-13 0.1283680730811803 0.9917265942856553 -3.024713198947805e-13 -1.638762190535428e-13 3.262066341898768e-13 1 0 0 -0 -0 0 0 
7 0.01907668255247173 -0.03178055744745774 0.154443200000007 0.9971200422638714 -0.07583944432612445 2.096547611557197e-13 0.07583944432612445 0.9971200422638714 -3.025411110967871e-13 -1.861064145530245e-13 3.175699060697631e-13 1 0 0 -0 -0 0 0 
8 0.05919063814025977 -0.01961077605519473 0.1544432000000008 0.9999393397844998 -0.01101438837787302 1.996599467962029e-13 0.01101438837787302 0.9999393397844998 -3.025793366081353e-13 -1.963151090522823e-13 3.047601142778896e-13 1 0 0 0 0 0 -0 
9 0.05378239942568037 -0.1021751956223423 0.1544431999999619 0.9999999999999895 -1.451005366434591e-07 1.170854688639774e-15 1.451005366434591e-07 0.9999999999999895 -2.820139190411118e-15 -1.170854279436052e-15 2.820139360302732e-15 1 0 -0 0 0 0 -0 
1 0.0633633 -0.00923969 0.1754432 1 0 3.552713678800501e-15 3.155443620884047e-30 1 -8.881784197001252e-16 -3.552713678800501e-15 8.881784197001252e-16 1 0 0 0 0 0 0 
2 0.0633633 -0.00923969 0.1754432 1 0 3.552713678800501e-15 3.155443620884047e-30 1 -8.881784197001252e-16 -3.552713678800501e-15 8.881784197001252e-16 1 0 0 0 0 0 0 
3 0.04450149274340798 0.01320826282084599 0.1544432000000001 0.9999951448215078 0.003116140788158697 3.990874542212211e-15 -0.003116140788158697 0.9999951448215078 -1.424387206306301e-15 -3.995293756875671e-15 1.41194416371076e-15 1 0 0 0 0 -0 0 
4 0.02533717999999999 -0.01704046 0.1544432 1 0 0 0 1 0 0 0 1 0 0 0 0 0 0 
5 0.008879082108432364 -0.003436354694129493 0.1544432000000003 0.9998703859712964 0.01610003905618438 -1.338195987527827e-15 -0.01610003905618438 0.9998703859712964 -1.868476074829786e-15 1.307940000774383e-15 1.889778901782218e-15 1 0 -0 -0 0 0 0 
6 -0.0006674076740799881 -0.03971609191182131 0.1544432000000243 0.9917265942856552 -0.1283680730811806 2.04394921663632e-13 0.1283680730811806 0.9917265942856552 -3.024713198947804e-13 -1.638762190535427e-13 3.262066341898769e-13 1 0 0 -0 -0 0 0 
7 0.01907668255247175 -0.03178055744745774 0.154443200000007 0.9971200422638714 -0.07583944432612491 2.096547611557198e-13 0.07583944432612491 0.9971200422638714 -3.025411110967869e-13 -1.861064145530245e-13 3.17569906069763e-13 1 0 0 -0 -0 0 0 
8 0.05919063814025978 -0.01961077605519472 0.1544432000000008 0.9999393397844998 -0.01101438837787345 1.996599467962029e-13 0.01101438837787345 0.9999393397844998 -3.025793366081351e-13 -1.963151090522822e-13 3.047601142778895e-13 1 0 0 0 0 0 -0 
9 0.05378239942568042 -0.1021751956223423 0.1544431999999619 0.9999999999999895 -1.45100536844084e-07 1.170854688639768e-15 1.45100536844084e-07 0.9999999999999895 -2.820139190410968e-15 -1.170854279436045e-15 2.820139360302582e-15 1 0 -0 0 0 0 -0 
1 0.0633633 -0.00923969 0.1754432 1 0 3.552713678800501e-15 3.155443620884047e-30 1 -8.881784197001252e-16 -3.552713678800501e-15 8.881784197001252e-16 1 0 0 0 0 0 0 
2 0.0633633 -0.00923969 0.1754432 1 0 3.552713678800501e-15 3.155443620884047e-30 1 -8.881784197001252e-16 -3.552713678800501e-15 8.881784197001252e-16 1 0 0 0 0 0 0 
3 0.04450149274340797 0.01320826282084599 0.1544432000000001 0.9999951448215078 0.003116140788158612 3.990874542212211e-15 -0.003116140788158612 0.9999951448215078 -1.424387206306301e-15 -3.995293756875671e-15 1.411944163710761e-15 1 0 0 0 0 -0 0 
4 0.02533717999999999 -0.01704046 0.1544432 1 0 0 0 1 0 0 0 1 0 0 0 0 0 0 
5 0.008879082108432364 -0.003436354694129489 0.1544432000000003 0.9998703859712964 0.01610003905618443 -1.338195987527826e-15 -0.01610003905618443 0.9998703859712964 -1.868476074829786e-15 1.307940000774382e-15 1.889778901782219e-15 1 0 -0 -0 0 0 0 
6 -0.0006674076740799881 -0.03971609191182131 0.1544432000000243 0.9917265942856552 -0.1283680730811806 2.04394921663632e-13 0.1283680730811806 0.9917265942856552 -3.024713198947805e-13 -1.638762190535427e-13 3.262066341898769e-13 1 0 0 -0 -0 0 0 
7 0.01907668255247174 -0.03178055744745774 0.154443200000007 0.9971200422638714 -0.07583944432612492 2.096547611557197e-13 0.07583944432612492 0.9971200422638714 -3.02541111096787e-13 -1.861064145530244e-13 3.175699060697631e-13 1 0 0 -0 -0 0 0 
8 0.05919063814025978 -0.01961077605519471 0.1544432000000008 0.9999393397844998 -0.0110143883778733 1.996599467962029e-13 0.0110143883778733 0.9999393397844998 -3.025793366081353e-13 -1.963151090522822e-13 3.047601142778896e-13 1 0 0 0 0 0 -0 
9 0.05378239942568042 -0.1021751956223423 0.1544431999999619 0.9999999999999895 -1.451005369482696e-07 1.170854688639693e-15 1.451005369482696e-07 0.9999999999999895 -2.820139190411082e-15 -1.17085427943597e-15 2.820139360302696e-15 1 0 -0 0 0 0 -0 
1 0.0633633 -0.00923969 0.1754432 1 0 3.552713678800501e-15 3.155443620884047e-30 1 -8.881784197001252e-16 -3.552713678800501e-15 8.881784197001252e-16 1 0 0 0 0 0 0 
2 0.0633633 -0.00923969 0.1754432 1 0 3.552713678800501e-15 3.155443620884047e-30 1 -8.881784197001252e-16 -3.552713678800501e-15 8.881784197001252e-16 1 0 0 0 0 0 0 
3 0.04450149274340798 0.01320826282084599 0.1544432000000001 0.9999951448215078 0.003116140788158528 3.990874542212212e-15 -0.003116140788158528 0.9999951448215078 -1.4243872063063e-15 -3.995293756875672e-15 1.411944163710761e-15 1 0 0 0 0 -0 0 
4 0.02533717999999999 -0.01704046 0.1544432 1 0 0 0 1 0 0 0 1 0 0 0 0 0 0 
5 0.008879082108432364 -0.003436354694129493 0.1544432000000003 0.9998703859712964 0.01610003905618448 -1.338195987527827e-15 -0.01610003905618448 0.9998703859712964 -1.868476074829785e-15 1.307940000774382e-15 1.889778901782218e-15 1 0 -0 -0 0 0 0 
6 -0.000667407674080002 -0.03971609191182131 0.1544432000000243 0.9917265942856552 -0.1283680730811805 2.04394921663632e-13 0.1283680730811805 0.9917265942856552 -3.024713198947805e-13 -1.638762190535428e-13 3.262066341898769e-13 1 0 0 -0 -0 0 0 
7 0.01907668255247174 -0.03178055744745774 0.154443200000007 0.9971200422638714 -0.07583944432612473 2.096547611557198e-13 0.07583944432612473 0.9971200422638714 -3.02541111096787e-13 -1.861064145530245e-13 3.175699060697631e-13 1 0 0 -0 -0 0 0 
8 0.05919063814025977 -0.01961077605519471 0.1544432000000008 0.9999393397844998 -0.01101438837787326 1.996599467962029e-13 0.01101438837787326 0.9999393397844998 -3.025793366081353e-13 -1.963151090522822e-13 3.047601142778896e-13 1 0 0 0 0 0 -0 
9 0.05378239942568042 -0.1021751956223423 0.1544431999999619 0.9999999999999895 -1.45100537292908e-07 1.170854688639617e-15 1.45100537292908e-07 0.9999999999999895 -2.820139190411147e-15 -1.170854279435893e-15 2.820139360302762e-15 1 0 -0 0 0 0 -0 
1 0.0633633 -0.00923969 0.1754432 1 0 3.552713678800501e-15 3.155443620884047e-30 1 -8.881784197001252e-16 -3.552713678800501e-15 8.881784197001252e-16 1 0 0 0 0 0 0 
