1 0.05129621592196151 0.01790817553892063 0.02190382802730576 1 0 0 0 1 0 0 0 1 0 -0 -0 0 -0 0 
2 0.03197700130975504 0.02334848596164909 0.033459369036119 0.1885920891450522 0.07268359610878666 0.9793620978823917 0.9820555095878769 -0.01395802080727965 -0.1880748514375031 -5.551115123125783e-17 0.9972573732551885 -0.07401169831966889 -0 -0 0 0 0 0 
3 0.03031164892726655 0.02366127847012081 0.03359634454043985 0.1842810470986223 0.07991880537098821 0.9796190485225925 0.9828656804255259 -0.01098525910814502 -0.1839955932189544 -0.003943338928289963 0.9967408432638852 -0.08057382607085015 -0 -0 0 0 0 0 
4 0.04072684407660811 0.01858462409144956 0.0384345021253388 0.9993696799691671 -0.01700870129891152 0.03116001987240916 0.01710877083347412 0.9998492892942339 -0.002947653029630623 -0.03110518797390868 0.00347890470404565 0.9995100622320758 0 0 0 0 0 0 
5 0.05676136323738475 0.01869339745327682 0.0314208512364717 0.1846189570085313 0.07913507745356858 0.9796190485232 0.9828101319935192 -0.01516133664080338 -0.1839955932139289 0.0002918286543042159 0.9967486008957736 -0.08057382607493946 0 0 0 0 0 0 
6 0.05096275191921257 0.02011976519386839 0.03848513335494382 0.9999999234318736 6.222187151591826e-06 -0.0003912767960493057 -6.310171684271199e-06 0.9999999746981 -0.0002248643616050777 0.0003912753870011176 0.000224866813411394 0.9999998981692386 -0 -0 -0 0 0 0 
7 0.0451641406010404 0.02154613293445956 0.04554941547341605 -0.705830272711765 0.002539118196868114 -0.7083764387685532 -0.7083808532258841 -0.003149992306328716 0.7058233804086108 -0.0004392113431350079 0.9999918151801305 0.004022022643354762 -0 -0 0 0 0 0 
8 0.05129776265516339 0.01343206580339879 0.04334499772017466 0.8187069257315804 -0.4823242984277522 -0.3115802318911149 -0.5671626655390221 -0.7640147437191495 -0.3075841058937109 -0.08969660293353177 0.4285379125887683 -0.8990604967944289 -0 -0 -0 0 0 0 
9 0.07984646296290547 0.02599317762066506 0.08976917957174919 0.9428040239685941 0.3253149118176232 -0.07273775180550121 -0.3140230596248179 0.9399614956564529 0.1336484369798311 0.1118485154684437 -0.1031629528095037 0.98835586443099 0 0 0 -0 0 0 
10 0.05422508692759221 0.01387991661795147 0.04639612207066769 0.9998710225104148 -0.001924544461622738 0.01594473181313139 0.001760354412621214 0.9999453516265077 0.01030509159988399 -0.0159636930664371 -0.01027569409603418 0.9998197690656678 0 0 0 0 -0 0 
1 0.05129621592196151 0.01790817553892063 0.02190382802730576 1 0 0 0 1 0 0 0 1 0 -0 -0 0 -0 0 
2 0.03197700130975503 0.02334848596164908 0.033459369036119 0.1885920891450522 0.07268359610878669 0.9793620978823917 0.9820555095878768 -0.0139580208072797 -0.1880748514375031 0 0.9972573732551884 -0.07401169831966894 -0 -0 0 0 0 0 
3 0.03031164892726655 0.0236612784701208 0.03359634454043985 0.1842810470986222 0.07991880537098853 0.9796190485225925 0.9828656804255259 -0.0109852591081443 -0.1839955932189543 -0.003943338928290796 0.9967408432638853 -0.08057382607085031 -0 -0 0 0 0 0 
4 0.0407268440766081 0.01858462409144956 0.0384345021253388 0.9993696799691671 -0.0170087012989115 0.03116001987240924 0.01710877083347408 0.9998492892942339 -0.0029476530296299 -0.03110518797390878 0.003478904704044927 0.9995100622320758 -0 -0 -0 0 0 0 
5 0.05676136323738475 0.01869339745327682 0.0314208512364717 0.1846189570085313 0.07913507745356849 0.9796190485232 0.9828101319935192 -0.01516133664080371 -0.1839955932139289 0.0002918286543044935 0.9967486008957734 -0.0805738260749394 -0 -0 0 0 0 0 
6 0.05096275191921257 0.02011976519386839 0.03848513335494383 0.9999999234318736 6.222187151624808e-06 -0.0003912767960487221 -6.310171684304178e-06 0.9999999746981 -0.0002248643616054073 0.0003912753870005341 0.0002248668134117237 0.9999998981692386 -0 -0 -0 0 0 0 
7 0.0451641406010404 0.02154613293445956 0.04554941547341606 -0.7058302727117651 0.002539118196868428 -0.7083764387685532 -0.7083808532258841 -0.003149992306329067 0.7058233804086109 -0.0004392113431350357 0.9999918151801305 0.004022022643355233 -0 -0 0 0 0 0 
8 0.05129776265516339 0.01343206580339879 0.04334499772017467 0.8187069257315802 -0.4823242984277523 -0.3115802318911158 -0.5671626655390226 -0.7640147437191492 -0.3075841058937108 -0.08969660293353243 0.4285379125887687 -0.8990604967944287 -0 0 -0 0 0 0 
9 0.07984646296290553 0.02599317762066508 0.08976917957174917 0.9428040239685948 0.3253149118176217 -0.07273775180549993 -0.3140230596248166 0.9399614956564536 0.1336484369798304 0.1118485154684421 -0.1031629528095036 0.9883558644309902 0 0 0 0 0 0 
10 0.05422508692759221 0.01387991661795147 0.04639612207066769 0.9998710225104148 -0.001924544461622768 0.01594473181313226 0.001760354412621234 0.9999453516265077 0.01030509159988402 -0.01596369306643797 -0.01027569409603421 0.9998197690656678 0 -0 -0 0 -0 0 
1 0.05129621592196151 0.01790817553892063 0.02190382802730576 1 0 0 0 1 0 0 0 1 0 -0 -0 0 -0 0 
2 0.03197700130975503 0.02334848596164909 0.033459369036119 0.1885920891450524 0.07268359610878666 0.9793620978823917 0.9820555095878768 -0.01395802080727981 -0.1880748514375033 1.110223024625157e-16 0.9972573732551884 -0.07401169831966893 -0 -0 0 0 0 0 
3 0.03031164892726656 0.02366127847012081 0.03359634454043985 0.1842810470986223 0.07991880537098833 0.9796190485225925 0.9828656804255259 -0.0109852591081443 -0.1839955932189544 -0.003943338928290629 0.9967408432638851 -0.08057382607085015 -0 -0 0 0 0 0 
4 0.04072684407660811 0.01858462409144957 0.03843450212533881 0.9993696799691671 -0.0170087012989115 0.03116001987240921 0.01710877083347409 0.9998492892942339 -0.002947653029630128 -0.03110518797390874 0.003478904704045155 0.9995100622320758 -0 -0 -0 0 0 0 
5 0.05676136323738477 0.01869339745327682 0.0314208512364717 0.1846189570085313 0.07913507745356846 0.9796190485232 0.9828101319935192 -0.01516133664080405 -0.1839955932139289 0.000291828654304882 0.9967486008957733 -0.08057382607493946 -0 -0 0 0 0 0 
6 0.05096275191921257 0.02011976519386839 0.03848513335494382 0.9999999234318736 6.222187151589378e-06 -0.0003912767960496271 -6.310171684269091e-06 0.9999999746981 -0.0002248643616057615 0.0003912753870014391 0.0002248668134120778 0.9999998981692386 -0 -0 -0 0 0 0 
7 0.0451641406010404 0.02154613293445956 0.04554941547341605 -0.7058302727117651 0.002539118196867801 -0.7083764387685532 -0.7083808532258841 -0.003149992306329253 0.7058233804086109 -0.0004392113431356099 0.9999918151801305 0.004022022643354919 -0 -0 0 0 0 0 
8 0.05129776265516339 0.01343206580339879 0.04334499772017467 0.8187069257315803 -0.4823242984277523 -0.3115802318911154 -0.5671626655390224 -0.7640147437191493 -0.3075841058937108 -0.08969660293353218 0.4285379125887686 -0.8990604967944288 -0 0 -0 0 0 0 
9 0.0798464629629055 0.02599317762066509 0.08976917957174917 0.942804023968595 0.325314911817621 -0.07273775180550025 -0.3140230596248159 0.9399614956564538 0.1336484369798302 0.1118485154684423 -0.1031629528095034 0.9883558644309902 0 0 0 0 0 0 
10 0.05422508692759221 0.01387991661795147 0.0463961220706677 0.9998710225104148 -0.001924544461622798 0.01594473181313178 0.001760354412621268 0.9999453516265077 0.01030509159988409 -0.0159636930664375 -0.01027569409603428 0.9998197690656678 0 -0 -0 0 -0 0 
1 0.05129621592196151 0.01790817553892063 0.02190382802730576 1 0 0 0 1 0 0 0 1 0 -0 -0 0 -0 0 
2 0.03197700130975504 0.02334848596164909 0.033459369036119 0.1885920891450522 0.07268359610878666 0.9793620978823917 0.9820555095878769 -0.01395802080727965 -0.1880748514375031 -5.551115123125783e-17 0.9972573732551885 -0.07401169831966889 -0 -0 0 0 0 0 
3 0.03031164892726655 0.02366127847012081 0.03359634454043985 0.1842810470986223 0.07991880537098837 0.9796190485225925 0.9828656804255259 -0.01098525910814457 -0.1839955932189544 -0.003943338928290463 0.9967408432638853 -0.08057382607085023 -0 -0 0 0 0 0 
4 0.04072684407660811 0.01858462409144956 0.03843450212533881 0.9993696799691671 -0.01700870129891147 0.03116001987240916 0.01710877083347406 0.9998492892942339 -0.002947653029630357 -0.03110518797390869 0.003478904704045382 0.9995100622320758 -0 -0 -0 0 0 0 
5 0.05676136323738475 0.01869339745327682 0.0314208512364717 0.1846189570085312 0.07913507745356861 0.9796190485232 0.9828101319935192 -0.01516133664080388 -0.1839955932139289 0.0002918286543046045 0.9967486008957734 -0.08057382607493957 -0 -0 0 0 0 0 
6 0.05096275191921257 0.02011976519386839 0.03848513335494382 0.9999999234318736 6.222187151625407e-06 -0.0003912767960492841 -6.310171684304896e-06 0.9999999746981 -0.0002248643616053867 0.0003912753870010961 0.000224866813411703 0.9999998981692386 -0 -0 -0 0 0 0 
7 0.0451641406010404 0.02154613293445956 0.04554941547341605 -0.7058302727117651 0.002539118196868115 -0.7083764387685532 -0.7083808532258841 -0.003149992306329382 0.7058233804086109 -0.0004392113431354798 0.9999918151801305 0.004022022643355233 -0 -0 0 0 0 0 
8 0.0512977626551634 0.01343206580339879 0.04334499772017467 0.8187069257315803 -0.4823242984277523 -0.3115802318911153 -0.5671626655390223 -0.7640147437191493 -0.3075841058937108 -0.08969660293353207 0.4285379125887686 -0.8990604967944288 -0 0 -0 0 0 0 
9 0.0798464629629055 0.02599317762066504 0.08976917957174919 0.9428040239685938 0.3253149118176242 -0.07273775180550106 -0.3140230596248189 0.9399614956564527 0.1336484369798313 0.1118485154684438 -0.1031629528095039 0.98835586443099 0 0 0 0 0 0 
10 0.05422508692759221 0.01387991661795147 0.04639612207066769 0.9998710225104148 -0.001924544461622758 0.01594473181313169 0.001760354412621232 0.9999453516265077 0.01030509159988386 -0.01596369306643741 -0.01027569409603405 0.9998197690656678 0 -0 -0 0 -0 0 
1 0.05129621592196151 0.01790817553892063 0.02190382802730576 1 0 0 0 1 0 0 0 1 0 -0 -0 0 -0 0 
2 0.03197700130975503 0.02334848596164908 0.033459369036119 0.1885920891450522 0.07268359610878669 0.9793620978823917 0.9820555095878768 -0.0139580208072797 -0.1880748514375031 0 0.9972573732551884 -0.07401169831966894 -0 -0 0 0 0 0 
3 0.03031164892726655 0.0236612784701208 0.03359634454043985 0.1842810470986222 0.07991880537098846 0.9796190485225925 0.9828656804255259 -0.01098525910814463 -0.1839955932189543 -0.003943338928290407 0.9967408432638853 -0.08057382607085031 -0 -0 0 0 0 0 
4 0.0407268440766081 0.01858462409144956 0.03843450212533881 0.9993696799691671 -0.0170087012989115 0.03116001987240927 0.01710877083347407 0.9998492892942339 -0.002947653029629722 -0.03110518797390881 0.00347890470404475 0.9995100622320758 -0 -0 -0 0 0 0 
5 0.05676136323738475 0.01869339745327682 0.0314208512364717 0.1846189570085313 0.0791350774535685 0.9796190485232 0.9828101319935192 -0.01516133664080382 -0.1839955932139289 0.0002918286543046045 0.9967486008957734 -0.08057382607493946 -0 -0 0 0 0 0 
6 0.05096275191921257 0.02011976519386839 0.03848513335494383 0.9999999234318736 6.222187151654075e-06 -0.0003912767960485524 -6.310171684333463e-06 0.9999999746981 -0.0002248643616055484 0.0003912753870003643 0.0002248668134118647 0.9999998981692386 -0 -0 -0 0 0 0 
7 0.0451641406010404 0.02154613293445956 0.04554941547341606 -0.7058302727117652 0.002539118196868428 -0.7083764387685531 -0.708380853225884 -0.00314999230632929 0.705823380408611 -0.0004392113431351927 0.9999918151801305 0.00402202264335539 -0 -0 0 0 0 0 
8 0.05129776265516339 0.01343206580339879 0.04334499772017467 0.8187069257315801 -0.4823242984277523 -0.3115802318911159 -0.5671626655390226 -0.7640147437191492 -0.3075841058937108 -0.08969660293353249 0.4285379125887688 -0.8990604967944287 -0 0 -0 0 0 0 
9 0.07984646296290553 0.02599317762066508 0.08976917957174917 0.942804023968595 0.3253149118176211 -0.07273775180549977 -0.3140230596248161 0.9399614956564537 0.1336484369798303 0.1118485154684419 -0.1031629528095036 0.9883558644309902 0 0 0 0 0 0 
10 0.05422508692759221 0.01387991661795147 0.0463961220706677 0.9998710225104148 -0.001924544461622631 0.0159447318131323 0.001760354412621097 0.9999453516265077 0.01030509159988405 -0.01596369306643801 -0.01027569409603424 0.9998197690656678 0 -0 -0 0 -0 0 
1 0.05129621592196151 0.01790817553892063 0.02190382802730576 1 0 0 0 1 0 0 0 1 0 -0 -0 0 -0 0 
2 0.03197700130975503 0.02334848596164909 0.033459369036119 0.1885920891450524 0.07268359610878666 0.9793620978823917 0.9820555095878768 -0.01395802080727981 -0.1880748514375033 1.110223024625157e-16 0.9972573732551884 -0.07401169831966893 -0 -0 0 0 0 0 
3 0.03031164892726656 0.02366127847012081 0.03359634454043985 0.1842810470986222 0.07991880537098847 0.9796190485225925 0.9828656804255259 -0.01098525910814457 -0.1839955932189543 -0.003943338928290463 0.9967408432638853 -0.08057382607085031 -0 -0 0 0 0 0 
4 0.04072684407660811 0.01858462409144956 0.03843450212533881 0.9993696799691671 -0.01700870129891156 0.0311600198724092 0.01710877083347415 0.9998492892942339 -0.002947653029630323 -0.03110518797390873 0.003478904704045351 0.9995100622320758 -0 -0 -0 0 0 0 
5 0.05676136323738477 0.01869339745327682 0.0314208512364717 0.1846189570085312 0.07913507745356865 0.9796190485232 0.9828101319935192 -0.01516133664080371 -0.1839955932139289 0.0002918286543044379 0.9967486008957736 -0.08057382607493957 -0 -0 0 0 0 0 
6 0.05096275191921257 0.02011976519386839 0.03848513335494382 0.9999999234318736 6.222187151546374e-06 -0.0003912767960502285 -6.310171684226113e-06 0.9999999746981 -0.0002248643616054826 0.0003912753870020405 0.0002248668134117989 0.9999998981692386 -0 -0 -0 0 0 0 
7 0.04516414060104039 0.02154613293445956 0.04554941547341605 -0.7058302727117649 0.002539118196867174 -0.7083764387685533 -0.7083808532258842 -0.003149992306329437 0.7058233804086107 -0.0004392113431361841 0.9999918151801305 0.004022022643354604 -0 -0 0 0 0 0 
8 0.05129776265516339 0.01343206580339879 0.04334499772017466 0.8187069257315805 -0.482324298427752 -0.3115802318911149 -0.5671626655390219 -0.7640147437191495 -0.3075841058937112 -0.08969660293353166 0.4285379125887686 -0.8990604967944288 -0 0 -0 0 0 0 
9 0.07984646296290547 0.02599317762066508 0.08976917957174919 0.9428040239685941 0.3253149118176232 -0.07273775180550118 -0.3140230596248179 0.9399614956564529 0.1336484369798315 0.1118485154684438 -0.1031629528095041 0.9883558644309899 0 0 0 0 0 0 
10 0.0542250869275922 0.01387991661795147 0.04639612207066769 0.9998710225104148 -0.001924544461622863 0.01594473181313142 0.00176035441262133 0.9999453516265077 0.01030509159988447 -0.01596369306643713 -0.01027569409603466 0.9998197690656678 0 -0 -0 0 -0 0 
1 0.05129621592196151 0.01790817553892063 0.02190382802730576 1 0 0 0 1 0 0 0 1 0 -0 -0 0 -0 0 
2 0.03197700130975504 0.02334848596164909 0.033459369036119 0.1885920891450522 0.07268359610878666 0.9793620978823917 0.9820555095878769 -0.01395802080727965 -0.1880748514375031 -5.551115123125783e-17 0.9972573732551885 -0.07401169831966889 -0 -0 0 0 0 0 
3 0.03031164892726655 0.02366127847012081 0.03359634454043985 0.1842810470986223 0.07991880537098833 0.9796190485225925 0.9828656804255259 -0.0109852591081443 -0.1839955932189544 -0.003943338928290629 0.9967408432638851 -0.08057382607085015 -0 -0 0 0 0 0 
4 0.0407268440766081 0.01858462409144957 0.0384345021253388 0.9993696799691671 -0.01700870129891145 0.03116001987240909 0.01710877083347404 0.9998492892942339 -0.002947653029630127 -0.03110518797390863 0.00347890470404515 0.9995100622320758 -0 -0 -0 0 0 0 
5 0.05676136323738475 0.01869339745327682 0.0314208512364717 0.1846189570085312 0.07913507745356861 0.9796190485232 0.9828101319935192 -0.01516133664080388 -0.1839955932139289 0.0002918286543046045 0.9967486008957734 -0.08057382607493957 -0 -0 0 0 0 0 
6 0.05096275191921257 0.02011976519386839 0.03848513335494382 0.9999999234318736 6.222187151625851e-06 -0.0003912767960487322 -6.310171684305268e-06 0.9999999746981 -0.0002248643616055194 0.0003912753870005441 0.0002248668134118358 0.9999998981692386 -0 -0 -0 0 0 0 
7 0.0451641406010404 0.02154613293445956 0.04554941547341606 -0.7058302727117653 0.002539118196868115 -0.7083764387685528 -0.7083808532258837 -0.003149992306328495 0.7058233804086111 -0.0004392113431348492 0.9999918151801305 0.004022022643354607 -0 -0 0 0 0 0 
8 0.05129776265516339 0.01343206580339879 0.04334499772017467 0.8187069257315803 -0.4823242984277523 -0.3115802318911152 -0.5671626655390223 -0.7640147437191495 -0.3075841058937108 -0.08969660293353202 0.4285379125887685 -0.8990604967944288 -0 0 -0 0 0 0 
9 0.0798464629629055 0.0259931776206651 0.08976917957174918 0.9428040239685949 0.3253149118176212 -0.07273775180550059 -0.3140230596248161 0.9399614956564538 0.1336484369798306 0.1118485154684428 -0.1031629528095037 0.9883558644309901 0 0 0 0 0 0 
10 0.05422508692759221 0.01387991661795147 0.04639612207066769 0.9998710225104148 -0.00192454446162266 0.01594473181313159 0.001760354412621127 0.9999453516265077 0.01030509159988436 -0.0159636930664373 -0.01027569409603456 0.9998197690656678 0 -0 -0 0 -0 0 
1 0.05129621592196151 0.01790817553892063 0.02190382802730576 1 0 0 0 1 0 0 0 1 0 -0 -0 0 -0 0 
2 0.03197700130975503 0.02334848596164908 0.033459369036119 0.1885920891450522 0.07268359610878669 0.9793620978823917 0.9820555095878768 -0.0139580208072797 -0.1880748514375031 0 0.9972573732551884 -0.07401169831966894 -0 -0 0 0 0 0 
3 0.03031164892726655 0.0236612784701208 0.03359634454043985 0.1842810470986222 0.07991880537098844 0.9796190485225925 0.9828656804255259 -0.01098525910814374 -0.1839955932189544 -0.003943338928291296 0.9967408432638852 -0.08057382607085015 -0 -0 0 0 0 0 
4 0.04072684407660809 0.01858462409144956 0.03843450212533882 0.9993696799691671 -0.01700870129891132 0.03116001987240893 0.01710877083347389 0.9998492892942339 -0.002947653029629571 -0.03110518797390847 0.003478904704044587 0.9995100622320758 -0 -0 -0 0 0 0 
5 0.05676136323738475 0.01869339745327682 0.0314208512364717 0.1846189570085313 0.07913507745356854 0.9796190485232 0.9828101319935192 -0.01516133664080421 -0.1839955932139289 0.0002918286543050486 0.9967486008957736 -0.08057382607493957 -0 -0 0 0 0 0 
6 0.05096275191921257 0.02011976519386839 0.03848513335494382 0.9999999234318736 6.222187151665678e-06 -0.0003912767960485945 -6.310171684345135e-06 0.9999999746981 -0.0002248643616057012 0.0003912753870004064 0.0002248668134120175 0.9999998981692386 -0 -0 -0 0 0 0 
7 0.0451641406010404 0.02154613293445955 0.04554941547341606 -0.7058302727117652 0.002539118196868428 -0.7083764387685529 -0.7083808532258838 -0.003149992306329068 0.705823380408611 -0.0004392113431350348 0.9999918151801305 0.004022022643355233 -0 -0 0 0 0 0 
8 0.05129776265516338 0.01343206580339879 0.04334499772017467 0.8187069257315801 -0.4823242984277525 -0.3115802318911157 -0.5671626655390227 -0.7640147437191491 -0.3075841058937108 -0.08969660293353224 0.4285379125887687 -0.8990604967944287 -0 0 -0 0 0 0 
9 0.07984646296290553 0.02599317762066514 0.08976917957174915 0.9428040239685963 0.3253149118176173 -0.07273775180549902 -0.3140230596248125 0.9399614956564553 0.1336484369798287 0.1118485154684402 -0.1031629528095028 0.9883558644309904 0 0 0 0 0 0 
10 0.05422508692759221 0.01387991661795147 0.04639612207066769 0.9998710225104148 -0.001924544461622634 0.01594473181313219 0.001760354412621098 0.9999453516265077 0.01030509159988415 -0.0159636930664379 -0.01027569409603434 0.9998197690656678 0 -0 -0 0 -0 0 
1 0.05129621592196151 0.01790817553892063 0.02190382802730576 1 0 0 0 1 0 0 0 1 0 -0 -0 0 -0 0 
2 0.03197700130975503 0.02334848596164909 0.033459369036119 0.1885920891450524 0.07268359610878666 0.9793620978823917 0.9820555095878768 -0.01395802080727981 -0.1880748514375033 1.110223024625157e-16 0.9972573732551884 -0.07401169831966893 -0 -0 0 0 0 0 
3 0.03031164892726656 0.02366127847012081 0.03359634454043985 0.1842810470986223 0.07991880537098837 0.9796190485225925 0.9828656804255259 -0.01098525910814457 -0.1839955932189544 -0.003943338928290463 0.9967408432638853 -0.08057382607085023 -0 -0 0 0 0 0 
4 0.04072684407660811 0.01858462409144957 0.0384345021253388 0.9993696799691671 -0.01700870129891165 0.03116001987240942 0.01710877083347425 0.9998492892942339 -0.002947653029630596 -0.03110518797390895 0.003478904704045631 0.9995100622320758 -0 -0 -0 0 0 0 
5 0.05676136323738477 0.01869339745327682 0.0314208512364717 0.1846189570085313 0.07913507745356847 0.9796190485232 0.9828101319935192 -0.01516133664080438 -0.1839955932139289 0.0002918286543052151 0.9967486008957736 -0.08057382607493953 -0 -0 0 0 0 0 
6 0.05096275191921257 0.02011976519386839 0.03848513335494382 0.9999999234318736 6.222187151573136e-06 -0.0003912767960504898 -6.310171684253009e-06 0.9999999746981 -0.000224864361605674 0.0003912753870023017 0.0002248668134119903 0.9999998981692386 -0 -0 -0 0 0 0 
7 0.04516414060104039 0.02154613293445955 0.04554941547341604 -0.7058302727117649 0.00253911819686686 -0.7083764387685533 -0.7083808532258842 -0.003149992306329752 0.7058233804086107 -0.0004392113431366282 0.9999918151801305 0.004022022643354604 -0 -0 0 0 0 0 
8 0.05129776265516339 0.01343206580339879 0.04334499772017465 0.8187069257315807 -0.4823242984277518 -0.3115802318911149 -0.5671626655390217 -0.7640147437191496 -0.3075841058937112 -0.08969660293353177 0.4285379125887686 -0.8990604967944288 -0 0 -0 0 0 0 
9 0.07984646296290546 0.02599317762066507 0.08976917957174919 0.9428040239685941 0.3253149118176232 -0.07273775180550138 -0.3140230596248179 0.939961495656453 0.1336484369798314 0.111848515468444 -0.1031629528095039 0.98835586443099 0 0 0 0 0 0 
10 0.0542250869275922 0.01387991661795147 0.04639612207066769 0.9998710225104148 -0.001924544461623054 0.01594473181313134 0.001760354412621525 0.9999453516265077 0.01030509159988433 -0.01596369306643705 -0.01027569409603452 0.9998197690656678 0 -0 -0 0 -0 0 
1 0.05129621592196151 0.01790817553892063 0.02190382802730576 1 0 0 0 1 0 0 0 1 0 -0 -0 0 -0 0 
2 0.03197700130975504 0.02334848596164909 0.033459369036119 0.1885920891450522 0.07268359610878666 0.9793620978823917 0.9820555095878769 -0.01395802080727965 -0.1880748514375031 -5.551115123125783e-17 0.9972573732551885 -0.07401169831966889 -0 -0 0 0 0 0 
3 0.03031164892726655 0.02366127847012081 0.03359634454043985 0.1842810470986222 0.07991880537098849 0.9796190485225925 0.9828656804255258 -0.01098525910814457 -0.1839955932189543 -0.003943338928290407 0.9967408432638852 -0.08057382607085035 -0 -0 0 0 0 0 
4 0.04072684407660811 0.01858462409144956 0.0384345021253388 0.9993696799691671 -0.01700870129891161 0.03116001987240935 0.01710877083347421 0.9998492892942339 -0.002947653029630521 -0.03110518797390888 0.003478904704045553 0.9995100622320758 -0 -0 -0 0 0 0 
5 0.05676136323738475 0.01869339745327682 0.0314208512364717 0.1846189570085313 0.0791350774535685 0.9796190485232 0.9828101319935192 -0.01516133664080382 -0.1839955932139289 0.0002918286543046045 0.9967486008957734 -0.08057382607493946 -0 -0 0 0 0 0 
6 0.05096275191921257 0.02011976519386839 0.03848513335494382 0.9999999234318736 6.222187151586846e-06 -0.0003912767960493837 -6.310171684266386e-06 0.9999999746981 -0.0002248643616054587 0.0003912753870011956 0.000224866813411775 0.9999998981692386 -0 -0 -0 0 0 0 
7 0.0451641406010404 0.02154613293445956 0.04554941547341605 -0.7058302727117652 0.002539118196867488 -0.7083764387685531 -0.708380853225884 -0.003149992306328679 0.705823380408611 -0.0004392113431354243 0.9999918151801305 0.004022022643354293 -0 -0 0 0 0 0 
8 0.0512977626551634 0.01343206580339879 0.04334499772017465 0.8187069257315805 -0.482324298427752 -0.3115802318911149 -0.5671626655390218 -0.7640147437191496 -0.3075841058937109 -0.08969660293353185 0.4285379125887683 -0.8990604967944289 -0 0 -0 0 0 0 
9 0.07984646296290547 0.02599317762066502 0.08976917957174921 0.9428040239685925 0.3253149118176274 -0.07273775180550214 -0.3140230596248218 0.9399614956564514 0.1336484369798332 0.1118485154684457 -0.103162952809505 0.9883558644309896 0 0 0 0 0 0 
10 0.0542250869275922 0.01387991661795147 0.04639612207066769 0.9998710225104148 -0.001924544461622799 0.01594473181313131 0.001760354412621269 0.9999453516265077 0.01030509159988442 -0.01596369306643703 -0.01027569409603461 0.9998197690656678 0 -0 -0 0 -0 0 
1 0.05129621592196151 0.01790817553892063 0.02190382802730576 1 0 0 0 1 0 0 0 1 0 -0 -0 0 -0 0 
2 0.03197700130975503 0.02334848596164908 0.033459369036119 0.1885920891450522 0.07268359610878669 0.9793620978823917 0.9820555095878768 -0.0139580208072797 -0.1880748514375031 0 0.9972573732551884 -0.07401169831966894 -0 -0 0 0 0 0 
3 0.03031164892726655 0.0236612784701208 0.03359634454043985 0.1842810470986223 0.07991880537098831 0.9796190485225925 0.9828656804255258 -0.01098525910814413 -0.1839955932189544 -0.003943338928290852 0.9967408432638851 -0.08057382607085008 -0 -0 0 0 0 0 
4 0.0407268440766081 0.01858462409144956 0.03843450212533881 0.9993696799691671 -0.01700870129891131 0.03116001987240887 0.01710877083347388 0.9998492892942339 -0.002947653029629858 -0.03110518797390842 0.003478904704044873 0.9995100622320758 -0 -0 -0 0 0 0 
5 0.05676136323738475 0.01869339745327682 0.0314208512364717 0.1846189570085313 0.07913507745356846 0.9796190485232 0.9828101319935192 -0.01516133664080405 -0.1839955932139289 0.000291828654304882 0.9967486008957733 -0.08057382607493946 -0 -0 0 0 0 0 
6 0.05096275191921257 0.02011976519386839 0.03848513335494383 0.9999999234318736 6.222187151705203e-06 -0.0003912767960487548 -6.310171684384844e-06 0.9999999746981 -0.0002248643616060788 0.0003912753870005667 0.0002248668134123952 0.9999998981692386 -0 -0 -0 0 0 0 
7 0.0451641406010404 0.02154613293445955 0.04554941547341606 -0.7058302727117652 0.002539118196868115 -0.7083764387685531 -0.708380853225884 -0.003149992306329604 0.705823380408611 -0.0004392113431356368 0.9999918151801305 0.00402202264335539 -0 -0 0 0 0 0 
8 0.05129776265516339 0.01343206580339878 0.04334499772017467 0.8187069257315801 -0.4823242984277524 -0.3115802318911158 -0.5671626655390227 -0.7640147437191493 -0.3075841058937104 -0.08969660293353268 0.4285379125887684 -0.8990604967944289 -0 0 -0 0 0 0 
9 0.07984646296290553 0.02599317762066509 0.08976917957174917 0.9428040239685955 0.3253149118176195 -0.07273775180549956 -0.3140230596248146 0.9399614956564544 0.1336484369798293 0.1118485154684412 -0.103162952809503 0.9883558644309903 0 0 0 0 0 0 
10 0.05422508692759221 0.01387991661795147 0.0463961220706677 0.9998710225104148 -0.001924544461622745 0.0159447318131321 0.001760354412621215 0.9999453516265077 0.0103050915998839 -0.01596369306643781 -0.01027569409603409 0.9998197690656678 0 -0 -0 0 -0 0 
1 0.05129621592196151 0.01790817553892063 0.02190382802730576 1 0 0 0 1 0 0 0 1 0 -0 -0 0 -0 0 
2 0.03197700130975503 0.02334848596164909 0.033459369036119 0.1885920891450524 0.07268359610878666 0.9793620978823917 0.9820555095878768 -0.01395802080727981 -0.1880748514375033 1.110223024625157e-16 0.9972573732551884 -0.07401169831966893 -0 -0 0 0 0 0 
3 0.03031164892726656 0.02366127847012081 0.03359634454043985 0.1842810470986222 0.07991880537098847 0.9796190485225925 0.9828656804255258 -0.01098525910814435 -0.1839955932189543 -0.003943338928290685 0.9967408432638852 -0.08057382607085027 -0 -0 0 0 0 0 
4 0.0407268440766081 0.01858462409144956 0.03843450212533881 0.9993696799691671 -0.01700870129891136 0.031160019872409 0.01710877083347393 0.9998492892942339 -0.002947653029629895 -0.03110518797390854 0.003478904704044914 0.9995100622320758 -0 -0 -0 0 0 0 
5 0.05676136323738477 0.01869339745327682 0.0314208512364717 0.1846189570085311 0.07913507745356835 0.9796190485232001 0.9828101319935194 -0.01516133664080394 -0.1839955932139288 0.000291828654304882 0.9967486008957734 -0.08057382607493933 -0 -0 0 0 0 0 
6 0.05096275191921257 0.02011976519386839 0.03848513335494382 0.9999999234318736 6.222187151579807e-06 -0.0003912767960496895 -6.310171684259486e-06 0.9999999746981 -0.0002248643616056385 0.0003912753870015015 0.0002248668134119548 0.9999998981692386 -0 -0 -0 0 0 0 
7 0.0451641406010404 0.02154613293445956 0.04554941547341605 -0.7058302727117651 0.002539118196867488 -0.7083764387685532 -0.7083808532258841 -0.003149992306329567 0.7058233804086109 -0.000439211343136054 0.9999918151801305 0.004022022643354919 -0 -0 0 0 0 0 
8 0.05129776265516339 0.01343206580339879 0.04334499772017467 0.8187069257315802 -0.4823242984277524 -0.3115802318911153 -0.5671626655390224 -0.7640147437191493 -0.3075841058937108 -0.08969660293353199 0.4285379125887685 -0.8990604967944288 -0 0 -0 0 0 0 
9 0.07984646296290548 0.02599317762066507 0.08976917957174919 0.9428040239685943 0.3253149118176228 -0.07273775180550078 -0.3140230596248176 0.9399614956564531 0.1336484369798311 0.1118485154684433 -0.1031629528095039 0.98835586443099 0 0 0 0 0 0 
10 0.05422508692759221 0.01387991661795147 0.04639612207066769 0.9998710225104148 -0.001924544461622834 0.01594473181313174 0.001760354412621302 0.9999453516265077 0.01030509159988422 -0.01596369306643746 -0.01027569409603441 0.9998197690656678 0 -0 -0 0 -0 0 
1 0.05129621592196151 0.01790817553892063 0.02190382802730576 1 0 0 0 1 0 0 0 1 0 -0 -0 0 -0 0 
2 0.03197700130975504 0.02334848596164909 0.033459369036119 0.1885920891450522 0.07268359610878666 0.9793620978823917 0.9820555095878769 -0.01395802080727965 -0.1880748514375031 -5.551115123125783e-17 0.9972573732551885 -0.07401169831966889 -0 -0 0 0 0 0 
3 0.03031164892726655 0.02366127847012081 0.03359634454043985 0.1842810470986222 0.07991880537098842 0.9796190485225925 0.9828656804255259 -0.0109852591081448 -0.1839955932189543 -0.003943338928290185 0.9967408432638853 -0.08057382607085031 -0 -0 0 0 0 0 
4 0.0407268440766081 0.01858462409144956 0.0384345021253388 0.9993696799691671 -0.01700870129891151 0.0311600198724092 0.01710877083347409 0.9998492892942339 -0.002947653029630159 -0.03110518797390874 0.003478904704045186 0.9995100622320758 -0 -0 -0 0 0 0 
5 0.05676136323738475 0.01869339745327682 0.0314208512364717 0.1846189570085312 0.07913507745356861 0.9796190485232 0.9828101319935192 -0.01516133664080388 -0.1839955932139289 0.0002918286543046045 0.9967486008957734 -0.08057382607493957 -0 -0 0 0 0 0 
6 0.05096275191921257 0.02011976519386839 0.03848513335494383 0.9999999234318736 6.222187151561078e-06 -0.0003912767960489855 -6.310171684240485e-06 0.9999999746981 -0.0002248643616053489 0.0003912753870007975 0.0002248668134116652 0.9999998981692386 -0 -0 -0 0 0 0 
7 0.0451641406010404 0.02154613293445956 0.04554941547341606 -0.7058302727117649 0.002539118196868427 -0.7083764387685534 -0.7083808532258843 -0.003149992306329067 0.7058233804086107 -0.0004392113431350374 0.9999918151801305 0.004022022643355231 -0 -0 0 0 0 0 
8 0.05129776265516339 0.01343206580339879 0.04334499772017467 0.8187069257315803 -0.4823242984277522 -0.3115802318911155 -0.5671626655390223 -0.7640147437191493 -0.3075841058937108 -0.08969660293353227 0.4285379125887686 -0.8990604967944288 -0 0 -0 0 0 0 
9 0.0798464629629055 0.02599317762066507 0.08976917957174918 0.9428040239685946 0.3253149118176221 -0.07273775180550042 -0.314023059624817 0.9399614956564535 0.1336484369798306 0.1118485154684427 -0.1031629528095036 0.9883558644309902 0 0 0 0 0 0 
10 0.05422508692759221 0.01387991661795147 0.04639612207066769 0.9998710225104148 -0.001924544461622954 0.01594473181313196 0.001760354412621424 0.9999453516265077 0.01030509159988393 -0.01596369306643767 -0.01027569409603411 0.9998197690656678 0 -0 -0 0 -0 0 
1 0.05129621592196151 0.01790817553892063 0.02190382802730576 1 0 0 0 1 0 0 0 1 0 -0 -0 0 -0 0 
2 0.03197700130975503 0.02334848596164908 0.033459369036119 0.1885920891450522 0.07268359610878669 0.9793620978823917 0.9820555095878768 -0.0139580208072797 -0.1880748514375031 0 0.9972573732551884 -0.07401169831966894 -0 -0 0 0 0 0 
3 0.03031164892726655 0.0236612784701208 0.03359634454043985 0.1842810470986221 0.07991880537098867 0.9796190485225925 0.9828656804255259 -0.01098525910814346 -0.1839955932189543 -0.003943338928291573 0.9967408432638852 -0.08057382607085031 -0 -0 0 0 0 0 
4 0.04072684407660809 0.01858462409144956 0.03843450212533882 0.9993696799691671 -0.01700870129891116 0.0311600198724086 0.01710877083347372 0.9998492892942339 -0.002947653029629217 -0.03110518797390815 0.003478904704044222 0.9995100622320758 -0 -0 -0 0 0 0 
5 0.05676136323738475 0.01869339745327682 0.0314208512364717 0.1846189570085312 0.07913507745356865 0.9796190485232 0.9828101319935192 -0.01516133664080371 -0.1839955932139289 0.0002918286543044379 0.9967486008957736 -0.08057382607493957 -0 -0 0 0 0 0 
6 0.05096275191921257 0.02011976519386839 0.03848513335494383 0.9999999234318736 6.222187151680865e-06 -0.0003912767960482135 -6.31017168436016e-06 0.9999999746981 -0.0002248643616055082 0.0003912753870000254 0.0002248668134118245 0.9999998981692386 -0 -0 -0 0 0 0 
7 0.0451641406010404 0.02154613293445956 0.04554941547341607 -0.705830272711765 0.002539118196869054 -0.7083764387685532 -0.7083808532258841 -0.003149992306329326 0.7058233804086108 -0.0004392113431347772 0.9999918151801305 0.004022022643355859 -0 -0 0 0 0 0 
8 0.05129776265516338 0.01343206580339879 0.04334499772017468 0.8187069257315797 -0.4823242984277528 -0.3115802318911162 -0.5671626655390232 -0.764014743719149 -0.3075841058937103 -0.08969660293353279 0.4285379125887687 -0.8990604967944287 -0 0 -0 0 0 0 
9 0.07984646296290553 0.0259931776206651 0.08976917957174917 0.9428040239685958 0.3253149118176188 -0.07273775180549906 -0.3140230596248141 0.9399614956564547 0.1336484369798289 0.1118485154684405 -0.1031629528095029 0.9883558644309904 0 0 0 0 0 0 
10 0.05422508692759221 0.01387991661795147 0.0463961220706677 0.9998710225104148 -0.001924544461622794 0.0159447318131326 0.001760354412621262 0.9999453516265077 0.01030509159988371 -0.01596369306643831 -0.0102756940960339 0.9998197690656678 0 -0 -0 0 -0 0 
1 0.05129621592196151 0.01790817553892063 0.02190382802730576 1 0 0 0 1 0 0 0 1 0 -0 -0 0 -0 0 
2 0.03197700130975503 0.02334848596164909 0.033459369036119 0.1885920891450524 0.07268359610878666 0.9793620978823917 0.9820555095878768 -0.01395802080727981 -0.1880748514375033 1.110223024625157e-16 0.9972573732551884 -0.07401169831966893 -0 -0 0 0 0 0 
3 0.03031164892726656 0.02366127847012081 0.03359634454043985 0.1842810470986222 0.07991880537098839 0.9796190485225925 0.9828656804255258 -0.01098525910814446 -0.1839955932189544 -0.003943338928290463 0.9967408432638852 -0.08057382607085023 -0 -0 0 0 0 0 
4 0.0407268440766081 0.01858462409144957 0.03843450212533881 0.9993696799691671 -0.01700870129891148 0.03116001987240917 0.01710877083347406 0.9998492892942339 -0.002947653029629945 -0.03110518797390871 0.003478904704044971 0.9995100622320758 -0 -0 -0 0 0 0 
5 0.05676136323738477 0.01869339745327682 0.0314208512364717 0.1846189570085313 0.07913507745356847 0.9796190485232 0.9828101319935192 -0.01516133664080438 -0.1839955932139289 0.0002918286543052151 0.9967486008957736 -0.08057382607493953 -0 -0 0 0 0 0 
6 0.05096275191921257 0.02011976519386839 0.03848513335494382 0.9999999234318736 6.222187151614146e-06 -0.0003912767960495579 -6.310171684293899e-06 0.9999999746981 -0.000224864361605902 0.0003912753870013699 0.0002248668134122183 0.9999998981692386 -0 -0 -0 0 0 0 
7 0.0451641406010404 0.02154613293445956 0.04554941547341605 -0.705830272711765 0.002539118196867801 -0.7083764387685532 -0.7083808532258841 -0.003149992306329697 0.7058233804086108 -0.0004392113431359239 0.9999918151801305 0.004022022643355232 -0 -0 0 0 0 0 
8 0.05129776265516339 0.0134320658033988 0.04334499772017467 0.8187069257315803 -0.4823242984277522 -0.3115802318911156 -0.5671626655390224 -0.7640147437191493 -0.3075841058937108 -0.08969660293353235 0.4285379125887687 -0.8990604967944287 -0 0 -0 0 0 0 
9 0.0798464629629055 0.02599317762066505 0.08976917957174918 0.942804023968594 0.3253149118176235 -0.07273775180550063 -0.3140230596248183 0.9399614956564528 0.1336484369798312 0.1118485154684432 -0.1031629528095039 0.98835586443099 0 0 0 0 0 0 
10 0.05422508692759221 0.01387991661795147 0.04639612207066769 0.9998710225104148 -0.001924544461622765 0.01594473181313196 0.001760354412621234 0.9999453516265077 0.01030509159988399 -0.01596369306643767 -0.01027569409603418 0.9998197690656678 0 -0 -0 0 -0 0 
1 0.05129621592196151 0.01790817553892063 0.02190382802730576 1 0 0 0 1 0 0 0 1 0 -0 -0 0 -0 0 
2 0.03197700130975504 0.02334848596164909 0.033459369036119 0.1885920891450522 0.07268359610878666 0.9793620978823917 0.9820555095878769 -0.01395802080727965 -0.1880748514375031 -5.551115123125783e-17 0.9972573732551885 -0.07401169831966889 -0 -0 0 0 0 0 
3 0.03031164892726655 0.02366127847012081 0.03359634454043985 0.1842810470986222 0.07991880537098839 0.9796190485225925 0.9828656804255258 -0.01098525910814446 -0.1839955932189544 -0.003943338928290463 0.9967408432638852 -0.08057382607085023 -0 -0 0 0 0 0 
4 0.0407268440766081 0.01858462409144957 0.03843450212533881 0.9993696799691671 -0.01700870129891133 0.03116001987240887 0.01710877083347391 0.9998492892942339 -0.002947653029629957 -0.03110518797390841 0.003478904704044973 0.9995100622320758 -0 -0 -0 0 0 0 
5 0.05676136323738475 0.01869339745327682 0.0314208512364717 0.1846189570085312 0.07913507745356863 0.9796190485232 0.9828101319935192 -0.01516133664080382 -0.1839955932139289 0.000291828654304549 0.9967486008957734 -0.08057382607493957 -0 -0 0 0 0 0 
6 0.05096275191921257 0.02011976519386839 0.03848513335494382 0.9999999234318736 6.222187151637789e-06 -0.0003912767960491127 -6.31017168431739e-06 0.9999999746981 -0.0002248643616057726 0.0003912753870009246 0.0002248668134120889 0.9999998981692386 -0 -0 -0 0 0 0 
7 0.0451641406010404 0.02154613293445956 0.04554941547341606 -0.7058302727117652 0.002539118196867802 -0.7083764387685529 -0.7083808532258838 -0.003149992306329476 0.705823380408611 -0.000439211343135766 0.9999918151801305 0.004022022643355077 -0 -0 0 0 0 0 
8 0.05129776265516339 0.01343206580339879 0.04334499772017467 0.8187069257315802 -0.4823242984277525 -0.3115802318911154 -0.5671626655390225 -0.7640147437191491 -0.3075841058937108 -0.08969660293353204 0.4285379125887686 -0.8990604967944288 -0 0 -0 0 0 0 
9 0.07984646296290551 0.02599317762066513 0.08976917957174917 0.9428040239685962 0.3253149118176175 -0.07273775180549953 -0.3140230596248127 0.9399614956564551 0.1336484369798285 0.1118485154684407 -0.1031629528095025 0.9883558644309904 0 0 0 0 0 0 
10 0.05422508692759221 0.01387991661795147 0.0463961220706677 0.9998710225104148 -0.001924544461622605 0.01594473181313178 0.001760354412621076 0.9999453516265077 0.01030509159988398 -0.01596369306643749 -0.01027569409603418 0.9998197690656678 0 -0 -0 0 -0 0 
1 0.05129621592196151 0.01790817553892063 0.02190382802730576 1 0 0 0 1 0 0 0 1 0 -0 -0 0 -0 0 
2 0.03197700130975503 0.02334848596164908 0.033459369036119 0.1885920891450522 0.07268359610878669 0.9793620978823917 0.9820555095878768 -0.0139580208072797 -0.1880748514375031 0 0.9972573732551884 -0.07401169831966894 -0 -0 0 0 0 0 
3 0.03031164892726655 0.0236612784701208 0.03359634454043985 0.1842810470986221 0.07991880537098858 0.9796190485225925 0.9828656804255259 -0.01098525910814419 -0.1839955932189543 -0.003943338928290852 0.9967408432638852 -0.08057382607085035 -0 -0 0 0 0 0 
4 0.0407268440766081 0.01858462409144956 0.0384345021253388 0.9993696799691671 -0.01700870129891158 0.03116001987240941 0.01710877083347415 0.9998492892942339 -0.002947653029629801 -0.03110518797390895 0.003478904704044834 0.9995100622320758 -0 -0 -0 0 0 0 
5 0.05676136323738475 0.01869339745327682 0.0314208512364717 0.1846189570085312 0.07913507745356865 0.9796190485232 0.9828101319935192 -0.01516133664080371 -0.1839955932139289 0.0002918286543044379 0.9967486008957736 -0.08057382607493957 -0 -0 0 0 0 0 
6 0.05096275191921257 0.02011976519386839 0.03848513335494382 0.9999999234318736 6.222187151654275e-06 -0.0003912767960487362 -6.310171684333656e-06 0.9999999746981 -0.0002248643616054256 0.0003912753870005482 0.000224866813411742 0.9999998981692386 -0 -0 -0 0 0 0 
