OndselSolver
Assembly
	Notes
		(Text string: '' runs: (Core.RunArray runs: #() values: #()))
	Name
		Assembly
	Position3D
		0	0	0	
	RotationMatrix
		1	0	0	
		0	1	0	
		0	0	1	
	Velocity3D
		0	0	0	
	Omega3D
		0	0	0	
	RefPoints
		RefPoint
			Position3D
				0	0	0	
			RotationMatrix
				1	0	0	
				0	1	0	
				0	0	1	
			Markers
				Marker
					Name
						Marker0
					Position3D
						0	0	0	
					RotationMatrix
						1	0	0	
						0	1	0	
						0	0	1	
		RefPoint
			Position3D
				0	0	0	
			RotationMatrix
				1	0	0	
				0	1	0	
				0	0	1	
			Markers
				Marker
					Name
						Marker1
					Position3D
						0	0	0	
					RotationMatrix
						1	0	0	
						0	1	0	
						0	0	1	
	RefCurves
	RefSurfaces
	Parts
		Part
			Name
				structural_node_1
			Position3D
				-0.07783416000000026	0.004000000000000017	-0.1783206000000001	
			RotationMatrix
				5.549534576630243e-17	-0.9063077746978223	-0.4226182882013997	
				-1	-9.476526566669887e-18	-1.109906915326049e-16	
				9.658677321938644e-17	0.4226182882013997	-0.9063077746978223	
			Velocity3D
				0	0	0	
			Omega3D
				0	0	0	
			FeatureOrder
			PrincipalMassMarker
				Name
					MassMarker
				Position3D
					0	0	0	
				RotationMatrix
					1	0	0	
					0	1	0	
					0	0	1	
				Mass
					1
				MomentOfInertias
					1	2	3	
				Density
					10
			RefPoints
				RefPoint
					Position3D
						0	0	0	
					RotationMatrix
						1	0	0	
						0	1	0	
						0	0	1	
					Markers
						Marker
							Name
								Marker0
							Position3D
								0.004000000000000023	0.004819842377972061	-0.1945074856315745	
							RotationMatrix
								2.129707656279838e-16	-1	-6.868501686611503e-17	
								-0.9063077746978225	-2.220446049250313e-16	0.4226182882013998	
								-0.4226182882013997	-2.775557561562891e-17	-0.9063077746978223	
				RefPoint
					Position3D
						0	0	0	
					RotationMatrix
						1	0	0	
						0	1	0	
						0	0	1	
					Markers
						Marker
							Name
								Marker1
							Position3D
								0	0	0	
							RotationMatrix
								1	0	0	
								0	1	0	
								0	0	1	
			RefCurves
			RefSurfaces
		Part
			Name
				structural_node_10
			Position3D
				-0.329	0.004	-1.473	
			RotationMatrix
				1	0	0	
				0	1	0	
				0	0	1	
			Velocity3D
				0	0	0	
			Omega3D
				0	0	0	
			FeatureOrder
			PrincipalMassMarker
				Name
					MassMarker
				Position3D
					0	0	0	
				RotationMatrix
					1	0	0	
					0	1	0	
					0	0	1	
				Mass
					1
				MomentOfInertias
					1	2	3	
				Density
					10
			RefPoints
				RefPoint
					Position3D
						0	0	0	
					RotationMatrix
						1	0	0	
						0	1	0	
						0	0	1	
					Markers
						Marker
							Name
								Marker0
							Position3D
								0.329	-0.003999999999999948	1.473	
							RotationMatrix
								1	0	0	
								0	1	3.552713678800501e-17	
								0	-3.552713678800501e-17	1	
				RefPoint
					Position3D
						0	0	0	
					RotationMatrix
						1	0	0	
						0	1	0	
						0	0	1	
					Markers
						Marker
							Name
								Marker1
							Position3D
								0	0	0	
							RotationMatrix
								1	0	0	
								0	1	0	
								0	0	1	
			RefCurves
			RefSurfaces
		Part
			Name
				structural_node_2
			Position3D
				-0.07783416099836241	0.003999999996809759	-0.1783206001732518	
			RotationMatrix
				6.968113298216616e-08	-0.9063077882747175	-0.4226182590856494	
				-0.9999999999999976	-6.315255362922041e-08	-2.944851887254714e-08	
				-2.642497619099856e-16	0.4226182590856504	-0.9063077882747196	
			Velocity3D
				0	0	0	
			Omega3D
				0	0	0	
			FeatureOrder
			PrincipalMassMarker
				Name
					MassMarker
				Position3D
					0.004999996385997411	0.1205597414584092	-0.1359268059354967	
				RotationMatrix
					1	0	0	
					0	1	0	
					0	0	1	
				Mass
					2.978229835603125
				MomentOfInertias
					0.040082009870845	0.040082009870845	0.0007445574589190001	
				Density
					10
			RefPoints
				RefPoint
					Position3D
						0	0	0	
					RotationMatrix
						1	0	0	
						0	1	0	
						0	0	1	
					Markers
						Marker
							Name
								Marker0
							Position3D
								0	0	0	
							RotationMatrix
								1	-4.857225732735059e-17	2.775557561562891e-17	
								4.857225732735059e-17	1	6.740754805355322e-34	
								-2.775557561562891e-17	6.740754805355322e-34	1	
				RefPoint
					Position3D
						0	0	0	
					RotationMatrix
						1	0	0	
						0	1	0	
						0	0	1	
					Markers
						Marker
							Name
								Marker1
							Position3D
								0	0	0	
							RotationMatrix
								-1	4.926614671774131e-16	-2.220446049250313e-16	
								4.926614671774131e-16	1	-1.665334536937734e-16	
								2.220446049250312e-16	-1.665334536937735e-16	-1	
				RefPoint
					Position3D
						0	0	0	
					RotationMatrix
						1	0	0	
						0	1	0	
						0	0	1	
					Markers
						Marker
							Name
								Marker2
							Position3D
								7.993605777301126e-18	-2.842170943040401e-17	0.2	
							RotationMatrix
								1	0	0	
								0	1	0	
								0	0	1	
			RefCurves
			RefSurfaces
		Part
			Name
				structural_node_3
			Position3D
				-0.1623578015932916	0.003999999315223934	-0.3595821023052436	
			RotationMatrix
				-6.968113307241621e-08	-0.9063077882747174	0.4226182590856496	
				0.9999999999999976	-6.315255363778938e-08	2.944851906772072e-08	
				9.098385212341856e-17	0.4226182590856506	0.9063077882747195	
			Velocity3D
				0	0	0	
			Omega3D
				0	0	0	
			FeatureOrder
			PrincipalMassMarker
				Name
					MassMarker
				Position3D
					-0.09199998799213414	0.1885286369678203	0.0197964064628884	
				RotationMatrix
					1	0	0	
					0	1	0	
					0	0	1	
				Mass
					2.588134615720142
				MomentOfInertias
					0.024389786154885	0.023044218207903	0.002645664260738	
				Density
					10
			RefPoints
				RefPoint
					Position3D
						0	0	0	
					RotationMatrix
						1	0	0	
						0	1	0	
						0	0	1	
					Markers
						Marker
							Name
								Marker0
							Position3D
								0	0	0	
							RotationMatrix
								1	0	0	
								0	1	0	
								0	0	1	
				RefPoint
					Position3D
						0	0	0	
					RotationMatrix
						1	0	0	
						0	1	0	
						0	0	1	
					Markers
						Marker
							Name
								Marker1
							Position3D
								0	0	0	
							RotationMatrix
								1	0	0	
								0	1	0	
								0	0	1	
				RefPoint
					Position3D
						0	0	0	
					RotationMatrix
						1	0	0	
						0	1	0	
						0	0	1	
					Markers
						Marker
							Name
								Marker2
							Position3D
								0.001111341297416678	0.1999969122774665	-0.08000000000000006	
							RotationMatrix
								1	0	0	
								0	1	0	
								0	0	1	
			RefCurves
			RefSurfaces
		Part
			Name
				structural_node_4
			Position3D
				-0.3774260000000018	0.005111324000000292	-0.347564400000001	
			RotationMatrix
				1	0	0	
				0	1	0	
				0	0	1	
			Velocity3D
				0	0	0	
			Omega3D
				0	0	0	
			FeatureOrder
			PrincipalMassMarker
				Name
					MassMarker
				Position3D
					-0.1305739999999983	0.08288867599999981	-0.05750165159633457	
				RotationMatrix
					1	0	0	
					0	1	0	
					0	0	1	
				Mass
					1.170339212415142
				MomentOfInertias
					0.018472555043878	0.018472555043878	0.000232194477874	
				Density
					10
			RefPoints
				RefPoint
					Position3D
						0	0	0	
					RotationMatrix
						1	0	0	
						0	1	0	
						0	0	1	
					Markers
						Marker
							Name
								Marker0
							Position3D
								0	0	0	
							RotationMatrix
								1	0	0	
								0	1	0	
								0	0	1	
				RefPoint
					Position3D
						0	0	0	
					RotationMatrix
						1	0	0	
						0	1	0	
						0	0	1	
					Markers
						Marker
							Name
								Marker1
							Position3D
								0	0	2.91038304567337e-14	
							RotationMatrix
								-0.02294285981643602	0.9979988989815743	-0.05892217591883054	
								-0.9997367779487978	-0.02290297740498293	0.001352199150819217	
								-7.155734338404329e-18	0.05893768961838504	0.9982616634642679	
				RefPoint
					Position3D
						0	0	0	
					RotationMatrix
						1	0	0	
						0	1	0	
						0	0	1	
					Markers
						Marker
							Name
								Marker2
							Position3D
								0	0	0	
							RotationMatrix
								-0.02294285981643602	0.9979988989815743	-0.05892217591883054	
								-0.9997367779487978	-0.02290297740498293	0.001352199150819217	
								-7.155734338404329e-18	0.05893768961838504	0.9982616634642679	
			RefCurves
			RefSurfaces
		Part
			Name
				structural_node_5
			Position3D
				-0.3351868564816247	0.004141981016983616	-1.043182233269288	
			RotationMatrix
				-0.02294285981643631	0.9979988989815739	-0.05892217591883058	
				-0.9997367779487976	-0.02290297740498321	0.001352199150819227	
				-1.517883041479706e-17	0.05893768961838507	0.9982616634642678	
			Velocity3D
				0	0	0	
			Omega3D
				0	0	0	
			FeatureOrder
			PrincipalMassMarker
				Name
					MassMarker
				Position3D
					0.006834112138545638	-0.04601302782700924	0.4707123913694984	
				RotationMatrix
					1	0	0	
					0	1	0	
					0	0	1	
				Mass
					2.978229835603125
				MomentOfInertias
					0.040082009870845	0.040082009870845	0.0007445574589190001	
				Density
					10
			RefPoints
				RefPoint
					Position3D
						0	0	0	
					RotationMatrix
						1	0	0	
						0	1	0	
						0	0	1	
					Markers
						Marker
							Name
								Marker0
							Position3D
								0	0	0	
							RotationMatrix
								1	0	0	
								0	1	0	
								0	0	1	
				RefPoint
					Position3D
						0	0	0	
					RotationMatrix
						1	0	0	
						0	1	0	
						0	0	1	
					Markers
						Marker
							Name
								Marker1
							Position3D
								0	0	0	
							RotationMatrix
								1	0	0	
								0	1	0	
								0	0	1	
				RefPoint
					Position3D
						0	0	0	
					RotationMatrix
						1	0	0	
						0	1	0	
						0	0	1	
					Markers
						Marker
							Name
								Marker2
							Position3D
								0	0	0	
							RotationMatrix
								-0.02294285981643647	-0.999736777948798	-6.93889390390723e-18	
								0.9979988989815741	-0.02290297740498337	0.05893768961838507	
								-0.05892217591883059	0.001352199150819245	0.9982616634642679	
				RefPoint
					Position3D
						0	0	0	
					RotationMatrix
						1	0	0	
						0	1	0	
						0	0	1	
					Markers
						Marker
							Name
								Marker3
							Position3D
								4.440892098500626e-19	-0.001178753792367729	-0.01996523326928548	
							RotationMatrix
								1	0	0	
								0	1	0	
								0	0	1	
			RefCurves
			RefSurfaces
		Part
			Name
				structural_node_6
			Position3D
				-0.3290883999648427	0.0789998699933408	-1.168106999911106	
			RotationMatrix
				0.9999993049330351	-1.679121248873445e-06	0.00117903800914099	
				0.001179039204796566	0.00142414270445011	-0.9999982908405948	
				4.743384504624082e-20	0.9999989859068547	0.001424143694325345	
			Velocity3D
				0	0	0	
			Omega3D
				0	0	0	
			FeatureOrder
			PrincipalMassMarker
				Name
					MassMarker
				Position3D
					-0.1140046648028631	0.2899920088958115	0.07927857952755618	
				RotationMatrix
					1	0	0	
					0	1	0	
					0	0	1	
				Mass
					2.643354032879375
				MomentOfInertias
					0.014001696547798	0.009872891153302001	0.005359259534436001	
				Density
					10
			RefPoints
				RefPoint
					Position3D
						0	0	0	
					RotationMatrix
						1	0	0	
						0	1	0	
						0	0	1	
					Markers
						Marker
							Name
								Marker0
							Position3D
								0	0	0	
							RotationMatrix
								1	0	0	
								0	1	0	
								0	0	1	
				RefPoint
					Position3D
						0	0	0	
					RotationMatrix
						1	0	0	
						0	1	0	
						0	0	1	
					Markers
						Marker
							Name
								Marker1
							Position3D
								0	0	0	
							RotationMatrix
								0.9999993049330352	0.001179039204796566	0	
								-1.679121248873486e-06	0.001424142704450184	0.9999989859068548	
								0.00117903800914099	-0.9999982908405949	0.001424143694325419	
				RefPoint
					Position3D
						0	0	0	
					RotationMatrix
						1	0	0	
						0	1	0	
						0	0	1	
					Markers
						Marker
							Name
								Marker2
							Position3D
								-0.006186656766077363	0.1048175809588201	0.075	
							RotationMatrix
								1	0	0	
								0	1	0	
								0	0	1	
			RefCurves
			RefSurfaces
		Part
			Name
				structural_node_7
			Position3D
				-0.2540001000384372	0.004088427999796435	-1.168000000111145	
			RotationMatrix
				6.123233995736766e-17	0	-1	
				-1	-3.828568698926949e-16	-6.123233995736766e-17	
				-3.828568698926949e-16	1	-2.344322201228318e-32	
			Velocity3D
				0	0	0	
			Omega3D
				0	0	0	
			FeatureOrder
			PrincipalMassMarker
				Name
					MassMarker
				Position3D
					0.003864408418240226	0.1010000000912521	0.1900045883143317	
				RotationMatrix
					1	0	0	
					0	1	0	
					0	0	1	
				Mass
					2.64116316893039
				MomentOfInertias
					0.005810096369772	0.003175905835115001	0.003175905835115001	
				Density
					10
			RefPoints
				RefPoint
					Position3D
						0	0	0	
					RotationMatrix
						1	0	0	
						0	1	0	
						0	0	1	
					Markers
						Marker
							Name
								Marker0
							Position3D
								-0.07499992394297246	-0.000106810806308431	0.075	
							RotationMatrix
								-1.495687485322867e-13	-0.001424144084115689	0.9999989859062998	
								1.047116715990916e-10	0.9999989859063	0.001424144084115688	
								-1	1.047117784190935e-10	-4.440892098500626e-16	
				RefPoint
					Position3D
						0	0	0	
					RotationMatrix
						1	0	0	
						0	1	0	
						0	0	1	
					Markers
						Marker
							Name
								Marker1
							Position3D
								0	0	0	
							RotationMatrix
								1	0	0	
								0	1	0	
								0	0	1	
			RefCurves
			RefSurfaces
		Part
			Name
				structural_node_8
			Position3D
				-0.3290000000000001	0.004	-1.273	
			RotationMatrix
				1	0	0	
				0	1	0	
				0	0	1	
			Velocity3D
				0	0	0	
			Omega3D
				0	0	0	
			FeatureOrder
			PrincipalMassMarker
				Name
					MassMarker
				Position3D
					-0.1090000000000001	-0.002999999999999985	0.02900238100507408	
				RotationMatrix
					1	0	0	
					0	1	0	
					0	0	1	
				Mass
					2.643354032879375
				MomentOfInertias
					0.014001696547798	0.009872891153302001	0.005359259534436001	
				Density
					10
			RefPoints
				RefPoint
					Position3D
						0	0	0	
					RotationMatrix
						1	0	0	
						0	1	0	
						0	0	1	
					Markers
						Marker
							Name
								Marker0
							Position3D
								0.07499994787026051	8.84277004365579e-05	0.105	
							RotationMatrix
								0.001179036005820311	-1.30822033579866e-19	-0.999999304936807	
								-0.999999304936807	1.109566985270027e-16	-0.001179036005820311	
								1.109567756489734e-16	1	0	
				RefPoint
					Position3D
						0	0	0	
					RotationMatrix
						1	0	0	
						0	1	0	
						0	0	1	
					Markers
						Marker
							Name
								Marker1
							Position3D
								0	0	0	
							RotationMatrix
								1	0	0	
								0	1	0	
								0	0	1	
				RefPoint
					Position3D
						0	0	0	
					RotationMatrix
						1	0	0	
						0	1	0	
						0	0	1	
					Markers
						Marker
							Name
								Marker2
							Position3D
								0	0	0	
							RotationMatrix
								1	0	0	
								0	1	0	
								0	0	1	
			RefCurves
			RefSurfaces
		Part
			Name
				structural_node_9
			Position3D
				-0.3290000000000001	0.004000000000000003	-1.473	
			RotationMatrix
				1	0	0	
				0	1	0	
				0	0	1	
			Velocity3D
				0	0	0	
			Omega3D
				0	0	0	
			FeatureOrder
			PrincipalMassMarker
				Name
					MassMarker
				Position3D
					-0.1029999999999998	-0.005000000000000004	-0.04199999999999954	
				RotationMatrix
					1	0	0	
					0	1	0	
					0	0	1	
				Mass
					2.978229835603125
				MomentOfInertias
					0.040082009870845	0.040082009870845	0.0007445574589190001	
				Density
					10
			RefPoints
				RefPoint
					Position3D
						0	0	0	
					RotationMatrix
						1	0	0	
						0	1	0	
						0	0	1	
					Markers
						Marker
							Name
								Marker0
							Position3D
								0	0	0	
							RotationMatrix
								1	-0	0	
								0	1	3.996802888650563e-17	
								-0	-3.996802888650563e-17	1	
				RefPoint
					Position3D
						0	0	0	
					RotationMatrix
						1	0	0	
						0	1	0	
						0	0	1	
					Markers
						Marker
							Name
								Marker1
							Position3D
								0	0	0.2	
							RotationMatrix
								1	0	0	
								0	1	0	
								0	0	1	
				RefPoint
					Position3D
						0	0	0	
					RotationMatrix
						1	0	0	
						0	1	0	
						0	0	1	
					Markers
						Marker
							Name
								Marker2
							Position3D
								0	0	0	
							RotationMatrix
								1	0	0	
								0	1	0	
								0	0	1	
			RefCurves
			RefSurfaces
	KinematicIJs
	ConstraintSets
		Joints
			FixedJoint
				Name
					joint_1
				MarkerI
					/Assembly/Marker0
				MarkerJ
					/Assembly/structural_node_1/Marker0
			RevoluteJoint
				Name
					joint_2
				MarkerI
					/Assembly/structural_node_2/Marker0
				MarkerJ
					/Assembly/structural_node_1/Marker1
			NoRotationJoint
				Name
					joint_4
				MarkerI
					/Assembly/structural_node_2/Marker1
				MarkerJ
					/Assembly/structural_node_3/Marker0
			SphericalJoint
				Name
					joint_5
				MarkerI
					/Assembly/structural_node_2/Marker2
				MarkerJ
					/Assembly/structural_node_3/Marker1
			SphericalJoint
				Name
					joint_6
				MarkerI
					/Assembly/structural_node_3/Marker2
				MarkerJ
					/Assembly/structural_node_4/Marker0
			PointInLineJoint
				Name
					joint_7
				MarkerI
					/Assembly/structural_node_4/Marker1
				MarkerJ
					/Assembly/structural_node_5/Marker0
			NoRotationJoint
				Name
					joint_8
				MarkerI
					/Assembly/structural_node_4/Marker2
				MarkerJ
					/Assembly/structural_node_5/Marker1
			RevoluteJoint
				Name
					joint_12
				MarkerI
					/Assembly/structural_node_7/Marker0
				MarkerJ
					/Assembly/structural_node_6/Marker0
			RevoluteJoint
				Name
					joint_14
				MarkerI
					/Assembly/structural_node_8/Marker0
				MarkerJ
					/Assembly/structural_node_7/Marker1
			NoRotationJoint
				Name
					joint_16
				MarkerI
					/Assembly/structural_node_9/Marker0
				MarkerJ
					/Assembly/structural_node_8/Marker1
			SphericalJoint
				Name
					joint_17
				MarkerI
					/Assembly/structural_node_9/Marker1
				MarkerJ
					/Assembly/structural_node_8/Marker2
			FixedJoint
				Name
					joint_18
				MarkerI
					/Assembly/Marker1
				MarkerJ
					/Assembly/structural_node_10/Marker0
			RevoluteJoint
				Name
					joint_19
				MarkerI
					/Assembly/structural_node_9/Marker2
				MarkerJ
					/Assembly/structural_node_10/Marker1
			NoRotationJoint
				Name
					joint_21
				MarkerI
					/Assembly/structural_node_6/Marker1
				MarkerJ
					/Assembly/structural_node_5/Marker2
			SphericalJoint
				Name
					joint_22
				MarkerI
					/Assembly/structural_node_6/Marker2
				MarkerJ
					/Assembly/structural_node_5/Marker3
		Motions
			RotationalMotion
				Name
					joint_2Motion
				MarkerI
					/Assembly/structural_node_2/Marker0
				MarkerJ
					/Assembly/structural_node_1/Marker1
				MotionJoint
					/Assembly/joint_2
				RotationZ
					integral(time,  rampstep(time, 0.25, 0.0, 2.0, 0.0 + 5.0*(2.0 - 0.25)))
			RotationalMotion
				Name
					joint_19Motion
				MarkerI
					/Assembly/structural_node_9/Marker2
				MarkerJ
					/Assembly/structural_node_10/Marker1
				MotionJoint
					/Assembly/joint_19
				RotationZ
					integral(time,  rampstep(time, 0.25, 0.0, 2.0, 0.0 + 5.0*(2.0 - 0.25))/2)
		GeneralConstraintSets
	ForceTorques
	ConstantGravity
		0	0	0	
	SimulationParameters
		tstart
			0
		tend
			4
		hmin
			1e-09
		hmax
			1
		hout
			0.01
		errorTol
			1e-06
	AnimationParameters
		nframe
			1000000
		icurrent
			1
		istart
			1
		iend
			1000000
		isForward
			true
		framesPerSecond
			30
TimeSeries
Number	Input	1	2	3	4	5	6	7	8	9	10	11	12	13	14	15	16	17	18	19	20	21	22	23	24	25	26	27	28	29	30	31	32	33	34	35	36	37	38	39	40	41	42	43	44	45	46	47	48	49	50	51	52	53	54	55	56	57	58	59	60	61	62	63	64	65	66	67	68	69	70	71	72	73	74	75	76	77	78	79	80	81	82	83	84	85	86	87	88	89	90	91	92	93	94	95	96	97	98	99	100	101	102	103	104	105	106	107	108	109	110	111	112	113	114	115	116	117	118	119	120	121	122	123	124	125	126	127	128	129	130	131	132	133	134	135	136	137	138	139	140	141	142	143	144	145	146	147	148	149	150	151	152	153	154	155	156	157	158	159	160	161	162	163	164	165	166	167	168	169	170	171	172	173	174	175	176	177	178	179	180	181	182	183	184	185	186	187	188	189	190	191	192	193	194	195	196	197	198	199	200	201	202	203	204	205	206	207	208	209	210	211	212	213	214	215	216	217	218	219	220	221	222	223	224	225	226	227	228	229	230	231	232	233	234	235	236	237	238	239	240	241	242	243	244	245	246	247	248	249	250	251	252	253	254	255	256	257	258	259	260	261	262	263	264	265	266	267	268	269	270	271	272	273	274	275	276	277	278	279	280	281	282	283	284	285	286	287	288	289	290	291	292	293	294	295	296	297	298	299	300	301	302	303	304	305	306	307	308	309	310	311	312	313	314	315	316	317	318	319	320	321	322	323	324	325	326	327	328	329	330	331	332	333	334	335	336	337	338	339	340	341	342	343	344	345	346	347	348	349	350	351	352	353	354	355	356	357	358	359	360	361	362	363	364	365	366	367	368	369	370	371	372	373	374	375	376	377	378	379	380	381	382	383	384	385	386	387	388	389	390	391	392	393	394	395	396	397	398	399	400	401	
Time	Input	0	0.01	0.02	0.03	0.04	0.05	0.06	0.07000000000000001	0.08	0.09	0.09999999999999999	0.11	0.12	0.13	0.14	0.15	0.16	0.17	0.18	0.19	0.2	0.21	0.2200000000000001	0.2300000000000001	0.2400000000000001	0.2500000000000001	0.2600000000000001	0.2700000000000001	0.2800000000000001	0.2900000000000001	0.3000000000000001	0.3100000000000001	0.3200000000000001	0.3300000000000001	0.3400000000000001	0.3500000000000001	0.3600000000000002	0.3700000000000002	0.3800000000000002	0.3900000000000002	0.4000000000000002	0.4100000000000002	0.4200000000000002	0.4300000000000002	0.4400000000000002	0.4500000000000002	0.4600000000000002	0.4700000000000003	0.4800000000000003	0.4900000000000003	0.5000000000000002	0.5100000000000002	0.5200000000000002	0.5300000000000002	0.5400000000000003	0.5500000000000003	0.5600000000000003	0.5700000000000003	0.5800000000000003	0.5900000000000003	0.6000000000000003	0.6100000000000003	0.6200000000000003	0.6300000000000003	0.6400000000000003	0.6500000000000004	0.6600000000000004	0.6700000000000004	0.6800000000000004	0.6900000000000004	0.7000000000000004	0.7100000000000004	0.7200000000000004	0.7300000000000004	0.7400000000000004	0.7500000000000004	0.7600000000000005	0.7700000000000005	0.7800000000000005	0.7900000000000005	0.8000000000000005	0.8100000000000005	0.8200000000000005	0.8300000000000005	0.8400000000000005	0.8500000000000005	0.8600000000000005	0.8700000000000006	0.8800000000000006	0.8900000000000006	0.9000000000000006	0.9100000000000006	0.9200000000000006	0.9300000000000006	0.9400000000000006	0.9500000000000006	0.9600000000000006	0.9700000000000006	0.9800000000000006	0.9900000000000007	1.000000000000001	1.010000000000001	1.020000000000001	1.030000000000001	1.040000000000001	1.050000000000001	1.060000000000001	1.070000000000001	1.080000000000001	1.090000000000001	1.100000000000001	1.110000000000001	1.120000000000001	1.130000000000001	1.140000000000001	1.150000000000001	1.160000000000001	1.170000000000001	1.180000000000001	1.190000000000001	1.200000000000001	1.210000000000001	1.220000000000001	1.230000000000001	1.240000000000001	1.250000000000001	1.260000000000001	1.270000000000001	1.280000000000001	1.290000000000001	1.300000000000001	1.310000000000001	1.320000000000001	1.330000000000001	1.340000000000001	1.350000000000001	1.360000000000001	1.370000000000001	1.380000000000001	1.390000000000001	1.400000000000001	1.410000000000001	1.420000000000001	1.430000000000001	1.440000000000001	1.450000000000001	1.460000000000001	1.470000000000001	1.480000000000001	1.490000000000001	1.500000000000001	1.510000000000001	1.520000000000001	1.530000000000001	1.540000000000001	1.550000000000001	1.560000000000001	1.570000000000001	1.580000000000001	1.590000000000001	1.600000000000001	1.610000000000001	1.620000000000001	1.630000000000001	1.640000000000001	1.650000000000001	1.660000000000001	1.670000000000001	1.680000000000001	1.690000000000001	1.700000000000001	1.710000000000001	1.720000000000001	1.730000000000001	1.740000000000001	1.750000000000001	1.760000000000001	1.770000000000001	1.780000000000001	1.790000000000001	1.800000000000001	1.810000000000001	1.820000000000001	1.830000000000001	1.840000000000001	1.850000000000001	1.860000000000001	1.870000000000001	1.880000000000001	1.890000000000001	1.900000000000001	1.910000000000001	1.920000000000001	1.930000000000001	1.940000000000002	1.950000000000002	1.960000000000002	1.970000000000002	1.980000000000002	1.990000000000002	2.000000000000001	2.010000000000001	2.020000000000001	2.030000000000001	2.04	2.05	2.06	2.07	2.08	2.089999999999999	2.099999999999999	2.109999999999999	2.119999999999999	2.129999999999999	2.139999999999998	2.149999999999998	2.159999999999998	2.169999999999998	2.179999999999997	2.189999999999997	2.199999999999997	2.209999999999997	2.219999999999997	2.229999999999996	2.239999999999996	2.249999999999996	2.259999999999996	2.269999999999996	2.279999999999995	2.289999999999995	2.299999999999995	2.309999999999995	2.319999999999995	2.329999999999994	2.339999999999994	2.349999999999994	2.359999999999994	2.369999999999993	2.379999999999993	2.389999999999993	2.399999999999993	2.409999999999993	2.419999999999992	2.429999999999992	2.439999999999992	2.449999999999992	2.459999999999992	2.469999999999991	2.479999999999991	2.489999999999991	2.499999999999991	2.50999999999999	2.51999999999999	2.52999999999999	2.53999999999999	2.54999999999999	2.559999999999989	2.569999999999989	2.579999999999989	2.589999999999989	2.599999999999989	2.609999999999988	2.619999999999988	2.629999999999988	2.639999999999988	2.649999999999987	2.659999999999987	2.669999999999987	2.679999999999987	2.689999999999987	2.699999999999986	2.709999999999986	2.719999999999986	2.729999999999986	2.739999999999986	2.749999999999985	2.759999999999985	2.769999999999985	2.779999999999985	2.789999999999984	2.799999999999984	2.809999999999984	2.819999999999984	2.829999999999984	2.839999999999983	2.849999999999983	2.859999999999983	2.869999999999983	2.879999999999983	2.889999999999982	2.899999999999982	2.909999999999982	2.919999999999982	2.929999999999982	2.939999999999981	2.949999999999981	2.959999999999981	2.969999999999981	2.97999999999998	2.98999999999998	2.99999999999998	3.00999999999998	3.01999999999998	3.029999999999979	3.039999999999979	3.049999999999979	3.059999999999979	3.069999999999979	3.079999999999978	3.089999999999978	3.099999999999978	3.109999999999978	3.119999999999977	3.129999999999977	3.139999999999977	3.149999999999977	3.159999999999977	3.169999999999976	3.179999999999976	3.189999999999976	3.199999999999976	3.209999999999976	3.219999999999975	3.229999999999975	3.239999999999975	3.249999999999975	3.259999999999974	3.269999999999974	3.279999999999974	3.289999999999974	3.299999999999974	3.309999999999973	3.319999999999973	3.329999999999973	3.339999999999973	3.349999999999973	3.359999999999972	3.369999999999972	3.379999999999972	3.389999999999972	3.399999999999971	3.409999999999971	3.419999999999971	3.429999999999971	3.439999999999971	3.44999999999997	3.45999999999997	3.46999999999997	3.47999999999997	3.48999999999997	3.499999999999969	3.509999999999969	3.519999999999969	3.529999999999969	3.539999999999969	3.549999999999968	3.559999999999968	3.569999999999968	3.579999999999968	3.589999999999967	3.599999999999967	3.609999999999967	3.619999999999967	3.629999999999967	3.639999999999966	3.649999999999966	3.659999999999966	3.669999999999966	3.679999999999966	3.689999999999965	3.699999999999965	3.709999999999965	3.719999999999965	3.729999999999964	3.739999999999964	3.749999999999964	3.759999999999964	3.769999999999964	3.779999999999963	3.789999999999963	3.799999999999963	3.809999999999963	3.819999999999963	3.829999999999962	3.839999999999962	3.849999999999962	3.859999999999962	3.869999999999961	3.879999999999961	3.889999999999961	3.899999999999961	3.909999999999961	3.91999999999996	3.92999999999996	3.93999999999996	3.94999999999996	3.95999999999996	3.969999999999959	3.979999999999959	3.989999999999959	3.999999999999959	
AssemblySeries	/Assembly
X	0	0	0	0	0	0	0	0	0	0	0	0	0	0	0	0	0	0	0	0	0	0	0	0	0	0	0	0	0	0	0	0	0	0	0	0	0	0	0	0	0	0	0	0	0	0	0	0	0	0	0	0	0	0	0	0	0	0	0	0	0	0	0	0	0	0	0	0	0	0	0	0	0	0	0	0	0	0	0	0	0	0	0	0	0	0	0	0	0	0	0	0	0	0	0	0	0	0	0	0	0	0	0	0	0	0	0	0	0	0	0	0	0	0	0	0	0	0	0	0	0	0	0	0	0	0	0	0	0	0	0	0	0	0	0	0	0	0	0	0	0	0	0	0	0	0	0	0	0	0	0	0	0	0	0	0	0	0	0	0	0	0	0	0	0	0	0	0	0	0	0	0	0	0	0	0	0	0	0	0	0	0	0	0	0	0	0	0	0	0	0	0	0	0	0	0	0	0	0	0	0	0	0	0	0	0	0	0	0	0	0	0	0	0	0	0	0	0	0	0	0	0	0	0	0	0	0	0	0	0	0	0	0	0	0	0	0	0	0	0	0	0	0	0	0	0	0	0	0	0	0	0	0	0	0	0	0	0	0	0	0	0	0	0	0	0	0	0	0	0	0	0	0	0	0	0	0	0	0	0	0	0	0	0	0	0	0	0	0	0	0	0	0	0	0	0	0	0	0	0	0	0	0	0	0	0	0	0	0	0	0	0	0	0	0	0	0	0	0	0	0	0	0	0	0	0	0	0	0	0	0	0	0	0	0	0	0	0	0	0	0	0	0	0	0	0	0	0	0	0	0	0	0	0	0	0	0	0	0	0	0	0	0	0	0	0	0	0	0	0	0	0	0	0	0	0	0	0	0	0	0	0	0	0	0	0	0	0	0	0	0	0	0	0	0	0	0	0	0	0	0	0	
Y	0	0	0	0	0	0	0	0	0	0	0	0	0	0	0	0	0	0	0	0	0	0	0	0	0	0	0	0	0	0	0	0	0	0	0	0	0	0	0	0	0	0	0	0	0	0	0	0	0	0	0	0	0	0	0	0	0	0	0	0	0	0	0	0	0	0	0	0	0	0	0	0	0	0	0	0	0	0	0	0	0	0	0	0	0	0	0	0	0	0	0	0	0	0	0	0	0	0	0	0	0	0	0	0	0	0	0	0	0	0	0	0	0	0	0	0	0	0	0	0	0	0	0	0	0	0	0	0	0	0	0	0	0	0	0	0	0	0	0	0	0	0	0	0	0	0	0	0	0	0	0	0	0	0	0	0	0	0	0	0	0	0	0	0	0	0	0	0	0	0	0	0	0	0	0	0	0	0	0	0	0	0	0	0	0	0	0	0	0	0	0	0	0	0	0	0	0	0	0	0	0	0	0	0	0	0	0	0	0	0	0	0	0	0	0	0	0	0	0	0	0	0	0	0	0	0	0	0	0	0	0	0	0	0	0	0	0	0	0	0	0	0	0	0	0	0	0	0	0	0	0	0	0	0	0	0	0	0	0	0	0	0	0	0	0	0	0	0	0	0	0	0	0	0	0	0	0	0	0	0	0	0	0	0	0	0	0	0	0	0	0	0	0	0	0	0	0	0	0	0	0	0	0	0	0	0	0	0	0	0	0	0	0	0	0	0	0	0	0	0	0	0	0	0	0	0	0	0	0	0	0	0	0	0	0	0	0	0	0	0	0	0	0	0	0	0	0	0	0	0	0	0	0	0	0	0	0	0	0	0	0	0	0	0	0	0	0	0	0	0	0	0	0	0	0	0	0	0	0	0	0	0	0	0	0	0	0	0	0	0	0	0	0	0	0	0	0	0	0	0	0	0	
Z	0	0	0	0	0	0	0	0	0	0	0	0	0	0	0	0	0	0	0	0	0	0	0	0	0	0	0	0	0	0	0	0	0	0	0	0	0	0	0	0	0	0	0	0	0	0	0	0	0	0	0	0	0	0	0	0	0	0	0	0	0	0	0	0	0	0	0	0	0	0	0	0	0	0	0	0	0	0	0	0	0	0	0	0	0	0	0	0	0	0	0	0	0	0	0	0	0	0	0	0	0	0	0	0	0	0	0	0	0	0	0	0	0	0	0	0	0	0	0	0	0	0	0	0	0	0	0	0	0	0	0	0	0	0	0	0	0	0	0	0	0	0	0	0	0	0	0	0	0	0	0	0	0	0	0	0	0	0	0	0	0	0	0	0	0	0	0	0	0	0	0	0	0	0	0	0	0	0	0	0	0	0	0	0	0	0	0	0	0	0	0	0	0	0	0	0	0	0	0	0	0	0	0	0	0	0	0	0	0	0	0	0	0	0	0	0	0	0	0	0	0	0	0	0	0	0	0	0	0	0	0	0	0	0	0	0	0	0	0	0	0	0	0	0	0	0	0	0	0	0	0	0	0	0	0	0	0	0	0	0	0	0	0	0	0	0	0	0	0	0	0	0	0	0	0	0	0	0	0	0	0	0	0	0	0	0	0	0	0	0	0	0	0	0	0	0	0	0	0	0	0	0	0	0	0	0	0	0	0	0	0	0	0	0	0	0	0	0	0	0	0	0	0	0	0	0	0	0	0	0	0	0	0	0	0	0	0	0	0	0	0	0	0	0	0	0	0	0	0	0	0	0	0	0	0	0	0	0	0	0	0	0	0	0	0	0	0	0	0	0	0	0	0	0	0	0	0	0	0	0	0	0	0	0	0	0	0	0	0	0	0	0	0	0	0	0	0	0	0	0	0	0	
Bryantx	-0	-0	-0	-0	-0	-0	-0	-0	-0	-0	-0	-0	-0	-0	-0	-0	-0	-0	-0	-0	-0	-0	-0	-0	-0	-0	-0	-0	-0	-0	-0	-0	-0	-0	-0	-0	-0	-0	-0	-0	-0	-0	-0	-0	-0	-0	-0	-0	-0	-0	-0	-0	-0	-0	-0	-0	-0	-0	-0	-0	-0	-0	-0	-0	-0	-0	-0	-0	-0	-0	-0	-0	-0	-0	-0	-0	-0	-0	-0	-0	-0	-0	-0	-0	-0	-0	-0	-0	-0	-0	-0	-0	-0	-0	-0	-0	-0	-0	-0	-0	-0	-0	-0	-0	-0	-0	-0	-0	-0	-0	-0	-0	-0	-0	-0	-0	-0	-0	-0	-0	-0	-0	-0	-0	-0	-0	-0	-0	-0	-0	-0	-0	-0	-0	-0	-0	-0	-0	-0	-0	-0	-0	-0	-0	-0	-0	-0	-0	-0	-0	-0	-0	-0	-0	-0	-0	-0	-0	-0	-0	-0	-0	-0	-0	-0	-0	-0	-0	-0	-0	-0	-0	-0	-0	-0	-0	-0	-0	-0	-0	-0	-0	-0	-0	-0	-0	-0	-0	-0	-0	-0	-0	-0	-0	-0	-0	-0	-0	-0	-0	-0	-0	-0	-0	-0	-0	-0	-0	-0	-0	-0	-0	-0	-0	-0	-0	-0	-0	-0	-0	-0	-0	-0	-0	-0	-0	-0	-0	-0	-0	-0	-0	-0	-0	-0	-0	-0	-0	-0	-0	-0	-0	-0	-0	-0	-0	-0	-0	-0	-0	-0	-0	-0	-0	-0	-0	-0	-0	-0	-0	-0	-0	-0	-0	-0	-0	-0	-0	-0	-0	-0	-0	-0	-0	-0	-0	-0	-0	-0	-0	-0	-0	-0	-0	-0	-0	-0	-0	-0	-0	-0	-0	-0	-0	-0	-0	-0	-0	-0	-0	-0	-0	-0	-0	-0	-0	-0	-0	-0	-0	-0	-0	-0	-0	-0	-0	-0	-0	-0	-0	-0	-0	-0	-0	-0	-0	-0	-0	-0	-0	-0	-0	-0	-0	-0	-0	-0	-0	-0	-0	-0	-0	-0	-0	-0	-0	-0	-0	-0	-0	-0	-0	-0	-0	-0	-0	-0	-0	-0	-0	-0	-0	-0	-0	-0	-0	-0	-0	-0	-0	-0	-0	-0	-0	-0	-0	-0	-0	-0	-0	-0	-0	-0	-0	-0	-0	-0	-0	-0	-0	-0	-0	-0	-0	-0	-0	-0	-0	-0	-0	-0	-0	
Bryanty	0	0	0	0	0	0	0	0	0	0	0	0	0	0	0	0	0	0	0	0	0	0	0	0	0	0	0	0	0	0	0	0	0	0	0	0	0	0	0	0	0	0	0	0	0	0	0	0	0	0	0	0	0	0	0	0	0	0	0	0	0	0	0	0	0	0	0	0	0	0	0	0	0	0	0	0	0	0	0	0	0	0	0	0	0	0	0	0	0	0	0	0	0	0	0	0	0	0	0	0	0	0	0	0	0	0	0	0	0	0	0	0	0	0	0	0	0	0	0	0	0	0	0	0	0	0	0	0	0	0	0	0	0	0	0	0	0	0	0	0	0	0	0	0	0	0	0	0	0	0	0	0	0	0	0	0	0	0	0	0	0	0	0	0	0	0	0	0	0	0	0	0	0	0	0	0	0	0	0	0	0	0	0	0	0	0	0	0	0	0	0	0	0	0	0	0	0	0	0	0	0	0	0	0	0	0	0	0	0	0	0	0	0	0	0	0	0	0	0	0	0	0	0	0	0	0	0	0	0	0	0	0	0	0	0	0	0	0	0	0	0	0	0	0	0	0	0	0	0	0	0	0	0	0	0	0	0	0	0	0	0	0	0	0	0	0	0	0	0	0	0	0	0	0	0	0	0	0	0	0	0	0	0	0	0	0	0	0	0	0	0	0	0	0	0	0	0	0	0	0	0	0	0	0	0	0	0	0	0	0	0	0	0	0	0	0	0	0	0	0	0	0	0	0	0	0	0	0	0	0	0	0	0	0	0	0	0	0	0	0	0	0	0	0	0	0	0	0	0	0	0	0	0	0	0	0	0	0	0	0	0	0	0	0	0	0	0	0	0	0	0	0	0	0	0	0	0	0	0	0	0	0	0	0	0	0	0	0	0	0	0	0	0	0	0	0	0	0	0	0	0	0	
Bryantz	-0	-0	-0	-0	-0	-0	-0	-0	-0	-0	-0	-0	-0	-0	-0	-0	-0	-0	-0	-0	-0	-0	-0	-0	-0	-0	-0	-0	-0	-0	-0	-0	-0	-0	-0	-0	-0	-0	-0	-0	-0	-0	-0	-0	-0	-0	-0	-0	-0	-0	-0	-0	-0	-0	-0	-0	-0	-0	-0	-0	-0	-0	-0	-0	-0	-0	-0	-0	-0	-0	-0	-0	-0	-0	-0	-0	-0	-0	-0	-0	-0	-0	-0	-0	-0	-0	-0	-0	-0	-0	-0	-0	-0	-0	-0	-0	-0	-0	-0	-0	-0	-0	-0	-0	-0	-0	-0	-0	-0	-0	-0	-0	-0	-0	-0	-0	-0	-0	-0	-0	-0	-0	-0	-0	-0	-0	-0	-0	-0	-0	-0	-0	-0	-0	-0	-0	-0	-0	-0	-0	-0	-0	-0	-0	-0	-0	-0	-0	-0	-0	-0	-0	-0	-0	-0	-0	-0	-0	-0	-0	-0	-0	-0	-0	-0	-0	-0	-0	-0	-0	-0	-0	-0	-0	-0	-0	-0	-0	-0	-0	-0	-0	-0	-0	-0	-0	-0	-0	-0	-0	-0	-0	-0	-0	-0	-0	-0	-0	-0	-0	-0	-0	-0	-0	-0	-0	-0	-0	-0	-0	-0	-0	-0	-0	-0	-0	-0	-0	-0	-0	-0	-0	-0	-0	-0	-0	-0	-0	-0	-0	-0	-0	-0	-0	-0	-0	-0	-0	-0	-0	-0	-0	-0	-0	-0	-0	-0	-0	-0	-0	-0	-0	-0	-0	-0	-0	-0	-0	-0	-0	-0	-0	-0	-0	-0	-0	-0	-0	-0	-0	-0	-0	-0	-0	-0	-0	-0	-0	-0	-0	-0	-0	-0	-0	-0	-0	-0	-0	-0	-0	-0	-0	-0	-0	-0	-0	-0	-0	-0	-0	-0	-0	-0	-0	-0	-0	-0	-0	-0	-0	-0	-0	-0	-0	-0	-0	-0	-0	-0	-0	-0	-0	-0	-0	-0	-0	-0	-0	-0	-0	-0	-0	-0	-0	-0	-0	-0	-0	-0	-0	-0	-0	-0	-0	-0	-0	-0	-0	-0	-0	-0	-0	-0	-0	-0	-0	-0	-0	-0	-0	-0	-0	-0	-0	-0	-0	-0	-0	-0	-0	-0	-0	-0	-0	-0	-0	-0	-0	-0	-0	-0	-0	-0	-0	-0	-0	-0	-0	-0	-0	-0	-0	-0	-0	-0	-0	-0	-0	-0	-0	-0	-0	
