OndselSolver
Assembly
	Notes
		(Text string: '' runs: (Core.RunArray runs: #() values: #()))
	Name
		Assembly
	Position3D
		0	0	0	
	RotationMatrix
		1	0	0	
		0	1	0	
		0	0	1	
	Velocity3D
		0	0	0	
	Omega3D
		0	0	0	
	RefPoints
		RefPoint
			Position3D
				0	0	0	
			RotationMatrix
				1	0	0	
				0	1	0	
				0	0	1	
			Markers
				Marker
					Name
						Marker0
					Position3D
						0	0	0	
					RotationMatrix
						1	0	0	
						0	1	0	
						0	0	1	
	RefCurves
	RefSurfaces
	Parts
		Part
			Name
				structural_node_1
			Position3D
				0.05129621592196151	0.01790817553892063	0.02190382802730576	
			RotationMatrix
				1	0	0	
				0	1	0	
				0	0	1	
			Velocity3D
				0	0	0	
			Omega3D
				0	0	0	
			FeatureOrder
			PrincipalMassMarker
				Name
					MassMarker
				Position3D
					0	0	0	
				RotationMatrix
					1	0	0	
					0	1	0	
					0	0	1	
				Mass
					1
				MomentOfInertias
					1	2	3	
				Density
					10
			RefPoints
				RefPoint
					Position3D
						0	0	0	
					RotationMatrix
						1	0	0	
						0	1	0	
						0	0	1	
					Markers
						Marker
							Name
								Marker0
							Position3D
								-0.05129621592196151	-0.01790817553892063	-0.02190382802730576	
							RotationMatrix
								1	0	0	
								0	1	0	
								0	0	1	
				RefPoint
					Position3D
						0	0	0	
					RotationMatrix
						1	0	0	
						0	1	0	
						0	0	1	
					Markers
						Marker
							Name
								Marker1
							Position3D
								-0.03125970983963543	0.004098680469401038	0.009999999336380188	
							RotationMatrix
								2.220446049250313e-16	-2.220446049250313e-16	1	
								1	0	-2.220446049250313e-16	
								4.930380657631324e-32	1	2.220446049250313e-16	
				RefPoint
					Position3D
						0	0	0	
					RotationMatrix
						1	0	0	
						0	1	0	
						0	0	1	
					Markers
						Marker
							Name
								Marker2
							Position3D
								0.004757447447889902	-0.0136177759600928	0.02199999933638018	
							RotationMatrix
								-0.7071067811865485	-6.098056156832767e-16	-0.7071067811865467	
								-0.7071067811865467	3.322498595269884e-16	0.7071067811865485	
								-1.962615573354721e-16	1	-6.661338147750937e-16	
			RefCurves
			RefSurfaces
		Part
			Name
				structural_node_10
			Position3D
				0.06462003785139531	0.00871857285669997	0.05954458266207307	
			RotationMatrix
				1	0	0	
				0	1	0	
				0	0	1	
			Velocity3D
				0	0	0	
			Omega3D
				0	0	0	
			FeatureOrder
			PrincipalMassMarker
				Name
					MassMarker
				Position3D
					0	0	0	
				RotationMatrix
					1	0	0	
					0	1	0	
					0	0	1	
				Mass
					0.001428380850032209
				MomentOfInertias
					5.0332796e-08	4.749748600000001e-08	9.388439000000002e-09	
				Density
					10
			RefPoints
				RefPoint
					Position3D
						0	0	0	
					RotationMatrix
						1	0	0	
						0	1	0	
						0	0	1	
					Markers
						Marker
							Name
								Marker0
							Position3D
								-0.01009342601826444	0.008752596234087643	-0.0009120272923144199	
							RotationMatrix
								0.7071067811865445	3.695296429680129e-16	0.7071067811865507	
								0.7071067811865507	-2.585073405054969e-16	-0.7071067811865445	
								-7.850462293418705e-17	1	-4.440892098500627e-16	
				RefPoint
					Position3D
						0	0	0	
					RotationMatrix
						1	0	0	
						0	1	0	
						0	0	1	
					Markers
						Marker
							Name
								Marker1
							Position3D
								-0.0005590506087313684	-0.001017043482772032	0.004163290987744275	
							RotationMatrix
								-0.7071067811865461	-0.6413714505613398	0.2977291762740853	
								0.7071067811865492	-0.6413714505613369	0.2977291762740839	
								2.775557561562891e-17	0.4210526390009804	0.9070362039027495	
				RefPoint
					Position3D
						0	0	0	
					RotationMatrix
						1	0	0	
						0	1	0	
						0	0	1	
					Markers
						Marker
							Name
								Marker2
							Position3D
								0.001851245876158799	-0.009566902106273376	-0.00256151020889326	
							RotationMatrix
								-0.7071067811865441	-3.97285218583642e-16	-0.707106781186551	
								-0.707106781186551	2.307517648898673e-16	0.7071067811865441	
								-1.177569344012818e-16	1	-4.440892098500626e-16	
			RefCurves
			RefSurfaces
		Part
			Name
				structural_node_2
			Position3D
				0.03197700130975503	0.02334848596165942	0.04345936903611186	
			RotationMatrix
				0.1885920891450523	0.07268359610878702	0.9793620978823917	
				0.9820555095878769	-0.01395802080727981	-0.1880748514375032	
				0	0.9972573732551885	-0.07401169831966926	
			Velocity3D
				0	0	0	
			Omega3D
				0	0	0	
			FeatureOrder
			PrincipalMassMarker
				Name
					MassMarker
				Position3D
					0.002041264077783197	-8.134434653401712e-05	0.0184470295258599	
				RotationMatrix
					1	0	0	
					0	1	0	
					0	0	1	
				Mass
					0.009719837657386224
				MomentOfInertias
					2.748943961000001e-06	2.744127568e-06	2.87678026e-07	
				Density
					10
			RefPoints
				RefPoint
					Position3D
						0	0	0	
					RotationMatrix
						1	0	0	
						0	1	0	
						0	0	1	
					Markers
						Marker
							Name
								Marker0
							Position3D
								-0.00356943802786067	-0.002400427035884689	-0.01132661332054956	
							RotationMatrix
								0.9820555095878771	-6.245004513516506e-17	0.1885920891450521	
								-0.01395802080727968	0.9972573732551888	0.07268359610878689	
								-0.188074851437503	-0.07401169831966913	0.9793620978823919	
				RefPoint
					Position3D
						0	0	0	
					RotationMatrix
						1	0	0	
						0	1	0	
						0	0	1	
					Markers
						Marker
							Name
								Marker1
							Position3D
								-6.892678673725783e-06	1.119006735010686e-05	-0.001699949197291922	
							RotationMatrix
								0.9999917267010607	0.0003277535805065884	0.004054516866600064	
								-0.0003010605342523183	0.9999782904997281	-0.006582392558648635	
								-0.004056586247794443	0.006581117445533269	0.999970116054066	
				RefPoint
					Position3D
						0	0	0	
					RotationMatrix
						1	0	0	
						0	1	0	
						0	0	1	
					Markers
						Marker
							Name
								Marker2
							Position3D
								0.0001025792767925928	-0.0001665345317887983	0.02529924393616724	
							RotationMatrix
								0.9999917267010403	0.0003277535809315395	0.004054516871649975	
								-0.0003010605346273804	0.9999782904997013	-0.006582392562752628	
								-0.004056586252848276	0.006581117449634051	0.9999701160540188	
			RefCurves
			RefSurfaces
		Part
			Name
				structural_node_3
			Position3D
				0.03067533396651932	0.01998371759123168	0.04641598880906898	
			RotationMatrix
				0.1845957798836773	0.07918912690662284	0.9796190485228958	
				0.982814528814637	-0.01487358826213703	-0.1839955932164449	
				-3.885780586188048e-16	0.9967486436168222	-0.08057382607289292	
			Velocity3D
				0	0	0	
			Omega3D
				0	0	0	
			FeatureOrder
			PrincipalMassMarker
				Name
					MassMarker
				Position3D
					7.105427357601002e-18	1.4210854715202e-17	1.104597362910908e-09	
				RotationMatrix
					1	0	0	
					0	1	0	
					0	0	1	
				Mass
					0.0002016932293236245
				MomentOfInertias
					4.19727e-10	4.138810000000001e-10	3.50681e-10	
				Density
					10
			RefPoints
				RefPoint
					Position3D
						0	0	0	
					RotationMatrix
						1	0	0	
						0	1	0	
						0	0	1	
					Markers
						Marker
							Name
								Marker0
							Position3D
								0	0	0	
							RotationMatrix
								1	0	0	
								0	1	0	
								0	0	1	
				RefPoint
					Position3D
						0	0	0	
					RotationMatrix
						1	0	0	
						0	1	0	
						0	0	1	
					Markers
						Marker
							Name
								Marker1
							Position3D
								0.0006156748634029476	0.0003330832667273427	-3.552713678800501e-18	
							RotationMatrix
								0.04354949826646875	-0.4738361655250061	0.8795355191470654	
								-0.0804973833117295	0.8758441075449799	0.4758332381819309	
								-0.9958029988309451	-0.09152260660239453	4.440892098500626e-16	
			RefCurves
			RefSurfaces
		Part
			Name
				structural_node_4
			Position3D
				0.04048293205298854	0.01842507174353429	0.06077163363269678	
			RotationMatrix
				1	0	0	
				0	1	0	
				0	0	1	
			Velocity3D
				0	0	0	
			Omega3D
				0	0	0	
			FeatureOrder
			PrincipalMassMarker
				Name
					MassMarker
				Position3D
					0	0	0	
				RotationMatrix
					1	0	0	
					0	1	0	
					0	0	1	
				Mass
					0.001049146570158587
				MomentOfInertias
					7.444051500000001e-08	7.346865700000001e-08	3.031546e-09	
				Density
					10
			RefPoints
				RefPoint
					Position3D
						0	0	0	
					RotationMatrix
						1	0	0	
						0	1	0	
						0	0	1	
					Markers
						Marker
							Name
								Marker0
							Position3D
								-0.01003125557107879	0.005836346784002984	-0.004843288797937191	
							RotationMatrix
								-0.9738430501376986	-0.107768115127555	0.2000393637771276	
								0.2272217280510469	-0.4618802560987092	0.8573429391601046	
								0	0.8803707528013665	0.4742861347456355	
				RefPoint
					Position3D
						0	0	0	
					RotationMatrix
						1	0	0	
						0	1	0	
						0	0	1	
					Markers
						Marker
							Name
								Marker1
							Position3D
								0.009345832136820753	-0.00650875285470482	0.005965542845361668	
							RotationMatrix
								-0.773827569323368	0.265607330876441	0.5750162073713931	
								0.6333963158679471	0.3244955332033135	0.7025039188332043	
								2.775557561562891e-17	0.9078300472642389	-0.4193382945596669	
			RefCurves
			RefSurfaces
		Part
			Name
				structural_node_5
			Position3D
				0.05710856809930626	0.01940271230148272	0.04643339003675376	
			RotationMatrix
				0.1845957798836767	0.07918912690662247	0.9796190485228959	
				0.982814528814637	-0.01487358826213736	-0.1839955932164443	
				5.551115123125783e-17	0.9967486436168224	-0.08057382607289262	
			Velocity3D
				0	0	0	
			Omega3D
				0	0	0	
			FeatureOrder
			PrincipalMassMarker
				Name
					MassMarker
				Position3D
					3.552713678800501e-18	-7.105427357601002e-18	1.104597330936485e-09	
				RotationMatrix
					1	0	0	
					0	1	0	
					0	0	1	
				Mass
					0.0002016932293236247
				MomentOfInertias
					4.19727e-10	4.138810000000001e-10	3.50681e-10	
				Density
					10
			RefPoints
				RefPoint
					Position3D
						0	0	0	
					RotationMatrix
						1	0	0	
						0	1	0	
						0	0	1	
					Markers
						Marker
							Name
								Marker0
							Position3D
								0	0	0	
							RotationMatrix
								1	0	0	
								0	1	0	
								0	0	1	
				RefPoint
					Position3D
						0	0	0	
					RotationMatrix
						1	0	0	
						0	1	0	
						0	0	1	
					Markers
						Marker
							Name
								Marker1
							Position3D
								0.0006990980490339567	-3.552348289397855e-05	0	
							RotationMatrix
								-0.004094188142699932	0.05058240946985396	0.9987114986199349	
								-0.08057315076565659	0.9954559884049978	-0.0507478327056811	
								-0.9967402896437703	-0.08067710332463017	-2.664535259100375e-15	
			RefCurves
			RefSurfaces
		Part
			Name
				structural_node_6
			Position3D
				0.05096550744229583	0.02012131760034399	0.05848708075836755	
			RotationMatrix
				1	0	0	
				0	1	0	
				0	0	1	
			Velocity3D
				0	0	0	
			Omega3D
				0	0	0	
			FeatureOrder
			PrincipalMassMarker
				Name
					MassMarker
				Position3D
					0	0	0	
				RotationMatrix
					1	0	0	
					0	1	0	
					0	0	1	
				Mass
					0.0007849031279946996
				MomentOfInertias
					3.532959000000001e-08	3.3955385e-08	2.808292e-09	
				Density
					10
			RefPoints
				RefPoint
					Position3D
						0	0	0	
					RotationMatrix
						1	0	0	
						0	1	0	
						0	0	1	
					Markers
						Marker
							Name
								Marker0
							Position3D
								0.005922093271070451	-0.0007403080657511936	-0.007101637505288728	
							RotationMatrix
								-0.9835620614797055	0.00913376272378732	0.1803392514021772	
								0.180570405154865	0.04975135591001158	0.9823029733067713	
								6.765421556309548e-17	0.9987198691142684	-0.0505828334158842	
				RefPoint
					Position3D
						0	0	0	
					RotationMatrix
						1	0	0	
						0	1	0	
						0	0	1	
					Markers
						Marker
							Name
								Marker1
							Position3D
								-0.005342313232206877	0.001881462709947577	0.007346583382774938	
							RotationMatrix
								-0.7071067811865476	-0.2832001659401762	0.6479179469743503	
								0.7071067811865478	-0.2832001659401761	0.6479179469743501	
								0	0.9162943479160581	0.400505515538908	
			RefCurves
			RefSurfaces
		Part
			Name
				structural_node_7
			Position3D
				0.0420622473302986	0.024098687679992	0.06393385280361072	
			RotationMatrix
				-0.7071067811865466	8.659560562354922e-17	-0.7071067811865485	
				-0.7071067811865485	2.536326566618178e-17	0.7071067811865466	
				7.916687710296059e-17	1	4.329780281177461e-17	
			Velocity3D
				0	0	0	
			Omega3D
				0	0	0	
			FeatureOrder
			PrincipalMassMarker
				Name
					MassMarker
				Position3D
					1.4210854715202e-17	-1.4210854715202e-17	-1.104597352252768e-09	
				RotationMatrix
					1	0	0	
					0	1	0	
					0	0	1	
				Mass
					0.0002016932293236245
				MomentOfInertias
					4.19727e-10	4.138810000000001e-10	3.50681e-10	
				Density
					10
			RefPoints
				RefPoint
					Position3D
						0	0	0	
					RotationMatrix
						1	0	0	
						0	1	0	
						0	0	1	
					Markers
						Marker
							Name
								Marker0
							Position3D
								-0.000641406043541231	0.0002803538608772271	0	
							RotationMatrix
								-1.735462826734886e-15	0.400505515538908	-0.9162943479160577	
								-8.959313489628103e-17	0.9162943479160577	0.400505515538908	
								1	7.771561172376093e-16	-1.554312234475219e-15	
				RefPoint
					Position3D
						0	0	0	
					RotationMatrix
						1	0	0	
						0	1	0	
						0	0	1	
					Markers
						Marker
							Name
								Marker1
							Position3D
								0	0	0.001499999999999996	
							RotationMatrix
								-1	1.110223024625156e-16	-5.55111512312578e-17	
								1.110223024625156e-16	1	2.220446049250313e-16	
								5.551115123125783e-17	2.220446049250313e-16	-1	
			RefCurves
			RefSurfaces
		Part
			Name
				structural_node_8
			Position3D
				0.0552405173788026	0.01031490596194293	0.06528007729432314	
			RotationMatrix
				0.8110589124405683	-0.5374334434100818	-0.230973449675726	
				-0.5849644780247111	-0.7451566727492074	-0.320246924273455	
				1.665334536937735e-16	0.3948503855407933	-0.9187454342952061	
			Velocity3D
				0	0	0	
			Omega3D
				0	0	0	
			FeatureOrder
			PrincipalMassMarker
				Name
					MassMarker
				Position3D
					0	1.06581410364015e-17	1.10459737356905e-09	
				RotationMatrix
					1	0	0	
					0	1	0	
					0	0	1	
				Mass
					0.0002016932293236247
				MomentOfInertias
					4.19727e-10	4.138810000000001e-10	3.50681e-10	
				Density
					10
			RefPoints
				RefPoint
					Position3D
						0	0	0	
					RotationMatrix
						1	0	0	
						0	1	0	
						0	0	1	
					Markers
						Marker
							Name
								Marker0
							Position3D
								-0.0001433407570943786	0.00169394611111322	1.4210854715202e-17	
							RotationMatrix
								-0.9957852927205322	0.03608476263026957	0.08431809240845796	
								-0.08426278547208613	0.003053472103433767	-0.996438888890131	
								-0.03621372372415391	-0.9993440679836104	-6.217248937900875e-15	
				RefPoint
					Position3D
						0	0	0	
					RotationMatrix
						1	0	0	
						0	1	0	
						0	0	1	
					Markers
						Marker
							Name
								Marker1
							Position3D
								-7.105427357601002e-18	0	0.0015	
							RotationMatrix
								-1	-3.05311331771918e-16	1.249000902703301e-16	
								-3.05311331771918e-16	1	-5.551115123125781e-17	
								-1.249000902703301e-16	-5.551115123125785e-17	-1	
			RefCurves
			RefSurfaces
		Part
			Name
				structural_node_9
			Position3D
				0.08353531294400929	0.02859433824102924	0.1152133287215932	
			RotationMatrix
				1	0	0	
				0	1	0	
				0	0	1	
			Velocity3D
				0	0	0	
			Omega3D
				0	0	0	
			FeatureOrder
			PrincipalMassMarker
				Name
					MassMarker
				Position3D
					0	0	0	
				RotationMatrix
					1	0	0	
					0	1	0	
					0	0	1	
				Mass
					0.01246007610518293
				MomentOfInertias
					1.0698233404e-05	9.651757376000001e-06	1.051791622e-06	
				Density
					10
			RefPoints
				RefPoint
					Position3D
						0	0	0	
					RotationMatrix
						1	0	0	
						0	1	0	
						0	0	1	
					Markers
						Marker
							Name
								Marker0
							Position3D
								-0.02861042035041207	-0.01675161745682374	-0.04684637137402089	
							RotationMatrix
								-0.7071067811865509	-0.6413714505613355	0.2977291762740824	
								0.7071067811865441	-0.6413714505613416	0.2977291762740852	
								0	0.4210526390009792	0.90703620390275	
				RefPoint
					Position3D
						0	0	0	
					RotationMatrix
						1	0	0	
						0	1	0	
						0	0	1	
					Markers
						Marker
							Name
								Marker1
							Position3D
								-0.02489194605905211	-0.01675408003870041	-0.03858470016126504	
							RotationMatrix
								-0.7071067811865435	-0.641371450561341	0.2977291762740889	
								0.7071067811865519	-0.6413714505613334	0.2977291762740853	
								2.775557561562891e-17	0.421052639000984	0.9070362039027479	
			RefCurves
			RefSurfaces
	KinematicIJs
	ConstraintSets
		Joints
			FixedJoint
				Name
					joint_1
				MarkerI
					/Assembly/Marker0
				MarkerJ
					/Assembly/structural_node_1/Marker0
			RevoluteJoint
				Name
					joint_2
				MarkerI
					/Assembly/structural_node_1/Marker1
				MarkerJ
					/Assembly/structural_node_2/Marker0
			RevoluteJoint
				Name
					joint_4
				MarkerI
					/Assembly/structural_node_2/Marker1
				MarkerJ
					/Assembly/structural_node_3/Marker0
			RevoluteJoint
				Name
					joint_6
				MarkerI
					/Assembly/structural_node_3/Marker1
				MarkerJ
					/Assembly/structural_node_4/Marker0
			RevoluteJoint
				Name
					joint_8
				MarkerI
					/Assembly/structural_node_2/Marker2
				MarkerJ
					/Assembly/structural_node_5/Marker0
			RevoluteJoint
				Name
					joint_10
				MarkerI
					/Assembly/structural_node_5/Marker1
				MarkerJ
					/Assembly/structural_node_6/Marker0
			RevoluteJoint
				Name
					joint_12
				MarkerI
					/Assembly/structural_node_6/Marker1
				MarkerJ
					/Assembly/structural_node_7/Marker0
			RevoluteJoint
				Name
					joint_14
				MarkerI
					/Assembly/structural_node_4/Marker1
				MarkerJ
					/Assembly/structural_node_8/Marker0
			RevoluteJoint
				Name
					joint_16
				MarkerI
					/Assembly/structural_node_8/Marker1
				MarkerJ
					/Assembly/structural_node_9/Marker0
			RevoluteJoint
				Name
					joint_18
				MarkerI
					/Assembly/structural_node_7/Marker1
				MarkerJ
					/Assembly/structural_node_10/Marker0
			RevoluteJoint
				Name
					joint_20
				MarkerI
					/Assembly/structural_node_10/Marker1
				MarkerJ
					/Assembly/structural_node_9/Marker1
			RevoluteJoint
				Name
					joint_22
				MarkerI
					/Assembly/structural_node_1/Marker2
				MarkerJ
					/Assembly/structural_node_10/Marker2
		Motions
			RotationalMotion
				Name
					joint_2Motion
				MarkerI
					/Assembly/structural_node_1/Marker1
				MarkerJ
					/Assembly/structural_node_2/Marker0
				MotionJoint
					/Assembly/joint_2
				RotationZ
					integral(time,  rampstep(time, 0.25, 0.0, 3.0, 0.0 + 1.0*(3.0 - 0.25)))
		GeneralConstraintSets
	ForceTorques
	ConstantGravity
		0	0	0	
	SimulationParameters
		tstart
			0
		tend
			3.15
		hmin
			1e-09
		hmax
			1
		hout
			0.01
		errorTol
			1e-06
	AnimationParameters
		nframe
			1000000
		icurrent
			1
		istart
			1
		iend
			1000000
		isForward
			true
		framesPerSecond
			30
TimeSeries
Number	Input	1	2	3	4	5	6	7	8	9	10	11	12	13	14	15	16	17	18	19	20	21	22	23	24	25	26	27	28	29	30	31	32	33	34	35	36	37	38	39	40	41	42	43	44	45	46	47	48	49	50	51	52	53	54	55	56	57	58	59	60	61	62	63	64	65	66	67	68	69	70	71	72	73	74	75	76	77	78	79	80	81	82	83	84	85	86	87	88	89	90	91	92	93	94	95	96	97	98	99	100	101	102	103	104	105	106	107	108	109	110	111	112	113	114	115	116	117	118	119	120	121	122	123	124	125	126	127	128	129	130	131	132	133	134	135	136	137	138	139	140	141	142	143	144	145	146	147	148	149	150	151	152	153	154	155	156	157	158	159	160	161	162	163	164	165	166	167	168	169	170	171	172	173	174	175	176	177	178	179	180	181	182	183	184	185	186	187	188	189	190	191	192	193	194	195	196	197	198	199	200	201	202	203	204	205	206	207	208	209	210	211	212	213	214	215	216	217	218	219	220	221	222	223	224	225	226	227	228	229	230	231	232	233	234	235	236	237	238	239	240	241	242	243	244	245	246	247	248	249	250	251	252	253	254	255	256	257	258	259	260	261	262	263	264	265	266	267	268	269	270	271	272	273	274	275	276	277	278	279	280	281	282	283	284	285	286	287	288	289	290	291	292	293	294	295	296	297	298	299	300	301	302	303	304	305	306	307	308	309	310	311	312	313	314	315	316	
Time	Input	0	0.01	0.02	0.03	0.04	0.05	0.06	0.07000000000000001	0.08	0.09	0.09999999999999999	0.11	0.12	0.13	0.14	0.15	0.16	0.17	0.18	0.19	0.2	0.21	0.2200000000000001	0.2300000000000001	0.2400000000000001	0.2500000000000001	0.2600000000000001	0.2700000000000001	0.2800000000000001	0.2900000000000001	0.3000000000000001	0.3100000000000001	0.3200000000000001	0.3300000000000001	0.3400000000000001	0.3500000000000001	0.3600000000000002	0.3700000000000002	0.3800000000000002	0.3900000000000002	0.4000000000000002	0.4100000000000002	0.4200000000000002	0.4300000000000002	0.4400000000000002	0.4500000000000002	0.4600000000000002	0.4700000000000003	0.4800000000000003	0.4900000000000003	0.5000000000000002	0.5100000000000002	0.5200000000000002	0.5300000000000002	0.5400000000000003	0.5500000000000003	0.5600000000000003	0.5700000000000003	0.5800000000000003	0.5900000000000003	0.6000000000000003	0.6100000000000003	0.6200000000000003	0.6300000000000003	0.6400000000000003	0.6500000000000004	0.6600000000000004	0.6700000000000004	0.6800000000000004	0.6900000000000004	0.7000000000000004	0.7100000000000004	0.7200000000000004	0.7300000000000004	0.7400000000000004	0.7500000000000004	0.7600000000000005	0.7700000000000005	0.7800000000000005	0.7900000000000005	0.8000000000000005	0.8100000000000005	0.8200000000000005	0.8300000000000005	0.8400000000000005	0.8500000000000005	0.8600000000000005	0.8700000000000006	0.8800000000000006	0.8900000000000006	0.9000000000000006	0.9100000000000006	0.9200000000000006	0.9300000000000006	0.9400000000000006	0.9500000000000006	0.9600000000000006	0.9700000000000006	0.9800000000000006	0.9900000000000007	1.000000000000001	1.010000000000001	1.020000000000001	1.030000000000001	1.040000000000001	1.050000000000001	1.060000000000001	1.070000000000001	1.080000000000001	1.090000000000001	1.100000000000001	1.110000000000001	1.120000000000001	1.130000000000001	1.140000000000001	1.150000000000001	1.160000000000001	1.170000000000001	1.180000000000001	1.190000000000001	1.200000000000001	1.210000000000001	1.220000000000001	1.230000000000001	1.240000000000001	1.250000000000001	1.260000000000001	1.270000000000001	1.280000000000001	1.290000000000001	1.300000000000001	1.310000000000001	1.320000000000001	1.330000000000001	1.340000000000001	1.350000000000001	1.360000000000001	1.370000000000001	1.380000000000001	1.390000000000001	1.400000000000001	1.410000000000001	1.420000000000001	1.430000000000001	1.440000000000001	1.450000000000001	1.460000000000001	1.470000000000001	1.480000000000001	1.490000000000001	1.500000000000001	1.510000000000001	1.520000000000001	1.530000000000001	1.540000000000001	1.550000000000001	1.560000000000001	1.570000000000001	1.580000000000001	1.590000000000001	1.600000000000001	1.610000000000001	1.620000000000001	1.630000000000001	1.640000000000001	1.650000000000001	1.660000000000001	1.670000000000001	1.680000000000001	1.690000000000001	1.700000000000001	1.710000000000001	1.720000000000001	1.730000000000001	1.740000000000001	1.750000000000001	1.760000000000001	1.770000000000001	1.780000000000001	1.790000000000001	1.800000000000001	1.810000000000001	1.820000000000001	1.830000000000001	1.840000000000001	1.850000000000001	1.860000000000001	1.870000000000001	1.880000000000001	1.890000000000001	1.900000000000001	1.910000000000001	1.920000000000001	1.930000000000001	1.940000000000002	1.950000000000002	1.960000000000002	1.970000000000002	1.980000000000002	1.990000000000002	2.000000000000001	2.010000000000001	2.020000000000001	2.030000000000001	2.04	2.05	2.06	2.07	2.08	2.089999999999999	2.099999999999999	2.109999999999999	2.119999999999999	2.129999999999999	2.139999999999998	2.149999999999998	2.159999999999998	2.169999999999998	2.179999999999997	2.189999999999997	2.199999999999997	2.209999999999997	2.219999999999997	2.229999999999996	2.239999999999996	2.249999999999996	2.259999999999996	2.269999999999996	2.279999999999995	2.289999999999995	2.299999999999995	2.309999999999995	2.319999999999995	2.329999999999994	2.339999999999994	2.349999999999994	2.359999999999994	2.369999999999993	2.379999999999993	2.389999999999993	2.399999999999993	2.409999999999993	2.419999999999992	2.429999999999992	2.439999999999992	2.449999999999992	2.459999999999992	2.469999999999991	2.479999999999991	2.489999999999991	2.499999999999991	2.50999999999999	2.51999999999999	2.52999999999999	2.53999999999999	2.54999999999999	2.559999999999989	2.569999999999989	2.579999999999989	2.589999999999989	2.599999999999989	2.609999999999988	2.619999999999988	2.629999999999988	2.639999999999988	2.649999999999987	2.659999999999987	2.669999999999987	2.679999999999987	2.689999999999987	2.699999999999986	2.709999999999986	2.719999999999986	2.729999999999986	2.739999999999986	2.749999999999985	2.759999999999985	2.769999999999985	2.779999999999985	2.789999999999984	2.799999999999984	2.809999999999984	2.819999999999984	2.829999999999984	2.839999999999983	2.849999999999983	2.859999999999983	2.869999999999983	2.879999999999983	2.889999999999982	2.899999999999982	2.909999999999982	2.919999999999982	2.929999999999982	2.939999999999981	2.949999999999981	2.959999999999981	2.969999999999981	2.97999999999998	2.98999999999998	2.99999999999998	3.00999999999998	3.01999999999998	3.029999999999979	3.039999999999979	3.049999999999979	3.059999999999979	3.069999999999979	3.079999999999978	3.089999999999978	3.099999999999978	3.109999999999978	3.119999999999977	3.129999999999977	3.139999999999977	3.149999999999977	
AssemblySeries	/Assembly
X	0	0	0	0	0	0	0	0	0	0	0	0	0	0	0	0	0	0	0	0	0	0	0	0	0	0	0	0	0	0	0	0	0	0	0	0	0	0	0	0	0	0	0	0	0	0	0	0	0	0	0	0	0	0	0	0	0	0	0	0	0	0	0	0	0	0	0	0	0	0	0	0	0	0	0	0	0	0	0	0	0	0	0	0	0	0	0	0	0	0	0	0	0	0	0	0	0	0	0	0	0	0	0	0	0	0	0	0	0	0	0	0	0	0	0	0	0	0	0	0	0	0	0	0	0	0	0	0	0	0	0	0	0	0	0	0	0	0	0	0	0	0	0	0	0	0	0	0	0	0	0	0	0	0	0	0	0	0	0	0	0	0	0	0	0	0	0	0	0	0	0	0	0	0	0	0	0	0	0	0	0	0	0	0	0	0	0	0	0	0	0	0	0	0	0	0	0	0	0	0	0	0	0	0	0	0	0	0	0	0	0	0	0	0	0	0	0	0	0	0	0	0	0	0	0	0	0	0	0	0	0	0	0	0	0	0	0	0	0	0	0	0	0	0	0	0	0	0	0	0	0	0	0	0	0	0	0	0	0	0	0	0	0	0	0	0	0	0	0	0	0	0	0	0	0	0	0	0	0	0	0	0	0	0	0	0	0	0	0	0	0	0	0	0	0	0	0	0	0	0	0	0	0	0	0	0	0	0	0	0	0	0	0	0	0	0	0	
Y	0	0	0	0	0	0	0	0	0	0	0	0	0	0	0	0	0	0	0	0	0	0	0	0	0	0	0	0	0	0	0	0	0	0	0	0	0	0	0	0	0	0	0	0	0	0	0	0	0	0	0	0	0	0	0	0	0	0	0	0	0	0	0	0	0	0	0	0	0	0	0	0	0	0	0	0	0	0	0	0	0	0	0	0	0	0	0	0	0	0	0	0	0	0	0	0	0	0	0	0	0	0	0	0	0	0	0	0	0	0	0	0	0	0	0	0	0	0	0	0	0	0	0	0	0	0	0	0	0	0	0	0	0	0	0	0	0	0	0	0	0	0	0	0	0	0	0	0	0	0	0	0	0	0	0	0	0	0	0	0	0	0	0	0	0	0	0	0	0	0	0	0	0	0	0	0	0	0	0	0	0	0	0	0	0	0	0	0	0	0	0	0	0	0	0	0	0	0	0	0	0	0	0	0	0	0	0	0	0	0	0	0	0	0	0	0	0	0	0	0	0	0	0	0	0	0	0	0	0	0	0	0	0	0	0	0	0	0	0	0	0	0	0	0	0	0	0	0	0	0	0	0	0	0	0	0	0	0	0	0	0	0	0	0	0	0	0	0	0	0	0	0	0	0	0	0	0	0	0	0	0	0	0	0	0	0	0	0	0	0	0	0	0	0	0	0	0	0	0	0	0	0	0	0	0	0	0	0	0	0	0	0	0	0	0	0	0	
Z	0	0	0	0	0	0	0	0	0	0	0	0	0	0	0	0	0	0	0	0	0	0	0	0	0	0	0	0	0	0	0	0	0	0	0	0	0	0	0	0	0	0	0	0	0	0	0	0	0	0	0	0	0	0	0	0	0	0	0	0	0	0	0	0	0	0	0	0	0	0	0	0	0	0	0	0	0	0	0	0	0	0	0	0	0	0	0	0	0	0	0	0	0	0	0	0	0	0	0	0	0	0	0	0	0	0	0	0	0	0	0	0	0	0	0	0	0	0	0	0	0	0	0	0	0	0	0	0	0	0	0	0	0	0	0	0	0	0	0	0	0	0	0	0	0	0	0	0	0	0	0	0	0	0	0	0	0	0	0	0	0	0	0	0	0	0	0	0	0	0	0	0	0	0	0	0	0	0	0	0	0	0	0	0	0	0	0	0	0	0	0	0	0	0	0	0	0	0	0	0	0	0	0	0	0	0	0	0	0	0	0	0	0	0	0	0	0	0	0	0	0	0	0	0	0	0	0	0	0	0	0	0	0	0	0	0	0	0	0	0	0	0	0	0	0	0	0	0	0	0	0	0	0	0	0	0	0	0	0	0	0	0	0	0	0	0	0	0	0	0	0	0	0	0	0	0	0	0	0	0	0	0	0	0	0	0	0	0	0	0	0	0	0	0	0	0	0	0	0	0	0	0	0	0	0	0	0	0	0	0	0	0	0	0	0	0	0	
Bryantx	-0	-0	-0	-0	-0	-0	-0	-0	-0	-0	-0	-0	-0	-0	-0	-0	-0	-0	-0	-0	-0	-0	-0	-0	-0	-0	-0	-0	-0	-0	-0	-0	-0	-0	-0	-0	-0	-0	-0	-0	-0	-0	-0	-0	-0	-0	-0	-0	-0	-0	-0	-0	-0	-0	-0	-0	-0	-0	-0	-0	-0	-0	-0	-0	-0	-0	-0	-0	-0	-0	-0	-0	-0	-0	-0	-0	-0	-0	-0	-0	-0	-0	-0	-0	-0	-0	-0	-0	-0	-0	-0	-0	-0	-0	-0	-0	-0	-0	-0	-0	-0	-0	-0	-0	-0	-0	-0	-0	-0	-0	-0	-0	-0	-0	-0	-0	-0	-0	-0	-0	-0	-0	-0	-0	-0	-0	-0	-0	-0	-0	-0	-0	-0	-0	-0	-0	-0	-0	-0	-0	-0	-0	-0	-0	-0	-0	-0	-0	-0	-0	-0	-0	-0	-0	-0	-0	-0	-0	-0	-0	-0	-0	-0	-0	-0	-0	-0	-0	-0	-0	-0	-0	-0	-0	-0	-0	-0	-0	-0	-0	-0	-0	-0	-0	-0	-0	-0	-0	-0	-0	-0	-0	-0	-0	-0	-0	-0	-0	-0	-0	-0	-0	-0	-0	-0	-0	-0	-0	-0	-0	-0	-0	-0	-0	-0	-0	-0	-0	-0	-0	-0	-0	-0	-0	-0	-0	-0	-0	-0	-0	-0	-0	-0	-0	-0	-0	-0	-0	-0	-0	-0	-0	-0	-0	-0	-0	-0	-0	-0	-0	-0	-0	-0	-0	-0	-0	-0	-0	-0	-0	-0	-0	-0	-0	-0	-0	-0	-0	-0	-0	-0	-0	-0	-0	-0	-0	-0	-0	-0	-0	-0	-0	-0	-0	-0	-0	-0	-0	-0	-0	-0	-0	-0	-0	-0	-0	-0	-0	-0	-0	-0	-0	-0	-0	-0	-0	-0	-0	-0	-0	-0	-0	-0	-0	-0	-0	-0	
Bryanty	0	0	0	0	0	0	0	0	0	0	0	0	0	0	0	0	0	0	0	0	0	0	0	0	0	0	0	0	0	0	0	0	0	0	0	0	0	0	0	0	0	0	0	0	0	0	0	0	0	0	0	0	0	0	0	0	0	0	0	0	0	0	0	0	0	0	0	0	0	0	0	0	0	0	0	0	0	0	0	0	0	0	0	0	0	0	0	0	0	0	0	0	0	0	0	0	0	0	0	0	0	0	0	0	0	0	0	0	0	0	0	0	0	0	0	0	0	0	0	0	0	0	0	0	0	0	0	0	0	0	0	0	0	0	0	0	0	0	0	0	0	0	0	0	0	0	0	0	0	0	0	0	0	0	0	0	0	0	0	0	0	0	0	0	0	0	0	0	0	0	0	0	0	0	0	0	0	0	0	0	0	0	0	0	0	0	0	0	0	0	0	0	0	0	0	0	0	0	0	0	0	0	0	0	0	0	0	0	0	0	0	0	0	0	0	0	0	0	0	0	0	0	0	0	0	0	0	0	0	0	0	0	0	0	0	0	0	0	0	0	0	0	0	0	0	0	0	0	0	0	0	0	0	0	0	0	0	0	0	0	0	0	0	0	0	0	0	0	0	0	0	0	0	0	0	0	0	0	0	0	0	0	0	0	0	0	0	0	0	0	0	0	0	0	0	0	0	0	0	0	0	0	0	0	0	0	0	0	0	0	0	0	0	0	0	0	0	
Bryantz	-0	-0	-0	-0	-0	-0	-0	-0	-0	-0	-0	-0	-0	-0	-0	-0	-0	-0	-0	-0	-0	-0	-0	-0	-0	-0	-0	-0	-0	-0	-0	-0	-0	-0	-0	-0	-0	-0	-0	-0	-0	-0	-0	-0	-0	-0	-0	-0	-0	-0	-0	-0	-0	-0	-0	-0	-0	-0	-0	-0	-0	-0	-0	-0	-0	-0	-0	-0	-0	-0	-0	-0	-0	-0	-0	-0	-0	-0	-0	-0	-0	-0	-0	-0	-0	-0	-0	-0	-0	-0	-0	-0	-0	-0	-0	-0	-0	-0	-0	-0	-0	-0	-0	-0	-0	-0	-0	-0	-0	-0	-0	-0	-0	-0	-0	-0	-0	-0	-0	-0	-0	-0	-0	-0	-0	-0	-0	-0	-0	-0	-0	-0	-0	-0	-0	-0	-0	-0	-0	-0	-0	-0	-0	-0	-0	-0	-0	-0	-0	-0	-0	-0	-0	-0	-0	-0	-0	-0	-0	-0	-0	-0	-0	-0	-0	-0	-0	-0	-0	-0	-0	-0	-0	-0	-0	-0	-0	-0	-0	-0	-0	-0	-0	-0	-0	-0	-0	-0	-0	-0	-0	-0	-0	-0	-0	-0	-0	-0	-0	-0	-0	-0	-0	-0	-0	-0	-0	-0	-0	-0	-0	-0	-0	-0	-0	-0	-0	-0	-0	-0	-0	-0	-0	-0	-0	-0	-0	-0	-0	-0	-0	-0	-0	-0	-0	-0	-0	-0	-0	-0	-0	-0	-0	-0	-0	-0	-0	-0	-0	-0	-0	-0	-0	-0	-0	-0	-0	-0	-0	-0	-0	-0	-0	-0	-0	-0	-0	-0	-0	-0	-0	-0	-0	-0	-0	-0	-0	-0	-0	-0	-0	-0	-0	-0	-0	-0	-0	-0	-0	-0	-0	-0	-0	-0	-0	-0	-0	-0	-0	-0	-0	-0	-0	-0	-0	-0	-0	-0	-0	-0	-0	-0	-0	-0	-0	-0	-0	
VX	0	-0	-0	-0	-0	-0	-0	-0	-0	-0	-0	-0	-0	-0	-0	-0	-0	-0	-0	-0	-0	-0	-0	-0	-0	-0	-6.395476302083345e-34	-1.076540717134682e-19	-1.449121171519398e-19	1.30195199771701e-19	4.433900027152897e-19	7.401948727384548e-20	2.832332591830571e-19	9.050017645820165e-20	3.559131005315505e-19	7.700791036575543e-20	2.178462861219654e-19	-1.374708003614128e-19	6.547574296199728e-19	-1.474950736732774e-19	1.58318142450885e-18	-1.026810962995981e-19	-4.96564889306199e-19	1.1200157842866e-18	1.546441315875881e-18	-6.807233220168388e-19	-9.046170440074016e-19	-3.776936134463493e-19	-1.453303109571389e-19	3.130977351943282e-18	3.247221251748969e-20	-9.081216815765551e-19	-1.407552628157958e-18	-6.62538583430473e-19	-1.974907260552969e-18	-1.655578834967733e-18	-1.208398378376666e-18	5.538333605469255e-18	-3.724907176172016e-18	-7.013410128886703e-19	-2.426196807800645e-18	1.059916624343372e-19	-2.229160311249571e-19	-2.487399549250628e-19	9.296186596115946e-20	1.232290013363992e-18	-6.315757612003795e-19	-4.256471452819819e-19	-7.610735165018016e-19	9.51173742678225e-19	4.174542469817545e-19	6.244750403632329e-19	-2.55536987807233e-18	6.06917071865845e-19	-2.770083241745972e-19	-1.329495783553487e-18	8.386763793460579e-20	-1.041971384457645e-18	-1.721150201533164e-18	-4.010277488775485e-18	2.796923833406531e-19	-1.618894257812837e-18	1.869401714590241e-18	8.480308932959807e-19	-6.101599579945573e-19	-4.682155266219583e-18	2.792315285361038e-20	2.031375526649053e-18	2.512898772223758e-18	-1.566296443244161e-18	7.402331588205011e-22	1.617832929255714e-18	-5.205318178418949e-19	1.346082598605179e-18	-3.016284325172564e-18	5.799116304473163e-18	8.724250193389462e-18	-2.330969589916319e-19	-1.883301288879061e-18	1.041012047540667e-17	1.611916929863558e-18	6.93172584128003e-18	-4.331335827728946e-18	1.076357912132111e-18	-2.122664565819277e-18	-8.540956136794636e-18	-7.098136097991037e-19	1.510022622082972e-18	-1.264817063426358e-18	4.841439214509172e-18	-3.530154120249133e-18	-9.0801931945661e-19	1.07730603348681e-17	1.935042132463357e-18	4.776003217727522e-18	9.892917176154179e-19	2.63568947645644e-18	8.847718908297471e-18	1.500696500541833e-18	-9.482215897980961e-18	5.995299200665938e-18	6.066404110980151e-20	-1.436066754637386e-17	-1.934623251528822e-18	5.674838262954147e-18	4.096251332921796e-18	4.947875207829732e-18	9.45445267445588e-18	-1.483139812549563e-17	-2.798771737781765e-19	-1.087590304274522e-18	-3.327145416814892e-18	-9.279946570791676e-18	1.171188088093682e-17	5.072446454408838e-18	1.491953635039935e-18	1.44389831539095e-17	2.226414391209972e-18	7.533816702346691e-18	3.026362393323819e-18	9.554531645028508e-19	-4.258474066302037e-19	2.881742948524639e-18	3.005418213245896e-19	-9.002877226364745e-18	-1.801356590719351e-17	1.020285801136629e-18	-7.330270482991791e-18	-1.700842158086635e-18	-1.241601686647616e-17	6.078055492117371e-19	-5.910850206262458e-19	-3.848000287924487e-18	-4.223022979989478e-18	5.868244258577793e-18	1.459426767749937e-18	4.134057868977115e-18	-4.193107943340941e-20	4.034017155351435e-18	9.22229325689957e-18	3.018149889373128e-18	-8.353297372408555e-18	1.663221872651091e-18	6.455708617433915e-18	9.431115880659582e-18	5.292670642548216e-18	-6.283957148052681e-18	3.828740342344969e-18	-5.973704842300477e-18	3.738712962283188e-18	3.30495246189063e-18	3.323917664141893e-18	-7.982665189756741e-18	1.025947957614622e-18	-5.135127690216789e-18	-5.056197049170739e-18	-3.008661028647275e-18	-2.408243065085099e-18	-5.212941145991111e-18	-4.900694963248833e-18	-8.944667923005412e-19	-7.089055172287652e-18	2.647965802233971e-18	-8.470329472543003e-18	1.944606961488059e-18	3.719559121623364e-18	-1.41306585219909e-18	1.917614137928342e-18	-9.733736621328423e-18	-3.294888546740433e-18	2.365453856760337e-18	-5.646736976733359e-18	-4.790210841805491e-18	2.497381831894877e-18	-3.630140746448726e-18	-1.707482774141576e-18	-2.656295322589486e-18	-8.430878693699547e-18	-2.710505431213761e-18	-5.826743880752193e-18	-7.127243917049503e-18	5.88164935541661e-18	3.434451396780496e-19	-2.276824562219559e-18	-3.506513035851828e-18	2.395845194074164e-18	-8.033553895725006e-18	-3.674734331637436e-18	-9.603376386013646e-18	5.173951796115259e-18	-1.775727762612376e-18	-1.129587190381162e-18	3.633897634405053e-18	3.696187919496185e-18	1.021462144876423e-17	-1.651113249499615e-18	2.549475508315768e-18	6.352705952887283e-18	-1.819706449567134e-18	-2.725810371133675e-18	-1.603725550523845e-18	3.51139420567291e-18	-1.192622389734055e-18	-2.222614453595284e-18	4.95359571544346e-18	3.193837435967903e-18	9.468726303465044e-18	-7.432187230095189e-18	1.978668964786046e-18	6.956249428534355e-19	-1.720022527043365e-20	1.188470451671754e-17	5.022647171976828e-18	-1.178856705194104e-17	-2.130642869466572e-17	-3.117081245895825e-18	-9.134403303190375e-18	6.869060884784847e-18	6.332947802990815e-18	-1.6765257153539e-18	-4.993490031484664e-18	-3.198396408832238e-18	2.168404344971009e-19	5.149960319306146e-19	2.660818057751143e-18	-8.053667283794499e-18	1.231163239122251e-17	-1.376936759056591e-17	1.187081670871311e-18	-6.852262447923701e-18	1.345636125498019e-19	-1.024905494451709e-18	-6.066453337847981e-18	-3.683390637461493e-18	-6.595174028470502e-18	-4.624804347249701e-18	1.92165932002419e-17	1.365073185619828e-17	-2.504988277076256e-18	-3.702358051940345e-18	9.746014300077617e-18	-3.031080013253213e-18	-7.019148673198493e-18	1.409462824231156e-18	2.927572074767934e-18	-4.258584761236583e-18	2.384082380728441e-18	4.580754178751256e-18	-1.914985608421532e-17	6.534687839360552e-18	1.179069862577986e-18	-1.734254034027524e-17	-3.87292174158695e-18	-4.418200986595133e-18	5.499792235653523e-18	-5.69434239725953e-18	1.630218377524828e-18	-1.120095592361281e-18	6.077178217571406e-18	-1.17974748893579e-17	-1.100294334355008e-17	-7.339677647849538e-18	6.347802223589549e-18	-5.56167970273052e-18	1.016983606090479e-17	-1.045030849895773e-17	1.833347281608463e-18	-9.688390617361223e-19	-1.851604137310754e-18	-5.190617900774352e-18	-1.181235374883721e-17	2.34651618752914e-17	-6.902605044102098e-18	6.064348003455287e-19	1.484671674237654e-17	-9.09293872839122e-19	3.768673653282565e-17	-2.747021911388451e-18	1.776333217178063e-19	-3.074882351626127e-18	3.388107669642302e-17	-3.582130883288567e-17	-1.228517541167197e-17	9.338101306499549e-18	-8.908132503304957e-19	1.998647004772807e-18	-1.54227759036063e-17	1.791909846585858e-18	-9.58690559901144e-18	-5.636565857108787e-18	9.416169100347847e-18	4.810982780157868e-18	-1.523934945638326e-17	4.764963995065169e-19	-1.305265563707298e-18	-7.288319858814258e-18	-3.539715406801612e-17	
