1 -0.077834160000000263 0.0040000000000000122 -0.17832060000000008 5.5495345766302431e-17 -0.90630777469782231 -0.42261828820139963 -1 -1.1298815334806543e-16 1.1099069153260486e-16 -1.483425866100842e-16 0.42261828820139963 -0.90630777469782231 0 0 0 0 0 0 
2 -0.077834160000000263 0.0040000000000000122 -0.17832060000000008 2.567360975395647e-16 -0.90630777469782231 -0.42261828820139963 -1 -3.3503275827309674e-16 1.1099069153260486e-16 -2.4218269744785701e-16 0.42261828820139963 -0.90630777469782231 -0 0 0 0 -0 0 
3 -0.16235781764028018 0.0040000000000000036 -0.35958215493956458 -7.4946766132674656e-16 -0.90630777469782231 0.42261828820139974 1 -7.1046233366908721e-16 2.4980018054066022e-16 7.3858529541881305e-17 0.42261828820139974 0.90630777469782231 -0 0 -0 0 0 0 
4 -0.37742603720901846 0.0051113412974165134 -0.34756442420312206 0.99999897200246046 -2.0399977603774966e-06 -0.0014338723306962793 2.0873828499985664e-06 0.99999999945182083 3.3045441982907331e-05 0.0014338722624976327 -3.3048401052786466e-05 0.99999897145854011 0 0 0 0 0 0 
5 -0.3353657947202684 0.0041460926166067939 -1.0431915295298912 -0.022940796770444336 0.99791341064080485 -0.060353497883498156 -0.99973682529129482 -0.02289894656463879 0.0013850641548222367 1.4257167171762702e-07 0.060369388844563124 0.99817610514904309 0 0 0 0 0 0 
6 -0.32908842760633461 0.078999868057739148 -1.1681094160873 0.9999982745309729 -0.0014355529013868038 0.0011790347511287304 0.0011811265855498142 0.0014571881086363476 -0.999998240769855 0.0014338323004998512 0.99999790789315335 0.0014588811640001904 0 0 0 0 0 0 
7 -0.25400005212973953 0.0040884277004365529 -1.1680000000000001 6.123233995736766e-17 0 -1 -0.99999999939666639 3.4737115970531975e-05 -6.1232339920424133e-17 3.4737115970531975e-05 0.99999999939666639 2.1270348942461192e-21 0 0 0 0 0 0 
8 -0.32900000000000001 0.0039999999999999931 -1.2730000000000001 1 0 0 0 1 4.4408920985006239e-18 0 -4.4408920985006239e-18 1 0 0 0 0 0 0 
9 -0.32900000000000001 0.0040000000000000001 -1.4730000000000001 1 0 0 0 1 -3.552713678800501e-17 0 3.552713678800501e-17 1 0 0 0 0 0 0 
10 -0.32900000000000001 0.0040000000000000001 -1.4730000000000001 1 0 0 0 1 -3.552713678800501e-17 0 3.552713678800501e-17 1 0 0 0 0 0 0 
1 -0.077834160000000263 0.0040000000000000122 -0.17832060000000008 5.5495345766302431e-17 -0.90630777469782231 -0.42261828820139963 -1 -1.1298815334806543e-16 1.1099069153260486e-16 -1.483425866100842e-16 0.42261828820139963 -0.90630777469782231 0 0 0 0 0 0 
2 -0.077834160000000263 0.0040000000000000122 -0.17832060000000008 2.567360975395647e-16 -0.90630777469782231 -0.42261828820139963 -1 -3.3503275827309674e-16 1.1099069153260486e-16 -2.4218269744785701e-16 0.42261828820139963 -0.90630777469782231 -0 0 0 0 -0 0 
3 -0.16235781764028018 0.0040000000000000036 -0.35958215493956458 -7.4946766132674656e-16 -0.90630777469782231 0.42261828820139979 1 -7.363476105743472e-16 1.9428902930940237e-16 1.3510830890051717e-16 0.42261828820139979 0.90630777469782231 -0 0 -0 0 0 0 
4 -0.37742603720901846 0.0051113412974164996 -0.347564424203122 0.99999897200246046 -2.0399977603781103e-06 -0.0014338723306963161 2.0873828499991694e-06 0.99999999945182083 3.3045441982899125e-05 0.0014338722624976695 -3.304840105277826e-05 0.99999897145854011 0 0 0 0 0 0 
5 -0.33536579472026828 0.0041460926166068026 -1.043191529529891 -0.022940796770444336 0.99791341064080485 -0.060353497883498197 -0.99973682529129482 -0.02289894656463879 0.0013850641548222263 1.4257167170613448e-07 0.060369388844563165 0.99817610514904309 0 0 0 0 0 0 
6 -0.32908842760633455 0.078999868057739162 -1.1681094160873 0.9999982745309729 -0.001435552901386847 0.0011790347511287302 0.0011811265855498139 0.0014571881086363474 -0.999998240769855 0.0014338323004998944 0.99999790789315335 0.0014588811640001904 0 0 0 0 0 0 
7 -0.25400005212973942 0.0040884277004365564 -1.1680000000000001 6.123233995736766e-17 0 -1 -0.99999999939666639 3.473711597030993e-05 -6.1232339920424133e-17 3.473711597030993e-05 0.99999999939666639 2.127034894232523e-21 0 0 0 0 -0 0 
8 -0.32900000000000001 0.0039999999999999931 -1.2730000000000001 1 0 0 0 1 4.4408920985006239e-18 0 -4.4408920985006239e-18 1 0 0 0 0 0 0 
9 -0.32900000000000001 0.0040000000000000001 -1.4730000000000001 1 0 0 0 1 -3.552713678800501e-17 0 3.552713678800501e-17 1 0 0 0 0 0 0 
10 -0.32900000000000001 0.0040000000000000001 -1.4730000000000001 1 0 0 0 1 -3.552713678800501e-17 0 3.552713678800501e-17 1 0 0 0 0 0 0 
1 -0.077834160000000263 0.0040000000000000122 -0.17832060000000008 5.5495345766302431e-17 -0.90630777469782231 -0.42261828820139963 -1 -1.1298815334806543e-16 1.1099069153260486e-16 -1.483425866100842e-16 0.42261828820139963 -0.90630777469782231 0 0 0 0 0 0 
2 -0.077834160000000263 0.0040000000000000131 -0.17832060000000008 2.567360975395647e-16 -0.90630777469782231 -0.42261828820139963 -1 -3.3503275827309674e-16 1.1099069153260486e-16 -2.4218269744785701e-16 0.42261828820139963 -0.90630777469782231 -0 0 0 0 -0 0 
3 -0.16235781764028018 0.0040000000000000036 -0.35958215493956458 -7.4946766132674656e-16 -0.90630777469782231 0.42261828820139974 1 -7.1046233366908721e-16 2.4980018054066022e-16 7.3858529541881305e-17 0.42261828820139974 0.90630777469782231 -0 0 -0 0 0 0 
4 -0.37742603720901841 0.0051113412974165134 -0.347564424203122 0.99999897200246046 -2.0399977603810592e-06 -0.0014338723306963196 2.0873828500021171e-06 0.99999999945182083 3.3045441982898129e-05 0.001433872262497673 -3.3048401052777271e-05 0.99999897145854011 0 0 0 0 0 0 
5 -0.33536579472026834 0.0041460926166068009 -1.0431915295298912 -0.022940796770444336 0.99791341064080485 -0.060353497883498197 -0.99973682529129482 -0.02289894656463879 0.0013850641548222298 1.4257167170960393e-07 0.060369388844563165 0.99817610514904309 0 0 0 0 0 0 
6 -0.32908842760633461 0.078999868057739162 -1.1681094160873 0.9999982745309729 -0.0014355529013868479 0.00117903475112873 0.0011811265855498137 0.0014571881086363474 -0.999998240769855 0.0014338323004998953 0.99999790789315335 0.0014588811640001904 0 0 0 0 0 0 
7 -0.25400005212973953 0.004088427700436552 -1.1680000000000001 6.123233995736766e-17 0 -1 -0.99999999939666639 3.4737115970531975e-05 -6.1232339920424133e-17 3.4737115970531975e-05 0.99999999939666639 2.1270348942461192e-21 0 0 0 0 -0 0 
8 -0.32900000000000001 0.0039999999999999931 -1.2730000000000001 1 0 0 0 1 4.4408920985006239e-18 0 -4.4408920985006239e-18 1 0 0 0 0 0 0 
9 -0.32900000000000001 0.0040000000000000001 -1.4730000000000001 1 0 0 0 1 -3.552713678800501e-17 0 3.552713678800501e-17 1 0 0 0 0 0 0 
10 -0.32900000000000001 0.0040000000000000001 -1.4730000000000001 1 0 0 0 1 -3.552713678800501e-17 0 3.552713678800501e-17 1 0 0 0 0 0 0 
1 -0.077834160000000263 0.0040000000000000122 -0.17832060000000008 5.5495345766302431e-17 -0.90630777469782231 -0.42261828820139963 -1 -1.1298815334806543e-16 1.1099069153260486e-16 -1.483425866100842e-16 0.42261828820139963 -0.90630777469782231 0 0 0 0 0 0 
2 -0.077834160000000263 0.0040000000000000122 -0.17832060000000008 2.567360975395647e-16 -0.90630777469782231 -0.42261828820139963 -1 -3.3503275827309674e-16 1.1099069153260486e-16 -2.4218269744785701e-16 0.42261828820139963 -0.90630777469782231 -0 0 0 0 -0 0 
3 -0.16235781764028018 0.0040000000000000036 -0.35958215493956458 -7.4946766132674656e-16 -0.90630777469782231 0.42261828820139979 1 -7.363476105743472e-16 1.9428902930940237e-16 1.3510830890051717e-16 0.42261828820139979 0.90630777469782231 -0 0 -0 0 0 0 
4 -0.37742603720901846 0.0051113412974164996 -0.34756442420312195 0.99999897200246046 -2.039997760380842e-06 -0.0014338723306964636 2.0873828500018986e-06 0.99999999945182083 3.3045441982893928e-05 0.001433872262497817 -3.3048401052773069e-05 0.99999897145854011 0 0 0 0 0 0 
5 -0.33536579472026828 0.0041460926166067922 -1.043191529529891 -0.022940796770444336 0.99791341064080485 -0.060353497883498336 -0.99973682529129482 -0.02289894656463879 0.0013850641548222228 1.4257167169962927e-07 0.060369388844563304 0.99817610514904309 0 0 0 0 0 0 
6 -0.32908842760633455 0.078999868057739148 -1.1681094160873 0.9999982745309729 -0.0014355529013869881 0.0011790347511287304 0.0011811265855498144 0.0014571881086363474 -0.999998240769855 0.0014338323005000356 0.99999790789315335 0.0014588811640001904 0 0 0 0 0 0 
7 -0.25400005212973942 0.0040884277004365555 -1.1680000000000001 6.123233995736766e-17 0 -1 -0.99999999939666639 3.473711597030993e-05 -6.1232339920424133e-17 3.473711597030993e-05 0.99999999939666639 2.127034894232523e-21 0 0 0 0 -0 0 
8 -0.32900000000000001 0.0039999999999999931 -1.2730000000000001 1 0 0 0 1 4.4408920985006239e-18 0 -4.4408920985006239e-18 1 0 0 0 0 0 0 
9 -0.32900000000000001 0.0040000000000000001 -1.4730000000000001 1 0 0 0 1 -3.552713678800501e-17 0 3.552713678800501e-17 1 0 0 0 0 0 0 
10 -0.32900000000000001 0.0040000000000000001 -1.4730000000000001 1 0 0 0 1 -3.552713678800501e-17 0 3.552713678800501e-17 1 0 0 0 0 0 0 
1 -0.077834160000000263 0.0040000000000000122 -0.17832060000000008 5.5495345766302431e-17 -0.90630777469782231 -0.42261828820139963 -1 -1.1298815334806543e-16 1.1099069153260486e-16 -1.483425866100842e-16 0.42261828820139963 -0.90630777469782231 0 0 0 0 0 0 
2 -0.077834160000000263 0.0040000000000000122 -0.17832060000000008 2.567360975395647e-16 -0.90630777469782231 -0.42261828820139963 -1 -3.3503275827309674e-16 1.1099069153260486e-16 -2.4218269744785701e-16 0.42261828820139963 -0.90630777469782231 -0 0 0 0 -0 0 
3 -0.16235781764028018 0.0040000000000000036 -0.35958215493956458 -7.4946766132674656e-16 -0.90630777469782231 0.42261828820139974 1 -7.1046233366908721e-16 2.4980018054066022e-16 7.3858529541881305e-17 0.42261828820139974 0.90630777469782231 -0 0 -0 0 0 0 
4 -0.37742603720901841 0.0051113412974165134 -0.34756442420312206 0.99999897200246046 -2.0399977603793419e-06 -0.0014338723306962762 2.0873828500003904e-06 0.99999999945182083 3.3045441982892728e-05 0.0014338722624976296 -3.3048401052771863e-05 0.99999897145854011 0 0 0 0 0 0 
5 -0.3353657947202684 0.0041460926166068043 -1.0431915295298912 -0.022940796770444336 0.99791341064080485 -0.060353497883498156 -0.99973682529129482 -0.02289894656463879 0.0013850641548222228 1.4257167170374924e-07 0.060369388844563124 0.99817610514904309 0 0 0 0 0 0 
6 -0.32908842760633461 0.078999868057739162 -1.1681094160873 0.9999982745309729 -0.0014355529013868032 0.0011790347511287298 0.0011811265855498135 0.0014571881086363476 -0.999998240769855 0.0014338323004998506 0.99999790789315335 0.0014588811640001904 0 0 0 0 0 0 
7 -0.25400005212973953 0.004088427700436552 -1.1680000000000001 6.123233995736766e-17 0 -1 -0.99999999939666639 3.4737115970531975e-05 -6.1232339920424133e-17 3.4737115970531975e-05 0.99999999939666639 2.1270348942461192e-21 0 0 0 0 -0 0 
8 -0.32900000000000001 0.0039999999999999931 -1.2730000000000001 1 0 0 0 1 4.4408920985006239e-18 0 -4.4408920985006239e-18 1 0 0 0 0 0 0 
9 -0.32900000000000001 0.0040000000000000001 -1.4730000000000001 1 0 0 0 1 -3.552713678800501e-17 0 3.552713678800501e-17 1 0 0 0 0 0 0 
10 -0.32900000000000001 0.0040000000000000001 -1.4730000000000001 1 0 0 0 1 -3.552713678800501e-17 0 3.552713678800501e-17 1 0 0 0 0 0 0 
1 -0.077834160000000263 0.0040000000000000122 -0.17832060000000008 5.5495345766302431e-17 -0.90630777469782231 -0.42261828820139963 -1 -1.1298815334806543e-16 1.1099069153260486e-16 -1.483425866100842e-16 0.42261828820139963 -0.90630777469782231 0 0 0 0 0 0 
2 -0.077834160000000263 0.0040000000000000122 -0.17832060000000008 2.567360975395647e-16 -0.90630777469782231 -0.42261828820139963 -1 -3.3503275827309674e-16 1.1099069153260486e-16 -2.4218269744785701e-16 0.42261828820139963 -0.90630777469782231 -0 0 0 0 -0 0 
3 -0.16235781764028018 0.0040000000000000036 -0.35958215493956458 -7.4946766132674656e-16 -0.90630777469782231 0.42261828820139979 1 -7.363476105743472e-16 1.9428902930940237e-16 1.3510830890051717e-16 0.42261828820139979 0.90630777469782231 -0 0 -0 0 0 0 
4 -0.37742603720901841 0.0051113412974164996 -0.34756442420312195 0.99999897200246046 -2.0399977603783517e-06 -0.0014338723306963985 2.0873828499994045e-06 0.99999999945182083 3.3045441982892606e-05 0.0014338722624977519 -3.3048401052771741e-05 0.99999897145854011 0 0 0 0 0 0 
5 -0.33536579472026834 0.0041460926166067931 -1.043191529529891 -0.022940796770444336 0.99791341064080485 -0.060353497883498267 -0.99973682529129482 -0.02289894656463879 0.0013850641548222228 1.4257167170114715e-07 0.060369388844563235 0.99817610514904309 0 0 0 0 0 0 
6 -0.32908842760633455 0.078999868057739148 -1.1681094160873 0.9999982745309729 -0.0014355529013869248 0.0011790347511287302 0.0011811265855498142 0.0014571881086363474 -0.999998240769855 0.0014338323004999722 0.99999790789315335 0.0014588811640001904 0 0 0 0 0 0 
7 -0.25400005212973942 0.0040884277004365555 -1.1680000000000001 6.123233995736766e-17 0 -1 -0.99999999939666639 3.473711597030993e-05 -6.1232339920424133e-17 3.473711597030993e-05 0.99999999939666639 2.127034894232523e-21 0 0 0 0 -0 0 
8 -0.32900000000000001 0.0039999999999999931 -1.2730000000000001 1 0 0 0 1 4.4408920985006239e-18 0 -4.4408920985006239e-18 1 0 0 0 0 0 0 
9 -0.32900000000000001 0.0040000000000000001 -1.4730000000000001 1 0 0 0 1 -3.552713678800501e-17 0 3.552713678800501e-17 1 0 0 0 0 0 0 
10 -0.32900000000000001 0.0040000000000000001 -1.4730000000000001 1 0 0 0 1 -3.552713678800501e-17 0 3.552713678800501e-17 1 0 0 0 0 0 0 
1 -0.077834160000000263 0.0040000000000000122 -0.17832060000000008 5.5495345766302431e-17 -0.90630777469782231 -0.42261828820139963 -1 -1.1298815334806543e-16 1.1099069153260486e-16 -1.483425866100842e-16 0.42261828820139963 -0.90630777469782231 0 0 0 0 0 0 
2 -0.077834160000000263 0.0040000000000000131 -0.17832060000000008 2.567360975395647e-16 -0.90630777469782231 -0.42261828820139963 -1 -3.3503275827309674e-16 1.1099069153260486e-16 -2.4218269744785701e-16 0.42261828820139963 -0.90630777469782231 -0 0 0 0 -0 0 
3 -0.16235781764028018 0.0040000000000000036 -0.35958215493956458 -7.4946766132674656e-16 -0.90630777469782231 0.42261828820139974 1 -7.1046233366908721e-16 2.4980018054066022e-16 7.3858529541881305e-17 0.42261828820139974 0.90630777469782231 -0 0 -0 0 0 0 
4 -0.37742603720901852 0.0051113412974165134 -0.34756442420312206 0.99999897200246046 -2.0399977603873336e-06 -0.0014338723306963291 2.0873828500084055e-06 0.99999999945182083 3.3045441982907731e-05 0.0014338722624976825 -3.3048401052786879e-05 0.99999897145854011 0 0 0 0 0 0 
5 -0.33536579472026834 0.0041460926166067991 -1.0431915295298912 -0.022940796770444336 0.99791341064080485 -0.060353497883498197 -0.99973682529129482 -0.02289894656463879 0.0013850641548222298 1.4257167170960393e-07 0.060369388844563165 0.99817610514904309 0 0 0 0 0 0 
6 -0.32908842760633467 0.078999868057739148 -1.1681094160873 0.9999982745309729 -0.0014355529013868583 0.00117903475112873 0.0011811265855498137 0.0014571881086363474 -0.999998240769855 0.0014338323004999057 0.99999790789315335 0.0014588811640001904 0 0 0 0 0 0 
7 -0.25400005212973953 0.0040884277004365538 -1.1680000000000001 6.123233995736766e-17 0 -1 -0.99999999939666639 3.4737115970531975e-05 -6.1232339920424133e-17 3.4737115970531975e-05 0.99999999939666639 2.1270348942461192e-21 0 0 0 0 -0 0 
8 -0.32900000000000001 0.0039999999999999931 -1.2730000000000001 1 0 0 0 1 4.4408920985006239e-18 0 -4.4408920985006239e-18 1 0 0 0 0 0 0 
9 -0.32900000000000001 0.0040000000000000001 -1.4730000000000001 1 0 0 0 1 -3.552713678800501e-17 0 3.552713678800501e-17 1 0 0 0 0 0 0 
10 -0.32900000000000001 0.0040000000000000001 -1.4730000000000001 1 0 0 0 1 -3.552713678800501e-17 0 3.552713678800501e-17 1 0 0 0 0 0 0 
1 -0.077834160000000263 0.0040000000000000122 -0.17832060000000008 5.5495345766302431e-17 -0.90630777469782231 -0.42261828820139963 -1 -1.1298815334806543e-16 1.1099069153260486e-16 -1.483425866100842e-16 0.42261828820139963 -0.90630777469782231 0 0 0 0 0 0 
2 -0.077834160000000263 0.0040000000000000122 -0.17832060000000008 2.567360975395647e-16 -0.90630777469782231 -0.42261828820139963 -1 -3.3503275827309674e-16 1.1099069153260486e-16 -2.4218269744785701e-16 0.42261828820139963 -0.90630777469782231 -0 0 0 0 -0 0 
3 -0.16235781764028018 0.0040000000000000036 -0.35958215493956458 -7.4946766132674656e-16 -0.90630777469782231 0.42261828820139979 1 -7.363476105743472e-16 1.9428902930940237e-16 1.3510830890051717e-16 0.42261828820139979 0.90630777469782231 -0 0 -0 0 0 0 
4 -0.37742603720901846 0.0051113412974164996 -0.34756442420312195 0.99999897200246046 -2.039997760377265e-06 -0.0014338723306964597 2.0873828499983317e-06 0.99999999945182083 3.3045441982901016e-05 0.0014338722624978131 -3.3048401052780151e-05 0.99999897145854011 0 0 0 0 0 0 
5 -0.33536579472026828 0.0041460926166068017 -1.043191529529891 -0.022940796770444336 0.99791341064080485 -0.060353497883498343 -0.99973682529129482 -0.02289894656463879 0.0013850641548222298 1.4257167170635132e-07 0.060369388844563311 0.99817610514904309 0 0 0 0 0 0 
6 -0.32908842760633455 0.078999868057739162 -1.1681094160873 0.9999982745309729 -0.0014355529013869886 0.0011790347511287302 0.0011811265855498142 0.0014571881086363474 -0.999998240769855 0.001433832300500036 0.99999790789315335 0.0014588811640001904 0 0 0 0 0 0 
7 -0.25400005212973942 0.0040884277004365555 -1.1680000000000001 6.123233995736766e-17 0 -1 -0.99999999939666639 3.473711597030993e-05 -6.1232339920424133e-17 3.473711597030993e-05 0.99999999939666639 2.127034894232523e-21 0 0 0 0 -0 0 
8 -0.32900000000000001 0.0039999999999999931 -1.2730000000000001 1 0 0 0 1 4.4408920985006239e-18 0 -4.4408920985006239e-18 1 0 0 0 0 0 0 
9 -0.32900000000000001 0.0040000000000000001 -1.4730000000000001 1 0 0 0 1 -3.552713678800501e-17 0 3.552713678800501e-17 1 0 0 0 0 0 0 
10 -0.32900000000000001 0.0040000000000000001 -1.4730000000000001 1 0 0 0 1 -3.552713678800501e-17 0 3.552713678800501e-17 1 0 0 0 0 0 0 
1 -0.077834160000000263 0.0040000000000000122 -0.17832060000000008 5.5495345766302431e-17 -0.90630777469782231 -0.42261828820139963 -1 -1.1298815334806543e-16 1.1099069153260486e-16 -1.483425866100842e-16 0.42261828820139963 -0.90630777469782231 0 0 0 0 0 0 
2 -0.077834160000000263 0.0040000000000000122 -0.17832060000000008 2.567360975395647e-16 -0.90630777469782231 -0.42261828820139963 -1 -3.3503275827309674e-16 1.1099069153260486e-16 -2.4218269744785701e-16 0.42261828820139963 -0.90630777469782231 -0 0 0 0 -0 0 
3 -0.16235781764028018 0.0040000000000000036 -0.35958215493956458 -7.4946766132674656e-16 -0.90630777469782231 0.42261828820139974 1 -7.1046233366908721e-16 2.4980018054066022e-16 7.3858529541881305e-17 0.42261828820139974 0.90630777469782231 -0 0 -0 0 0 0 
4 -0.37742603720901841 0.0051113412974165134 -0.34756442420312206 0.99999897200246046 -2.0399977603803067e-06 -0.0014338723306962728 2.0873828500013603e-06 0.99999999945182083 3.3045441982896096e-05 0.0014338722624976262 -3.3048401052775238e-05 0.99999897145854011 0 0 0 0 0 0 
5 -0.3353657947202684 0.0041460926166067991 -1.0431915295298912 -0.022940796770444336 0.99791341064080485 -0.060353497883498149 -0.99973682529129482 -0.02289894656463879 0.0013850641548222298 1.4257167171090497e-07 0.060369388844563117 0.99817610514904309 0 0 0 0 0 0 
6 -0.32908842760633461 0.078999868057739162 -1.1681094160873 0.9999982745309729 -0.0014355529013868034 0.0011790347511287302 0.0011811265855498139 0.0014571881086363476 -0.999998240769855 0.0014338323004998508 0.99999790789315335 0.0014588811640001904 0 0 0 0 0 0 
7 -0.25400005212973953 0.0040884277004365529 -1.1680000000000001 6.123233995736766e-17 0 -1 -0.99999999939666639 3.4737115970531975e-05 -6.1232339920424133e-17 3.4737115970531975e-05 0.99999999939666639 2.1270348942461192e-21 0 0 0 0 -0 0 
8 -0.32900000000000001 0.0039999999999999931 -1.2730000000000001 1 0 0 0 1 4.4408920985006239e-18 0 -4.4408920985006239e-18 1 0 0 0 0 0 0 
9 -0.32900000000000001 0.0040000000000000001 -1.4730000000000001 1 0 0 0 1 -3.552713678800501e-17 0 3.552713678800501e-17 1 0 0 0 0 0 0 
10 -0.32900000000000001 0.0040000000000000001 -1.4730000000000001 1 0 0 0 1 -3.552713678800501e-17 0 3.552713678800501e-17 1 0 0 0 0 0 0 
1 -0.077834160000000263 0.0040000000000000122 -0.17832060000000008 5.5495345766302431e-17 -0.90630777469782231 -0.42261828820139963 -1 -1.1298815334806543e-16 1.1099069153260486e-16 -1.483425866100842e-16 0.42261828820139963 -0.90630777469782231 0 0 0 0 0 0 
2 -0.077834160000000263 0.0040000000000000122 -0.17832060000000008 2.567360975395647e-16 -0.90630777469782231 -0.42261828820139963 -1 -3.3503275827309674e-16 1.1099069153260486e-16 -2.4218269744785701e-16 0.42261828820139963 -0.90630777469782231 -0 0 0 0 -0 0 
3 -0.16235781764028018 0.0040000000000000036 -0.35958215493956458 -7.4946766132674656e-16 -0.90630777469782231 0.42261828820139979 1 -7.363476105743472e-16 1.9428902930940237e-16 1.3510830890051717e-16 0.42261828820139979 0.90630777469782231 -0 0 -0 0 0 0 
4 -0.37742603720901841 0.0051113412974164996 -0.34756442420312195 0.99999897200246046 -2.0399977603801516e-06 -0.0014338723306963951 2.0873828500012078e-06 0.99999999945182083 3.3045441982895093e-05 0.0014338722624977485 -3.3048401052774235e-05 0.99999897145854011 0 0 0 0 0 0 
5 -0.33536579472026834 0.0041460926166067905 -1.043191529529891 -0.022940796770444336 0.99791341064080485 -0.060353497883498267 -0.99973682529129482 -0.02289894656463879 0.0013850641548222263 1.425716717046166e-07 0.060369388844563235 0.99817610514904309 0 0 0 0 0 0 
6 -0.32908842760633455 0.078999868057739148 -1.1681094160873 0.9999982745309729 -0.0014355529013869253 0.0011790347511287304 0.0011811265855498144 0.0014571881086363474 -0.999998240769855 0.0014338323004999727 0.99999790789315335 0.0014588811640001904 0 0 0 0 0 0 
7 -0.25400005212973942 0.0040884277004365546 -1.1680000000000001 6.123233995736766e-17 0 -1 -0.99999999939666639 3.473711597030993e-05 -6.1232339920424133e-17 3.473711597030993e-05 0.99999999939666639 2.127034894232523e-21 0 0 0 0 -0 0 
8 -0.32900000000000001 0.0039999999999999931 -1.2730000000000001 1 0 0 0 1 4.4408920985006239e-18 0 -4.4408920985006239e-18 1 0 0 0 0 0 0 
9 -0.32900000000000001 0.0040000000000000001 -1.4730000000000001 1 0 0 0 1 -3.552713678800501e-17 0 3.552713678800501e-17 1 0 0 0 0 0 0 
10 -0.32900000000000001 0.0040000000000000001 -1.4730000000000001 1 0 0 0 1 -3.552713678800501e-17 0 3.552713678800501e-17 1 0 0 0 0 0 0 
1 -0.077834160000000263 0.0040000000000000122 -0.17832060000000008 5.5495345766302431e-17 -0.90630777469782231 -0.42261828820139963 -1 -1.1298815334806543e-16 1.1099069153260486e-16 -1.483425866100842e-16 0.42261828820139963 -0.90630777469782231 0 0 0 0 0 0 
2 -0.077834160000000263 0.0040000000000000131 -0.17832060000000008 2.567360975395647e-16 -0.90630777469782231 -0.42261828820139963 -1 -3.3503275827309674e-16 1.1099069153260486e-16 -2.4218269744785701e-16 0.42261828820139963 -0.90630777469782231 -0 0 0 0 -0 0 
3 -0.16235781764028018 0.0040000000000000036 -0.35958215493956458 -7.4946766132674656e-16 -0.90630777469782231 0.42261828820139974 1 -7.1046233366908721e-16 2.4980018054066022e-16 7.3858529541881305e-17 0.42261828820139974 0.90630777469782231 -0 0 -0 0 0 0 
4 -0.37742603720901852 0.0051113412974165134 -0.34756442420312206 0.99999897200246046 -2.0399977603793224e-06 -0.0014338723306963352 2.0873828500003947e-06 0.99999999945182083 3.3045441982907663e-05 0.0014338722624976886 -3.3048401052786805e-05 0.99999897145854011 0 0 0 0 0 0 
5 -0.33536579472026834 0.0041460926166067948 -1.0431915295298912 -0.022940796770444336 0.99791341064080485 -0.060353497883498211 -0.99973682529129482 -0.02289894656463879 0.0013850641548222367 1.4257167171632598e-07 0.060369388844563179 0.99817610514904309 0 0 0 0 0 0 
6 -0.32908842760633461 0.078999868057739148 -1.1681094160873 0.9999982745309729 -0.0014355529013868606 0.0011790347511287302 0.0011811265855498139 0.0014571881086363474 -0.999998240769855 0.0014338323004999081 0.99999790789315335 0.0014588811640001904 0 0 0 0 0 0 
7 -0.25400005212973953 0.0040884277004365538 -1.1680000000000001 6.123233995736766e-17 0 -1 -0.99999999939666639 3.4737115970531975e-05 -6.1232339920424133e-17 3.4737115970531975e-05 0.99999999939666639 2.1270348942461192e-21 0 0 0 0 -0 0 
8 -0.32900000000000001 0.0039999999999999931 -1.2730000000000001 1 0 0 0 1 4.4408920985006239e-18 0 -4.4408920985006239e-18 1 0 0 0 0 0 0 
9 -0.32900000000000001 0.0040000000000000001 -1.4730000000000001 1 0 0 0 1 -3.552713678800501e-17 0 3.552713678800501e-17 1 0 0 0 0 0 0 
10 -0.32900000000000001 0.0040000000000000001 -1.4730000000000001 1 0 0 0 1 -3.552713678800501e-17 0 3.552713678800501e-17 1 0 0 0 0 0 0 
1 -0.077834160000000263 0.0040000000000000122 -0.17832060000000008 5.5495345766302431e-17 -0.90630777469782231 -0.42261828820139963 -1 -1.1298815334806543e-16 1.1099069153260486e-16 -1.483425866100842e-16 0.42261828820139963 -0.90630777469782231 0 0 0 0 0 0 
2 -0.077834160000000263 0.0040000000000000122 -0.17832060000000008 2.567360975395647e-16 -0.90630777469782231 -0.42261828820139963 -1 -3.3503275827309674e-16 1.1099069153260486e-16 -2.4218269744785701e-16 0.42261828820139963 -0.90630777469782231 -0 0 0 0 -0 0 
3 -0.16235781764028018 0.0040000000000000036 -0.35958215493956458 -7.4946766132674656e-16 -0.90630777469782231 0.42261828820139979 1 -7.363476105743472e-16 1.9428902930940237e-16 1.3510830890051717e-16 0.42261828820139979 0.90630777469782231 -0 0 -0 0 0 0 
4 -0.37742603720901846 0.0051113412974164996 -0.34756442420312195 0.99999897200246046 -2.0399977603769448e-06 -0.0014338723306963977 2.0873828499980128e-06 0.99999999945182083 3.304544198290332e-05 0.0014338722624977511 -3.3048401052782455e-05 0.99999897145854011 0 0 0 0 0 0 
5 -0.3353657947202684 0.0041460926166067974 -1.043191529529891 -0.022940796770444336 0.99791341064080485 -0.06035349788349828 -0.99973682529129482 -0.02289894656463879 0.0013850641548222367 1.425716717148081e-07 0.060369388844563249 0.99817610514904309 0 0 0 0 0 0 
6 -0.32908842760633455 0.078999868057739162 -1.1681094160873 0.9999982745309729 -0.0014355529013869279 0.0011790347511287304 0.0011811265855498144 0.0014571881086363474 -0.999998240769855 0.0014338323004999753 0.99999790789315335 0.0014588811640001904 0 0 0 0 0 0 
7 -0.25400005212973942 0.0040884277004365564 -1.1680000000000001 6.123233995736766e-17 0 -1 -0.99999999939666639 3.473711597030993e-05 -6.1232339920424133e-17 3.473711597030993e-05 0.99999999939666639 2.127034894232523e-21 0 0 0 0 -0 0 
8 -0.32900000000000001 0.0039999999999999931 -1.2730000000000001 1 0 0 0 1 4.4408920985006239e-18 0 -4.4408920985006239e-18 1 0 0 0 0 0 0 
9 -0.32900000000000001 0.0040000000000000001 -1.4730000000000001 1 0 0 0 1 -3.552713678800501e-17 0 3.552713678800501e-17 1 0 0 0 0 0 0 
10 -0.32900000000000001 0.0040000000000000001 -1.4730000000000001 1 0 0 0 1 -3.552713678800501e-17 0 3.552713678800501e-17 1 0 0 0 0 0 0 
1 -0.077834160000000263 0.0040000000000000122 -0.17832060000000008 5.5495345766302431e-17 -0.90630777469782231 -0.42261828820139963 -1 -1.1298815334806543e-16 1.1099069153260486e-16 -1.483425866100842e-16 0.42261828820139963 -0.90630777469782231 0 0 0 0 0 0 
2 -0.077834160000000263 0.0040000000000000122 -0.17832060000000008 2.567360975395647e-16 -0.90630777469782231 -0.42261828820139963 -1 -3.3503275827309674e-16 1.1099069153260486e-16 -2.4218269744785701e-16 0.42261828820139963 -0.90630777469782231 -0 0 0 0 -0 0 
3 -0.16235781764028018 0.0040000000000000036 -0.35958215493956458 -7.4946766132674656e-16 -0.90630777469782231 0.42261828820139974 1 -7.1046233366908721e-16 2.4980018054066022e-16 7.3858529541881305e-17 0.42261828820139974 0.90630777469782231 -0 0 -0 0 0 0 
4 -0.37742603720901846 0.0051113412974165134 -0.34756442420312206 0.99999897200246046 -2.0399977603770299e-06 -0.0014338723306961938 2.0873828499980852e-06 0.99999999945182083 3.3045441982899159e-05 0.0014338722624975472 -3.3048401052778294e-05 0.99999897145854011 0 0 0 0 0 0 
5 -0.3353657947202684 0.0041460926166067991 -1.0431915295298912 -0.022940796770444336 0.99791341064080485 -0.060353497883498072 -0.99973682529129482 -0.02289894656463879 0.0013850641548222298 1.4257167171263969e-07 0.060369388844563041 0.99817610514904309 0 0 0 0 0 0 
6 -0.32908842760633461 0.078999868057739162 -1.1681094160873 0.9999982745309729 -0.0014355529013867238 0.0011790347511287304 0.0011811265855498139 0.0014571881086363476 -0.999998240769855 0.0014338323004997712 0.99999790789315335 0.0014588811640001904 0 0 0 0 0 0 
7 -0.25400005212973953 0.0040884277004365529 -1.1680000000000001 6.123233995736766e-17 0 -1 -0.99999999939666639 3.4737115970531975e-05 -6.1232339920424133e-17 3.4737115970531975e-05 0.99999999939666639 2.1270348942461192e-21 0 0 0 0 -0 0 
8 -0.32900000000000001 0.0039999999999999931 -1.2730000000000001 1 0 0 0 1 4.4408920985006239e-18 0 -4.4408920985006239e-18 1 0 0 0 0 0 0 
9 -0.32900000000000001 0.0040000000000000001 -1.4730000000000001 1 0 0 0 1 -3.552713678800501e-17 0 3.552713678800501e-17 1 0 0 0 0 0 0 
10 -0.32900000000000001 0.0040000000000000001 -1.4730000000000001 1 0 0 0 1 -3.552713678800501e-17 0 3.552713678800501e-17 1 0 0 0 0 0 0 
1 -0.077834160000000263 0.0040000000000000122 -0.17832060000000008 5.5495345766302431e-17 -0.90630777469782231 -0.42261828820139963 -1 -1.1298815334806543e-16 1.1099069153260486e-16 -1.483425866100842e-16 0.42261828820139963 -0.90630777469782231 0 0 0 0 0 0 
2 -0.077834160000000263 0.0040000000000000122 -0.17832060000000008 2.567360975395647e-16 -0.90630777469782231 -0.42261828820139963 -1 -3.3503275827309674e-16 1.1099069153260486e-16 -2.4218269744785701e-16 0.42261828820139963 -0.90630777469782231 -0 0 0 0 -0 0 
3 -0.16235781764028018 0.0040000000000000036 -0.35958215493956458 -7.4946766132674656e-16 -0.90630777469782231 0.42261828820139979 1 -7.363476105743472e-16 1.9428902930940237e-16 1.3510830890051717e-16 0.42261828820139979 0.90630777469782231 -0 0 -0 0 0 0 
4 -0.37742603720901841 0.0051113412974164996 -0.347564424203122 0.99999897200246046 -2.0399977603805133e-06 -0.0014338723306963166 2.0873828500015699e-06 0.99999999945182083 3.3045441982897275e-05 0.00143387226249767 -3.3048401052776417e-05 0.99999897145854011 0 0 0 0 0 0 
5 -0.3353657947202684 0.0041460926166067913 -1.043191529529891 -0.022940796770444336 0.99791341064080485 -0.060353497883498183 -0.99973682529129482 -0.02289894656463879 0.0013850641548222228 1.4257167170309872e-07 0.060369388844563152 0.99817610514904309 0 0 0 0 0 0 
6 -0.32908842760633461 0.078999868057739148 -1.1681094160873 0.9999982745309729 -0.0014355529013868426 0.00117903475112873 0.0011811265855498137 0.0014571881086363474 -0.999998240769855 0.0014338323004998901 0.99999790789315335 0.0014588811640001904 0 0 0 0 0 0 
7 -0.25400005212973942 0.0040884277004365555 -1.1680000000000001 6.123233995736766e-17 0 -1 -0.99999999939666639 3.473711597030993e-05 -6.1232339920424133e-17 3.473711597030993e-05 0.99999999939666639 2.127034894232523e-21 0 0 0 0 -0 0 
8 -0.32900000000000001 0.0039999999999999931 -1.2730000000000001 1 0 0 0 1 4.4408920985006239e-18 0 -4.4408920985006239e-18 1 0 0 0 0 0 0 
9 -0.32900000000000001 0.0040000000000000001 -1.4730000000000001 1 0 0 0 1 -3.552713678800501e-17 0 3.552713678800501e-17 1 0 0 0 0 0 0 
10 -0.32900000000000001 0.0040000000000000001 -1.4730000000000001 1 0 0 0 1 -3.552713678800501e-17 0 3.552713678800501e-17 1 0 0 0 0 0 0 
1 -0.077834160000000263 0.0040000000000000122 -0.17832060000000008 5.5495345766302431e-17 -0.90630777469782231 -0.42261828820139963 -1 -1.1298815334806543e-16 1.1099069153260486e-16 -1.483425866100842e-16 0.42261828820139963 -0.90630777469782231 0 0 0 0 0 0 
2 -0.077834160000000263 0.0040000000000000131 -0.17832060000000008 2.567360975395647e-16 -0.90630777469782231 -0.42261828820139963 -1 -3.3503275827309674e-16 1.1099069153260486e-16 -2.4218269744785701e-16 0.42261828820139963 -0.90630777469782231 -0 0 0 0 -0 0 
3 -0.16235781764028018 0.0040000000000000036 -0.35958215493956458 -7.4946766132674656e-16 -0.90630777469782231 0.42261828820139974 1 -7.1046233366908721e-16 2.4980018054066022e-16 7.3858529541881305e-17 0.42261828820139974 0.90630777469782231 -0 0 -0 0 0 0 
4 -0.37742603720901852 0.0051113412974165134 -0.347564424203122 0.99999897200246046 -2.0399977603794761e-06 -0.0014338723306963187 2.0873828500005535e-06 0.99999999945182083 3.3045441982911756e-05 0.0014338722624976721 -3.3048401052790898e-05 0.99999897145854011 0 0 0 0 0 0 
5 -0.33536579472026834 0.0041460926166067905 -1.0431915295298912 -0.022940796770444336 0.99791341064080485 -0.060353497883498197 -0.99973682529129482 -0.02289894656463879 0.0013850641548222402 1.4257167172001227e-07 0.060369388844563165 0.99817610514904309 0 0 0 0 0 0 
6 -0.32908842760633461 0.078999868057739148 -1.1681094160873 0.9999982745309729 -0.0014355529013868463 0.00117903475112873 0.0011811265855498137 0.0014571881086363474 -0.999998240769855 0.0014338323004998938 0.99999790789315335 0.0014588811640001904 0 0 0 0 0 0 
7 -0.25400005212973953 0.0040884277004365538 -1.1680000000000001 6.123233995736766e-17 0 -1 -0.99999999939666639 3.4737115970531975e-05 -6.1232339920424133e-17 3.4737115970531975e-05 0.99999999939666639 2.1270348942461192e-21 0 0 0 0 -0 0 
8 -0.32900000000000001 0.0039999999999999931 -1.2730000000000001 1 0 0 0 1 4.4408920985006239e-18 0 -4.4408920985006239e-18 1 0 0 0 0 0 0 
9 -0.32900000000000001 0.0040000000000000001 -1.4730000000000001 1 0 0 0 1 -3.552713678800501e-17 0 3.552713678800501e-17 1 0 0 0 0 0 0 
10 -0.32900000000000001 0.0040000000000000001 -1.4730000000000001 1 0 0 0 1 -3.552713678800501e-17 0 3.552713678800501e-17 1 0 0 0 0 0 0 
1 -0.077834160000000263 0.0040000000000000122 -0.17832060000000008 5.5495345766302431e-17 -0.90630777469782231 -0.42261828820139963 -1 -1.1298815334806543e-16 1.1099069153260486e-16 -1.483425866100842e-16 0.42261828820139963 -0.90630777469782231 0 0 0 0 0 0 
2 -0.077834160000000263 0.0040000000000000122 -0.17832060000000008 2.567360975395647e-16 -0.90630777469782231 -0.42261828820139963 -1 -3.3503275827309674e-16 1.1099069153260486e-16 -2.4218269744785701e-16 0.42261828820139963 -0.90630777469782231 -0 0 0 0 -0 0 
3 -0.16235781764028018 0.0040000000000000036 -0.35958215493956458 -7.4946766132674656e-16 -0.90630777469782231 0.42261828820139979 1 -7.363476105743472e-16 1.9428902930940237e-16 1.3510830890051717e-16 0.42261828820139979 0.90630777469782231 -0 0 -0 0 0 0 
4 -0.37742603720901846 0.0051113412974164996 -0.34756442420312195 0.99999897200246046 -2.0399977603770329e-06 -0.001433872330696471 2.0873828499981051e-06 0.99999999945182083 3.3045441982904702e-05 0.0014338722624978244 -3.3048401052783837e-05 0.99999897145854011 0 0 0 0 0 0 
5 -0.33536579472026834 0.0041460926166068 -1.043191529529891 -0.022940796770444336 0.99791341064080485 -0.060353497883498343 -0.99973682529129482 -0.02289894656463879 0.0013850641548222298 1.4257167170635132e-07 0.060369388844563311 0.99817610514904309 0 0 0 0 0 0 
6 -0.32908842760633455 0.078999868057739162 -1.1681094160873 0.9999982745309729 -0.001435552901386997 0.0011790347511287302 0.0011811265855498142 0.0014571881086363474 -0.999998240769855 0.0014338323005000445 0.99999790789315335 0.0014588811640001904 0 0 0 0 0 0 
7 -0.25400005212973942 0.0040884277004365564 -1.1680000000000001 6.123233995736766e-17 0 -1 -0.99999999939666639 3.473711597030993e-05 -6.1232339920424133e-17 3.473711597030993e-05 0.99999999939666639 2.127034894232523e-21 0 0 0 0 -0 0 
8 -0.32900000000000001 0.0039999999999999931 -1.2730000000000001 1 0 0 0 1 4.4408920985006239e-18 0 -4.4408920985006239e-18 1 0 0 0 0 0 0 
9 -0.32900000000000001 0.0040000000000000001 -1.4730000000000001 1 0 0 0 1 -3.552713678800501e-17 0 3.552713678800501e-17 1 0 0 0 0 0 0 
10 -0.32900000000000001 0.0040000000000000001 -1.4730000000000001 1 0 0 0 1 -3.552713678800501e-17 0 3.552713678800501e-17 1 0 0 0 0 0 0 
1 -0.077834160000000263 0.0040000000000000122 -0.17832060000000008 5.5495345766302431e-17 -0.90630777469782231 -0.42261828820139963 -1 -1.1298815334806543e-16 1.1099069153260486e-16 -1.483425866100842e-16 0.42261828820139963 -0.90630777469782231 0 0 0 0 0 0 
2 -0.077834160000000263 0.0040000000000000122 -0.17832060000000008 2.567360975395647e-16 -0.90630777469782231 -0.42261828820139963 -1 -3.3503275827309674e-16 1.1099069153260486e-16 -2.4218269744785701e-16 0.42261828820139963 -0.90630777469782231 -0 0 0 0 -0 0 
3 -0.16235781764028018 0.0040000000000000036 -0.35958215493956458 -7.4946766132674656e-16 -0.90630777469782231 0.42261828820139974 1 -7.1046233366908721e-16 2.4980018054066022e-16 7.3858529541881305e-17 0.42261828820139974 0.90630777469782231 -0 0 -0 0 0 0 
4 -0.37742603720901846 0.0051113412974165134 -0.34756442420312206 0.99999897200246046 -2.0399977603770367e-06 -0.0014338723306962749 2.087382849998117e-06 0.99999999945182083 3.3045441982914866e-05 0.0014338722624976283 -3.3048401052794001e-05 0.99999897145854011 0 0 0 0 0 0 
5 -0.3353657947202684 0.0041460926166068 -1.0431915295298912 -0.022940796770444336 0.99791341064080485 -0.060353497883498149 -0.99973682529129482 -0.02289894656463879 0.0013850641548222471 1.4257167172825221e-07 0.060369388844563117 0.99817610514904309 0 0 0 0 0 0 
6 -0.32908842760633461 0.078999868057739162 -1.1681094160873 0.9999982745309729 -0.001435552901386801 0.0011790347511287302 0.0011811265855498139 0.0014571881086363476 -0.999998240769855 0.0014338323004998484 0.99999790789315335 0.0014588811640001904 0 0 0 0 0 0 
7 -0.25400005212973953 0.0040884277004365546 -1.1680000000000001 6.123233995736766e-17 0 -1 -0.99999999939666639 3.4737115970531975e-05 -6.1232339920424133e-17 3.4737115970531975e-05 0.99999999939666639 2.1270348942461192e-21 0 0 0 0 -0 0 
8 -0.32900000000000001 0.0039999999999999931 -1.2730000000000001 1 0 0 0 1 4.4408920985006239e-18 0 -4.4408920985006239e-18 1 0 0 0 0 0 0 
9 -0.32900000000000001 0.0040000000000000001 -1.4730000000000001 1 0 0 0 1 -3.552713678800501e-17 0 3.552713678800501e-17 1 0 0 0 0 0 0 
10 -0.32900000000000001 0.0040000000000000001 -1.4730000000000001 1 0 0 0 1 -3.552713678800501e-17 0 3.552713678800501e-17 1 0 0 0 0 0 0 
1 -0.077834160000000263 0.0040000000000000122 -0.17832060000000008 5.5495345766302431e-17 -0.90630777469782231 -0.42261828820139963 -1 -1.1298815334806543e-16 1.1099069153260486e-16 -1.483425866100842e-16 0.42261828820139963 -0.90630777469782231 0 0 0 0 0 0 
2 -0.077834160000000263 0.0040000000000000122 -0.17832060000000008 2.567360975395647e-16 -0.90630777469782231 -0.42261828820139963 -1 -3.3503275827309674e-16 1.1099069153260486e-16 -2.4218269744785701e-16 0.42261828820139963 -0.90630777469782231 -0 0 0 0 -0 0 
3 -0.16235781764028018 0.0040000000000000036 -0.35958215493956458 -7.4946766132674656e-16 -0.90630777469782231 0.42261828820139979 1 -7.363476105743472e-16 1.9428902930940237e-16 1.3510830890051717e-16 0.42261828820139979 0.90630777469782231 -0 0 -0 0 0 0 
4 -0.37742603720901841 0.0051113412974164996 -0.347564424203122 0.99999897200246046 -2.0399977603787579e-06 -0.0014338723306963209 2.0873828499998314e-06 0.99999999945182083 3.3045441982908964e-05 0.0014338722624976743 -3.3048401052788099e-05 0.99999897145854011 0 0 0 0 0 0 
5 -0.33536579472026834 0.0041460926166067957 -1.043191529529891 -0.022940796770444336 0.99791341064080485 -0.06035349788349819 -0.99973682529129482 -0.02289894656463879 0.0013850641548222402 1.4257167172022911e-07 0.060369388844563159 0.99817610514904309 0 0 0 0 0 0 
6 -0.32908842760633455 0.078999868057739148 -1.1681094160873 0.9999982745309729 -0.0014355529013868489 0.0011790347511287302 0.0011811265855498139 0.0014571881086363474 -0.999998240769855 0.0014338323004998964 0.99999790789315335 0.0014588811640001904 0 0 0 0 0 0 
7 -0.25400005212973942 0.0040884277004365564 -1.1680000000000001 6.123233995736766e-17 0 -1 -0.99999999939666639 3.473711597030993e-05 -6.1232339920424133e-17 3.473711597030993e-05 0.99999999939666639 2.127034894232523e-21 0 0 0 0 -0 0 
