1 -0.1322131193924678 0.04215394533365132 0.2000000152587891 1 0 0 0 1 0 0 0 1 -0 -0 -0 0 0 0 
2 0.07099997711181641 0.1600000141859064 0.2000000152587891 -1 1.224646799147353e-16 3.262652233999262e-55 -1.224646799147353e-16 -1 2.471452993948174e-16 3.026656998281774e-32 2.471452993948174e-16 1 0 0 0 0 0 0 
1 -0.1322131193924678 0.04215394533365132 0.2000000152587891 1 0 0 0 1 0 0 0 1 -0 -0 -0 0 0 0 
2 0.07099997711181641 0.1600000141859064 0.2000000152587891 -1 1.224646799147353e-16 0 -1.224646799147353e-16 -1 2.471452993948174e-16 3.026656998281774e-32 2.471452993948174e-16 1 0 0 0 0 0 0 
1 -0.1322131193924678 0.04215394533365132 0.2000000152587891 1 0 0 0 1 0 0 0 1 -0 -0 -0 0 0 0 
2 0.07099997711181641 0.1600000141859064 0.2000000152587891 -1 1.224646799147353e-16 0 -1.224646799147353e-16 -1 2.471452993948174e-16 3.026656998281774e-32 2.471452993948174e-16 1 0 0 0 0 0 0 
1 -0.1322131193924678 0.04215394533365132 0.2000000152587891 1 0 0 0 1 0 0 0 1 -0 -0 -0 0 0 0 
2 0.07099997711181641 0.1600000141859064 0.2000000152587891 -1 1.224646799147353e-16 0 -1.224646799147353e-16 -1 2.471452993948174e-16 3.026656998281774e-32 2.471452993948174e-16 1 0 0 0 0 0 0 
1 -0.1322131193924678 0.04215394533365132 0.2000000152587891 1 0 0 0 1 0 0 0 1 -0 -0 -0 0 0 0 
2 0.07099997711181641 0.1600000141859064 0.2000000152587891 -1 1.224646799147353e-16 0 -1.224646799147353e-16 -1 2.471452993948174e-16 3.026656998281774e-32 2.471452993948174e-16 1 0 0 0 0 0 0 
1 -0.1322131193924678 0.04215394533365132 0.2000000152587891 1 0 0 0 1 0 0 0 1 -0 -0 -0 0 0 0 
2 0.07099997711181641 0.1600000141859064 0.2000000152587891 -1 1.224646799147353e-16 0 -1.224646799147353e-16 -1 2.471452993948174e-16 3.026656998281774e-32 2.471452993948174e-16 1 0 0 0 0 0 0 
1 -0.1322131193924678 0.04215394533365132 0.2000000152587891 1 0 0 0 1 0 0 0 1 -0 -0 -0 0 0 0 
2 0.07099997711181641 0.1600000141859064 0.2000000152587891 -1 1.224646799147353e-16 0 -1.224646799147353e-16 -1 2.471452993948174e-16 3.026656998281774e-32 2.471452993948174e-16 1 0 0 0 0 0 0 
1 -0.1322131193924678 0.04215394533365132 0.2000000152587891 1 0 0 0 1 0 0 0 1 -0 -0 -0 0 0 0 
2 0.07099997711181641 0.1600000141859064 0.2000000152587891 -1 1.224646799147353e-16 0 -1.224646799147353e-16 -1 2.471452993948174e-16 3.026656998281774e-32 2.471452993948174e-16 1 0 0 0 0 0 0 
1 -0.1322131193924678 0.04215394533365132 0.2000000152587891 1 0 0 0 1 0 0 0 1 -0 -0 -0 0 0 0 
2 0.07099997711181641 0.1600000141859064 0.2000000152587891 -1 1.224646799147353e-16 0 -1.224646799147353e-16 -1 2.471452993948174e-16 3.026656998281774e-32 2.471452993948174e-16 1 0 0 0 0 0 0 
1 -0.1322131193924678 0.04215394533365132 0.2000000152587891 1 0 0 0 1 0 0 0 1 -0 -0 -0 0 0 0 
2 0.07099997711181641 0.1600000141859064 0.2000000152587891 -1 1.224646799147353e-16 0 -1.224646799147353e-16 -1 2.471452993948174e-16 3.026656998281774e-32 2.471452993948174e-16 1 0 0 0 0 0 0 
1 -0.1322131193924678 0.04215394533365132 0.2000000152587891 1 0 0 0 1 0 0 0 1 -0 -0 -0 0 0 0 
2 0.07099997711181641 0.1600000141859064 0.2000000152587891 -1 1.224646799147353e-16 0 -1.224646799147353e-16 -1 2.471452993948174e-16 3.026656998281774e-32 2.471452993948174e-16 1 0 0 0 0 0 0 
1 -0.1322131193924678 0.04215394533365132 0.2000000152587891 1 0 0 0 1 0 0 0 1 -0 -0 -0 0 0 0 
2 0.07099997711181641 0.1600000141859064 0.2000000152587891 -1 1.224646799147353e-16 0 -1.224646799147353e-16 -1 2.471452993948174e-16 3.026656998281774e-32 2.471452993948174e-16 1 0 0 0 0 0 0 
1 -0.1322131193924678 0.04215394533365132 0.2000000152587891 1 0 0 0 1 0 0 0 1 -0 -0 -0 0 0 0 
2 0.07099997711181641 0.1600000141859064 0.2000000152587891 -1 1.224646799147353e-16 0 -1.224646799147353e-16 -1 2.471452993948174e-16 3.026656998281774e-32 2.471452993948174e-16 1 0 0 0 0 0 0 
1 -0.1322131193924678 0.04215394533365132 0.2000000152587891 1 0 0 0 1 0 0 0 1 -0 -0 -0 0 0 0 
2 0.07099997711181641 0.1600000141859064 0.2000000152587891 -1 1.224646799147353e-16 0 -1.224646799147353e-16 -1 2.471452993948174e-16 3.026656998281774e-32 2.471452993948174e-16 1 0 0 0 0 0 0 
1 -0.1322131193924678 0.04215394533365132 0.2000000152587891 1 0 0 0 1 0 0 0 1 -0 -0 -0 0 0 0 
2 0.07099997711181641 0.1600000141859064 0.2000000152587891 -1 1.224646799147353e-16 0 -1.224646799147353e-16 -1 2.471452993948174e-16 3.026656998281774e-32 2.471452993948174e-16 1 0 0 0 0 0 0 
1 -0.1322131193924678 0.04215394533365132 0.2000000152587891 1 0 0 0 1 0 0 0 1 -0 -0 -0 0 0 0 
2 0.07099997711181641 0.1600000141859064 0.2000000152587891 -1 1.224646799147353e-16 0 -1.224646799147353e-16 -1 2.471452993948174e-16 3.026656998281774e-32 2.471452993948174e-16 1 0 0 0 0 0 0 
1 -0.1322131193924678 0.04215394533365132 0.2000000152587891 1 0 0 0 1 0 0 0 1 -0 -0 -0 0 0 0 
2 0.07099997711181641 0.1600000141859064 0.2000000152587891 -1 1.224646799147353e-16 0 -1.224646799147353e-16 -1 2.471452993948174e-16 3.026656998281774e-32 2.471452993948174e-16 1 0 0 0 0 0 0 
1 -0.1322131193924678 0.04215394533365132 0.2000000152587891 1 0 0 0 1 0 0 0 1 -0 -0 -0 0 0 0 
2 0.07099997711181641 0.1600000141859064 0.2000000152587891 -1 1.224646799147353e-16 0 -1.224646799147353e-16 -1 2.471452993948174e-16 3.026656998281774e-32 2.471452993948174e-16 1 0 0 0 0 0 0 
1 -0.1322131193924678 0.04215394533365132 0.2000000152587891 1 0 0 0 1 0 0 0 1 -0 -0 -0 0 0 0 
2 0.07099997711181641 0.1600000141859064 0.2000000152587891 -1 1.224646799147353e-16 0 -1.224646799147353e-16 -1 2.471452993948174e-16 3.026656998281774e-32 2.471452993948174e-16 1 0 0 0 0 0 0 
1 -0.1322131193924678 0.04215394533365132 0.2000000152587891 1 0 0 0 1 0 0 0 1 -0 -0 -0 0 0 0 
2 0.07099997711181641 0.1600000141859064 0.2000000152587891 -1 1.224646799147353e-16 0 -1.224646799147353e-16 -1 2.471452993948174e-16 3.026656998281774e-32 2.471452993948174e-16 1 0 0 0 0 0 0 
1 -0.1322131193924678 0.04215394533365132 0.2000000152587891 1 0 0 0 1 0 0 0 1 -0 -0 -0 0 0 0 
2 0.07099997711181641 0.1600000141859064 0.2000000152587891 -1 1.224646799147353e-16 0 -1.224646799147353e-16 -1 2.471452993948174e-16 3.026656998281774e-32 2.471452993948174e-16 1 0 0 0 0 0 0 
1 -0.1322131193924678 0.04215394533365132 0.2000000152587891 1 0 0 0 1 0 0 0 1 -0 -0 -0 0 0 0 
2 0.07099997711181641 0.1600000141859064 0.2000000152587891 -1 1.224646799147353e-16 0 -1.224646799147353e-16 -1 2.471452993948174e-16 3.026656998281774e-32 2.471452993948174e-16 1 0 0 0 0 0 0 
1 -0.1322131193924678 0.04215394533365132 0.2000000152587891 1 0 0 0 1 0 0 0 1 -0 -0 -0 0 0 0 
2 0.07099997711181641 0.1600000141859064 0.2000000152587891 -1 1.224646799147353e-16 0 -1.224646799147353e-16 -1 2.471452993948174e-16 3.026656998281774e-32 2.471452993948174e-16 1 0 0 0 0 0 0 
1 -0.1322131193924678 0.04215394533365132 0.2000000152587891 1 0 0 0 1 0 0 0 1 -0 -0 -0 0 0 0 
2 0.07099997711181641 0.1600000141859064 0.2000000152587891 -1 1.224646799147353e-16 0 -1.224646799147353e-16 -1 2.471452993948174e-16 3.026656998281774e-32 2.471452993948174e-16 1 0 0 0 0 0 0 
1 -0.1322131193924678 0.04215394533365132 0.2000000152587891 1 0 0 0 1 0 0 0 1 -0 -0 -0 0 0 0 
2 0.07099997711181641 0.1600000141859064 0.2000000152587891 -1 1.224646799147353e-16 0 -1.224646799147353e-16 -1 2.471452993948174e-16 3.026656998281774e-32 2.471452993948174e-16 1 0 0 0 0 0 0 
1 -0.1322131193924678 0.04215394533365132 0.2000000152587891 1 0 0 0 1 0 0 0 1 -1.110223024625157e-16 -4.163336342344337e-17 -0 0 0 0 
2 0.07099997711181641 0.1600000141859064 0.2000000152587891 -1 1.898821519314986e-15 -2.155030799862896e-31 -1.898821519314986e-15 -1 2.471452993948174e-16 2.537817329021346e-31 2.471452993948174e-16 1 -5.551115123125783e-17 -3.33066907387547e-16 1.532561739687727e-17 0 3.882158362893792e-15 31.416 
1 -0.1322131193924678 0.04215394533365132 0.2000000152587891 1 0 0 0 1 0 0 0 1 -4.085683879132769e-16 6.863365061966144e-16 -0 0 0 0 
2 0.07099997711181641 0.1600000141859064 0.2000000152587891 -0.9510722564793356 0.3089685468705591 1.179977051182869e-24 -0.3089685468705591 -0.9510722564793356 2.47145300780559e-16 7.63601255703e-17 2.350530385270545e-16 1 -4.440892098500626e-16 7.216449660063518e-16 2.706876297822387e-17 1.852593362143467e-23 3.880242764889187e-15 31.40049802795534 
1 -0.1322131193924678 0.04215394533365132 0.2000000152587891 1 0 0 0 1 0 0 0 1 1.007438595225288e-15 -3.144602974727113e-16 -0 0 0 0 
2 0.07099997711181641 0.1600000141859064 0.2000000152587891 -0.8092590162976676 0.5874519933925932 1.168930058770307e-24 -0.5874519933925932 -0.8092590162976676 2.471453007681429e-16 1.451860005398247e-16 2.000045622955282e-16 1 8.326672684688674e-17 -3.33066907387547e-16 3.61097432665823e-17 1.832532086981825e-23 3.874497795873311e-15 31.3540074104677 
1 -0.1322131193924678 0.04215394533365132 0.2000000152587891 1 0 0 0 1 0 0 0 1 -8.833710121036867e-16 8.972797368607273e-17 -0 0 0 0 
2 0.07099997711181641 0.1600000141859064 0.2000000152587891 -0.5889112129625158 0.808197737714613 1.147127410138244e-24 -0.808197737714613 -0.5889112129625158 2.471453007436259e-16 1.997422736233523e-16 1.455466379118087e-16 1 -1.748601263784622e-15 5.551115123125783e-17 4.155422518126672e-17 1.79391077840422e-23 3.864929147236912e-15 31.27657402837826 
1 -0.1322131193924678 0.04215394533365132 0.2000000152587891 1 0 0 0 1 0 0 0 1 3.213698561892433e-16 -9.492716797038202e-16 -0 0 0 3.552713678800502e-15 
2 0.07099997711181641 0.1600000141859064 0.2000000152587891 -0.3121555125233153 0.9500310184416645 1.115139519513888e-24 -0.9500310184416645 -0.3121555125233153 2.471453007076255e-16 2.347957020824339e-16 7.71477669507006e-17 1 -9.8879238130678e-17 -2.220446049250313e-16 4.289815473249976e-17 1.737848741288311e-23 3.851546262136901e-15 31.16827429944383 
1 -0.1322131193924678 0.04215394533365132 0.2000000152587891 1 0 0 0 1 0 0 0 1 6.939038156741217e-17 -4.440799778606114e-16 -0 0 0 3.552713678800502e-15 
2 0.07099997711181641 0.1600000141859064 0.2000000152587891 -0.006448003728825888 0.9999792114078737 1.07379273102141e-24 -0.9999792114078737 -0.006448003728825888 2.471453006610375e-16 2.4714016286511e-16 1.593592746453756e-18 1 -3.747002708109903e-16 2.775557561562891e-16 4.007618742445854e-17 1.665947264664082e-23 3.834362347943772e-15 31.02921510292152 
1 -0.1322131193924678 0.04215394533365132 0.2000000152587891 1 0 0 0 1 0 0 0 1 -2.603738066292697e-16 -1.589460763205428e-16 -0 0 0 0 
2 0.07099997711181641 0.1600000141859063 0.2000000152587891 0.2984050673345061 0.9544393201189318 1.024135514759558e-24 -0.9544393201189318 0.2984050673345061 2.471453006049998e-16 2.358851923744178e-16 -7.374941104591691e-17 1 5.273559366969494e-16 -2.220446049250313e-16 3.345702491915091e-17 1.580217174700464e-23 3.813394363206697e-15 30.85953367409124 
1 -0.1322131193924678 0.04215394533365132 0.2000000152587891 1 0 0 0 1 0 0 0 1 0 0 -0 0 0 0 
2 0.07099997711181641 0.1600000141859064 0.2000000152587891 0.5733928234415597 0.8192805807693212 9.673969036927142e-25 -0.8192805807693212 0.5733928234415597 2.471453005408496e-16 2.024813448068172e-16 -1.417113424700001e-16 1 -2.220446049250313e-16 -2.498001805406602e-16 2.378801590550677e-17 1.482990304790246e-23 3.788663000916501e-15 30.65939746882048 
1 -0.1322131193924678 0.04215394533365132 0.2000000152587891 1 0 0 0 1 0 0 0 1 3.499022912367853e-16 1.100838715619569e-16 -0 0 0 0 
2 0.07099997711181641 0.1600000141859064 0.2000000152587891 0.7932378927134892 0.6089118536894014 9.049385580249528e-25 -0.6089118536894014 0.7932378927134892 2.471453004700719e-16 1.50489702322024e-16 -1.960450178899498e-16 1 3.33066907387547e-16 1.110223024625157e-16 1.209811627411262e-17 1.376818955227702e-23 3.760192668083023e-15 30.42900399830474 
1 -0.1322131193924678 0.04215394533365132 0.2000000152587891 1 0 0 0 1 0 0 0 1 -8.659304578465252e-17 -3.014173357677963e-16 -0 0 0 0 
2 0.07099997711181642 0.1600000141859064 0.2000000152587891 0.9387969574885888 0.3444710040194512 8.382027620100503e-25 -0.3444710040194512 0.9387969574885888 2.471453003942454e-16 8.513438897859237e-17 -2.320192563564574e-16 1 0 1.266348137463069e-16 -4.265876960243834e-19 1.264369367404105e-23 3.728011461647135e-15 30.16858063414698 
1 -0.1322131193924678 0.04215394533365132 0.2000000152587891 1 0 0 0 1 0 0 0 1 0 0 -0 0 0 0 
2 0.07099997711181641 0.1600000141859064 0.2000000152587891 0.998678502876436 0.05139307241720751 7.686604785393991e-25 -0.05139307241720751 0.998678502876436 2.471453003149861e-16 1.270155554901588e-17 -2.468186985510213e-16 1 -1.110223024625157e-16 5.828670879282072e-16 -1.257780316193578e-17 1.148316661093696e-23 3.69215114075121e-15 29.87838438396823 
1 -0.1322131193924678 0.04215394533365132 0.2000000152587891 1 0 0 0 1 0 0 0 1 -1.113729046786965e-15 1.009551184774434e-16 -0 0 0 0 
2 0.07099997711181641 0.1600000141859063 0.2000000152587891 0.9699443924398042 -0.2433266848797704 6.97759938368073e-25 0.2433266848797704 0.9699443924398042 2.47145300233894e-16 -6.013704726631732e-17 -2.397171979099337e-16 1 -3.885780586188048e-16 2.775557561562891e-17 -2.325321928763525e-17 1.031243891072698e-23 3.652647095395487e-15 29.55870163777087 
1 -0.1322131193924678 0.04215394533365132 0.2000000152587891 1 0 0 0 1 0 0 0 1 -3.416093507032991e-16 5.952758343685377e-17 -0 0 0 0 
2 0.07099997711181641 0.1600000141859063 0.2000000152587891 0.8578828882703378 -0.5138452588211194 6.268794486682116e-25 0.5138452588211194 0.8578828882703378 2.471453001525008e-16 -1.269944412610742e-16 -2.120217235951479e-16 1 5.273559366969494e-16 5.551115123125783e-17 -3.156301217742342e-17 9.15552676574321e-24 3.609538311511301e-15 29.20984788530503 
1 -0.1322131193924678 0.04215394533365132 0.2000000152587891 1 0 0 0 1 0 0 0 1 1.090872426876118e-15 -6.553517879297612e-16 -0 0 0 0 
2 0.07099997711181641 0.1600000141859064 0.2000000152587891 0.6749532261446649 -0.7378605169792655 5.572861149577107e-25 0.7378605169792655 0.6749532261446649 2.471453000722265e-16 -1.823587592564308e-16 -1.668115171990411e-16 1 1.137978600240785e-15 -5.551115123125783e-16 -3.690383485587307e-17 8.033883309932904e-24 3.562867332485695e-15 28.83216740471676 
1 -0.1322131193924678 0.04215394533365132 0.2000000152587891 1 0 0 0 1 0 0 0 1 -1.619042438300698e-16 -1.915241185832155e-16 -0 0 -0 0 
2 0.0709999771118164 0.1600000141859064 0.2000000152587891 0.4390910776603131 -0.8984425554920609 4.901021473410294e-25 0.8984425554920609 0.4390910776603131 2.471452999943412e-16 -2.220458551199674e-16 -1.085192956728681e-16 1 -1.873501354054952e-16 -6.106226635438361e-16 -3.89946698857788e-17 6.965829739212203e-24 3.512680217175428e-15 28.42603292278555 
1 -0.1322131193924678 0.04215394533365132 0.2000000152587891 1 0 0 0 1 0 0 0 1 1.295984789820139e-15 6.972661538966841e-16 -0 0 0 -7.105427357601003e-15 
2 0.07099997711181641 0.1600000141859064 0.2000000152587891 0.171620327541074 -0.9851631657622479 4.26279059981284e-25 0.9851631657622479 0.171620327541074 2.471452999199374e-16 -2.434784461455439e-16 -4.241515690254219e-17 1 2.241262730962035e-15 -7.216449660063518e-16 -3.787434219354609e-17 5.966168436821901e-24 3.459026494451794e-15 27.99184524708619 
1 -0.1322131193924678 0.04215394533365132 0.2000000152587891 1 0 0 0 1 0 0 0 1 0 0 -0 0 0 0 
2 0.07099997711181641 0.1600000141859064 0.2000000152587891 -0.1049643579706646 -0.9944759844037493 3.665822081939102e-25 0.9944759844037493 -0.1049643579706646 2.4714529984991e-16 -2.45780065320521e-16 2.594144808877039e-17 1 3.885780586188048e-16 -5.551115123125783e-17 -3.386530793267453e-17 5.046010508612036e-24 3.401959114321183e-15 27.53003287043836 
1 -0.1322131193924678 0.04215394533365132 0.2000000152587891 1 0 0 0 1 0 0 0 1 0 0 -0 0 0 0 
2 0.07099997711181641 0.1600000141859064 0.2000000152587891 -0.369095789866512 -0.9293913588487982 3.115830230971275e-25 0.9293913588487982 -0.369095789866512 2.471452997849474e-16 -2.296947058852219e-16 9.122028992550363e-17 1 1.665334536937735e-16 2.775557561562891e-17 -2.751193328252007e-17 4.212766316711027e-24 3.341534395669515e-15 27.04105154803381 
1 -0.1322131193924678 0.04215394533365132 0.2000000152587891 1 0 0 0 1 0 0 0 1 4.170821386924521e-16 4.266687790066255e-16 -0 0 0 -3.5527136788005e-15 
2 0.07099997711181641 0.1600000141859064 0.2000000152587891 -0.6019095064378016 -0.798564303021242 2.616609467863473e-25 0.798564303021242 -0.6019095064378016 2.471452997255311e-16 -1.973614138627985e-16 1.487591055851701e-16 1 8.326672684688674e-16 -2.498001805406602e-16 -1.950350643955279e-17 3.470328495255687e-24 3.277811970682228e-15 26.52538384765904 
1 -0.1322131193924678 0.04215394533365132 0.2000000152587891 1 0 0 0 1 0 0 0 1 -1.797001090975473e-17 1.285850008272732e-16 -0 0 0 0 
2 0.07099997711181641 0.1600000141859064 0.2000000152587891 -0.7885553862960237 -0.6149637409990354 2.170125781902926e-25 0.6149637409990354 -0.7885553862960237 2.47145299671943e-16 -1.519853978854593e-16 1.948877573875104e-16 1 -7.771561172376096e-16 1.52655665885959e-16 -1.059262620496721e-17 2.81937743677677e-24 3.210854725994513e-15 25.9835386734569 
1 -0.1322131193924678 0.04215394533365132 0.2000000152587891 1 0 0 0 1 0 0 0 1 5.436490288098761e-16 -1.72170261210847e-16 -0 0 0 0 
2 0.07099997711181641 0.1600000141859064 0.2000000152587891 -0.9189759102026094 -0.3943136777583117 1.776675488967157e-25 0.3943136777583117 -0.9189759102026094 2.471452996242802e-16 -9.74527718722576e-17 2.271205767445763e-16 1 4.440892098500626e-16 -1.838806884535416e-16 -1.518574755745684e-18 2.257803727213716e-24 3.140728740629935e-15 25.41605076369724 
1 -0.1322131193924678 0.04215394533365132 0.2000000152587891 1 0 0 0 1 0 0 0 1 -8.693033136076024e-17 2.040382710158975e-16 -0 0 0 0 
2 0.07099997711181642 0.1600000141859064 0.2000000152587891 -0.9881496766029162 -0.1534933765005908 1.435093724996044e-25 0.1534933765005908 -0.9881496766029162 2.471452995824759e-16 -3.793516637735554e-17 2.442165478783822e-16 1 -1.110223024625157e-16 5.967448757360216e-16 7.056814530871374e-18 1.781201085372797e-24 3.067503220788614e-15 24.82348016305238 
1 -0.1322131193924678 0.04215394533365132 0.2000000152587891 1 0 0 0 1 0 0 0 1 5.5742132037053e-17 7.462952219178092e-16 -0 0 0 -3.552713678800502e-15 
2 0.07099997711181641 0.1600000141859064 0.2000000152587891 -0.9958562617296081 0.09094122263270041 1.142996928275532e-25 -0.09094122263270041 -0.9958562617296081 2.471452995463235e-16 2.24756958224937e-17 2.461211940998513e-16 1 5.273559366969494e-16 5.551115123125783e-17 1.459597436246049e-17 1.383392705714232e-24 2.991250431549285e-15 24.20641166989803 
1 -0.1322131193924678 0.04215394533365132 0.2000000152587891 1 0 0 0 1 0 0 0 1 -5.867615265531219e-16 -5.251687050992423e-17 -0 0 0 0 
2 0.07099997711181641 0.1600000141859064 0.2000000152587891 -0.9460598338366375 0.3239919610129143 8.970455362820542e-26 -0.3239919610129143 -0.9460598338366375 2.471452995155029e-16 8.007309033001771e-17 2.338142409640791e-16 1 -5.828670879282072e-16 -2.775557561562891e-17 2.071310259823651e-17 1.05696425715317e-24 2.912045625552607e-15 23.56545425918522 
1 -0.1322131193924678 0.04215394533365132 0.2000000152587891 1 0 0 0 1 0 0 0 1 9.185896294103078e-16 -8.45355672124704e-16 -0 0 0 3.552713678800501e-15 
2 0.07099997711181641 0.1600000141859064 0.2000000152587891 -0.8460318866614116 0.5331322976073879 6.932091785321517e-26 -0.5331322976073879 -0.8460318866614116 2.471452994896092e-16 1.317611414184091e-16 2.090928039697365e-16 1 4.718447854656915e-16 -1.665334536937735e-16 2.518288336984825e-17 7.937674228362602e-25 2.829966968736092e-15 22.90124048145269 
1 -0.1322131193924678 0.04215394533365132 0.2000000152587891 1 0 0 0 1 0 0 0 1 -1.219901201802679e-16 -3.409914571470565e-16 -0 0 0 3.552713678800501e-15 
2 0.0709999771118164 0.1600000141859064 0.2000000152587891 -0.7053387004592784 0.7088704519405618 5.270205911863398e-26 -0.7088704519405618 -0.7053387004592784 2.47145299468179e-16 1.751940001661663e-16 1.743211443141456e-16 1 -5.273559366969494e-16 5.551115123125783e-17 2.793296005017657e-17 5.853732486431203e-25 2.745095463193886e-15 22.21442583857299 
1 -0.1322131193924678 0.04215394533365132 0.2000000152587891 1 0 0 0 1 0 0 0 1 3.064144383824725e-16 4.221486455939043e-16 -0 0 0 -3.552713678800502e-15 
2 0.07099997711181641 0.1600000141859063 0.2000000152587891 -0.5348095038057536 0.8449726591074078 3.938124293950719e-26 -0.8449726591074078 -0.5348095038057536 2.471452994507154e-16 2.08831020883829e-16 1.321756549338854e-16 1 1.346145417358002e-15 -2.775557561562891e-16 2.902397949390962e-17 4.234605339226391e-25 2.657514867237527e-15 21.50568813684823 
1 -0.1322131193924678 0.04215394533365132 0.2000000152587891 1 0 0 0 1 0 0 0 1 -8.133922925117816e-17 1.302276256075585e-16 -0 0 0 0 
2 0.07099997711181641 0.1600000141859064 0.2000000152587891 -0.3455809620202697 0.9383889378552717 2.8892153913236e-26 -0.9383889378552717 -0.3455809620202697 2.471452994367117e-16 2.319184150443235e-16 8.540871031101435e-17 1 -1.153591111524577e-16 8.326672684688674e-17 2.862159886836107e-17 3.001278506328968e-25 2.567311612736585e-15 20.77572681809404 
1 -0.1322131193924678 0.04215394533365132 0.2000000152587891 1 0 0 0 1 0 0 0 1 -5.122019859752062e-16 4.666282299616571e-16 -0 0 0 -3.552713678800502e-15 
2 0.07099997711181641 0.1600000141859064 0.2000000152587891 -0.1482871953721699 0.9889443400357049 2.078544947263556e-26 -0.9889443400357049 -0.1482871953721699 2.471452994256697e-16 2.444129450365278e-16 3.664848328069204e-17 1 -8.326672684688674e-17 -3.05311331771918e-16 2.696478476218441e-17 2.08117086800181e-25 2.474574719820697e-15 20.02526226937154 
1 -0.1322131193924678 0.04215394533365132 0.2000000152587891 1 0 0 0 1 0 0 0 1 -2.917637587656067e-16 1.940691352638942e-16 -0 0 0 0 
2 0.07099997711181641 0.1600000141859064 0.2000000152587891 0.04756359539707115 0.9988682117241011 1.464244169225981e-26 -0.9988682117241011 0.04756359539707115 2.471452994171155e-16 2.468655832640952e-16 -1.175511904038955e-17 1 -2.498001805406602e-16 1.942890293094024e-16 2.433418956070696e-17 1.409702326239e-25 2.379395709027232e-15 19.25503511204917 
1 -0.1322131193924678 0.04215394533365132 0.2000000152587891 1 0 0 0 1 0 0 0 1 -3.425789779697629e-16 2.698491246557072e-17 -0 0 0 0 
2 0.07099997711181641 0.1600000141859064 0.2000000152587891 0.2340110637864592 0.9722339337965579 1.008405825524677e-26 -0.9722339337965579 0.2340110637864592 2.471452994106113e-16 2.40283046662947e-16 -5.783473443470418e-17 1 -3.33066907387547e-16 0 2.102354161242314e-17 9.310511112348361e-26 2.281868510981254e-15 18.46580547089524 
1 -0.1322131193924678 0.04215394533365132 0.2000000152587891 1 0 0 0 1 0 0 0 1 6.070944920629368e-17 -3.806847144027609e-17 -0 0 0 0 
2 0.07099997711181641 0.1600000141859064 0.2000000152587891 0.4048702351329834 0.9143741535626226 6.776364479655069e-27 -0.9143741535626226 0.4048702351329834 2.471452994057632e-16 2.259832739483821e-16 -1.000617754886191e-16 1 -2.775557561562891e-17 2.775557561562891e-17 1.731600911902212e-17 5.98295776346772e-26 2.182089373696953e-15 17.65835222392313 
1 -0.1322131193924678 0.04215394533365132 0.2000000152587891 1 0 0 0 1 0 0 0 1 0 0 -0 0 0 0 
2 0.07099997711181641 0.1600000141859064 0.2000000152587891 0.5557877222720876 0.831324249478869 4.433570850665103e-27 -0.831324249478869 0.5557877222720876 2.471452994022257e-16 2.054578805353215e-16 -1.373603230287019e-16 1 -5.551115123125783e-17 4.163336342344337e-17 1.346654128437604e-17 3.731627626057474e-26 2.080156767592015e-15 16.83347223372909 
1 -0.1322131193924678 0.04215394533365132 0.2000000152587891 1 0 0 0 1 0 0 0 1 3.582402600677117e-16 -3.846176639463365e-16 -0 0 0 1.776356839400251e-15 
2 0.07099997711181641 0.1600000141859064 0.2000000152587891 0.6841597374332061 0.7293321970647713 2.816948336834369e-27 -0.7293321970647713 0.6841597374332061 2.471452993997032e-16 1.80251024203489e-16 -1.690868631472066e-16 1 -3.05311331771918e-16 -2.775557561562891e-17 9.69036168936196e-18 2.25242468191624e-26 1.976171288308697e-15 15.99197956108138 
1 -0.1322131193924678 0.04215394533365132 0.2000000152587891 1 0 0 0 1 0 0 0 1 5.48633483161264e-17 3.284661409961871e-17 -0 0 0 0 
2 0.07099997711181641 0.1600000141859063 0.2000000152587891 0.7889493281036016 0.6144582635825444 1.732856237834393e-27 -0.6144582635825444 0.7889493281036016 2.471452993979488e-16 1.518604715192846e-16 -1.9498511790504e-16 1 4.996003610813204e-16 4.85722573273506e-17 6.157151261173365e-18 1.311313621987573e-26 1.870235557437534e-15 15.13470466153689 
1 -0.1322131193924678 0.04215394533365132 0.2000000152587891 1 0 0 0 1 0 0 0 1 3.79153695480109e-16 -1.377844775687358e-16 -0 0 0 0 
2 0.07099997711188544 0.1600000141857451 0.2000000152587891 0.8704399288136611 0.4922746492831706 2.696211422004506e-22 -0.4922746492831706 0.8704399288136611 2.471462419543568e-16 1.216635948907268e-16 -2.151260899809674e-16 1 4.773625938980786e-12 6.036317279356496e-13 2.990024132279611e-18 1.922734902956442e-21 1.762460842880184e-15 14.26249356610226 
1 -0.1322131193924678 0.04215394533365132 0.2000000152587891 1 0 0 0 1 0 0 0 1 2.298342162148561e-16 2.560538547328624e-16 -0 0 0 -1.776356839383501e-15 
2 0.07099997711186795 0.1600000141858147 0.2000000152587891 0.9299585726360381 0.3676643213323026 1.976748585565175e-22 -0.3676643213323026 0.9299585726360381 2.471460321122787e-16 9.08665943371031e-17 -2.298356439337878e-16 1 2.631950213327627e-12 6.688642695262814e-13 2.682430278258322e-19 1.322069917874661e-21 1.652938247979574e-15 13.37620704530383 
1 -0.1322131193924678 0.04215394533365132 0.2000000152587891 1 0 0 0 1 0 0 0 1 -1.021705809001623e-16 -2.372932451626779e-16 -0 0 0 1.776356839390609e-15 
2 0.0709999771118511 0.1600000141858568 0.2000000152587891 0.9695962373704048 0.2447103113421126 1.412836239064773e-22 -0.2447103113421126 0.9695962373704048 2.471458575898619e-16 6.047900276965839e-17 -2.396317281743716e-16 1 1.368266611123659e-12 5.194247809647834e-13 -1.967605221575097e-18 8.813780911554758e-22 1.541784802668281e-15 12.47671976138779 
1 -0.1322131193924678 0.04215394533365132 0.2000000152587891 1 0 0 0 1 0 0 0 1 -5.905014183180642e-17 6.676289617901263e-17 -0 0 0 0 
2 0.07099997711183781 0.1600000141858809 0.2000000152587891 0.9919459756903732 0.1266616805181165 9.808161585548995e-23 -0.1266616805181165 0.9919459756903732 2.471457149164763e-16 3.130379429250807e-17 -2.451552097437012e-16 1 6.687983500341943e-13 3.37105343639621e-13 -3.708915688607838e-18 5.67152991177584e-22 1.429110137007157e-15 11.56491940384343 
1 -0.1322131193924678 0.04215394533365132 0.2000000152587891 1 0 0 0 1 0 0 0 1 0 0 -0 0 0 0 
2 0.07099997711182857 0.160000014185894 0.2000000152587891 0.999872632868946 0.01595988846207753 6.583414773744784e-23 -0.01595988846207753 0.999872632868946 2.471456005399494e-16 3.944350392748131e-18 -2.471141233645617e-16 1 3.053529651353415e-13 1.920200110028247e-13 -4.97184503332485e-18 3.502938163595756e-22 1.315025387052973e-15 10.64170581373879 
1 -0.1322131193924678 0.04215394533365132 0.2000000152587891 1 0 0 0 1 0 0 0 1 1.191303767200474e-16 5.799712430469158e-17 -0 0 0 0 
2 0.07099997711182275 0.1600000141859007 0.2000000152587891 0.9963217560559945 -0.08569106376687931 4.247655170279833e-23 0.08569106376687931 0.9963217560559945 2.471455108955141e-16 -2.117820405415805e-17 -2.462364457769136e-16 1 1.291328155517135e-13 9.73388036840106e-14 -5.790262222073707e-18 2.061809716261275e-22 1.199643085982791e-15 9.707990095680641 
1 -0.1322131193924678 0.04215394533365132 0.2000000152587891 1 0 0 0 1 0 0 0 1 -7.488044910110986e-17 -2.348576788911707e-16 -0 0 0 1.776356839399635e-15 
2 0.07099997711181945 0.160000014185904 0.2000000152587891 0.984170147975685 -0.1772261826974737 2.614469728263177e-23 0.1772261826974737 0.984170147975685 2.471454424714471e-16 -4.380066907112327e-17 -2.432331620551154e-16 1 4.940492459581947e-14 4.408973186542653e-14 -6.209371464517295e-18 1.14575132031236e-22 1.083077053612352e-15 8.764693718659048 
1 -0.1322131193924678 0.04215394533365132 0.2000000152587891 1 0 0 0 1 0 0 0 1 0 0 -0 0 0 0 
2 0.07099997711181771 0.1600000141859054 0.2000000152587891 0.9661165882083815 -0.2581060595735726 1.519673859137833e-23 0.2581060595735726 0.9661165882083815 2.471453918707419e-16 -6.378973791934488e-17 -2.387712588632143e-16 1 1.761091272811655e-14 1.761785162202045e-14 -6.280314450750553e-18 5.936414154081681e-23 9.654422844180474e-16 7.812747606663676 
1 -0.1322131193924678 0.04215394533365132 0.2000000152587891 1 0 0 0 1 0 0 0 1 -3.612908315644571e-17 1.926597114249138e-16 -0 0 0 -8.881784197000779e-16 
2 0.07099997711181691 0.160000014185906 0.2000000152587891 0.9446085335467146 -0.3281992052865537 8.225915288682109e-24 0.3281992052865537 0.9446085335467146 2.471453558682674e-16 -8.111291715649765e-17 -2.334556094798661e-16 1 5.460909502374989e-15 6.036837696399289e-15 -6.055895201372187e-18 2.818647395312795e-23 8.468548341785016e-16 6.853091219969265 
1 -0.1322131193924678 0.04215394533365132 0.2000000152587891 1 0 0 0 1 0 0 0 1 1.216373751031231e-16 -9.924219729607169e-17 -0 0 0 8.8817841970011e-16 
2 0.07099997711181658 0.1600000141859063 0.2000000152587891 0.9217989919676378 -0.3876681808034375 4.064459388008638e-24 0.3876681808034375 0.9217989919676378 2.471453314629852e-16 -9.581038478893261e-17 -2.278183158364259e-16 1 1.484923295436147e-15 1.824929096727601e-15 -5.587444673535438e-18 1.196306889770705e-23 7.274317053575414e-16 5.886671627997054 
1 -0.1322131193924678 0.04215394533365132 0.2000000152587891 1 0 0 0 1 0 0 0 1 -3.675329588516669e-17 1.984437046789452e-16 -0 0 0 -8.881784197001213e-16 
2 0.07099997711181646 0.1600000141859063 0.2000000152587891 0.8995270519153759 -0.4368650625449839 1.778879923788934e-24 0.4368650625449839 0.8995270519153759 2.471453159248818e-16 -1.079691554993739e-16 -2.223138966514726e-16 1 3.816391647148976e-16 4.718447854656915e-16 -4.922754017119513e-18 4.371101596530137e-24 6.072907313553717e-16 4.914442574666912 
1 -0.1322131193924678 0.04215394533365132 0.2000000152587891 1 0 0 0 1 0 0 0 1 0 0 -0 0 0 0 
2 0.07099997711181641 0.1600000141859064 0.2000000152587891 0.8793155251113702 -0.4762396532189599 6.571038777168006e-25 0.4762396532189599 0.8793155251113702 2.4714530683637e-16 -1.177003958002479e-16 -2.173187049466944e-16 1 7.979727989493313e-17 1.387778780781446e-17 -4.104951107950524e-18 1.293628445176262e-24 4.865504597592014e-16 3.937363537162669 
1 -0.1322131193924678 0.04215394533365132 0.2000000152587891 1 0 0 0 1 0 0 0 1 -1.998982135384696e-17 -1.495990171976398e-17 -0 0 0 0 
2 0.07099997711181641 0.1600000141859064 0.2000000152587891 0.8623796199760426 -0.5062621761992262 1.881442873194395e-25 0.5062621761992262 0.8623796199760426 2.471453021279767e-16 -1.251203186549765e-16 -2.131330716327384e-16 1 -1.040834085586084e-17 -1.040834085586084e-17 -3.172168320173829e-18 2.781147610284143e-25 3.653300347282466e-16 2.956398779039478 
1 -0.1322131193924678 0.04215394533365132 0.2000000152587891 1 0 0 0 1 0 0 0 1 1.73594644090182e-17 2.284533767000398e-17 -0 0 0 0 
2 0.07099997711181641 0.1600000141859064 0.2000000152587891 0.8496413251533054 -0.5273609945679858 3.513719592132143e-26 0.5273609945679858 0.8496413251533054 2.47145300108196e-16 -1.303347912977156e-16 -2.09984860270809e-16 1 -4.336808689942018e-17 2.42861286636753e-17 -2.157843092927474e-18 3.46543390916163e-26 2.437490786511006e-16 1.972516398607551 
1 -0.1322131193924678 0.04215394533365132 0.2000000152587891 1 0 0 0 1 0 0 0 1 -2.71454630997025e-17 7.300975003473407e-19 -0 0 0 0 
2 0.07099997711181641 0.1600000141859064 0.2000000152587891 0.8417451086101542 -0.5398751449463847 2.740022072623676e-27 0.5398751449463847 0.8417451086101542 2.471452994874285e-16 -1.334276043858995e-16 -2.080333469580554e-16 1 -2.688821387764051e-17 0 -1.091499457962449e-18 1.351768627878602e-27 1.219275732159616e-16 0.9866873735315668 
1 -0.1322131193924678 0.04215394533365132 0.2000000152587891 1 0 0 0 1 0 0 0 1 4.954700572080904e-21 1.45024828315218e-21 -0 0 0 0 
2 0.07099997711190016 0.1600000141858461 0.2000000152587891 0.8390715291131038 -0.5440211108328405 3.709099743048249e-24 0.5440211108328405 0.8390715291131038 2.471460512550153e-16 -1.344526724539036e-16 -2.073732131229826e-16 1 -1.400187813458721e-17 -1.925941163819465e-17 1.28121963586258e-22 -2.140102547509315e-28 -1.426000729724546e-20 -0.0001153974115696585 
1 -0.1322131193924678 0.04215394533365132 0.2000000152587891 1 0 0 0 1 0 0 0 1 -3.687965163922973e-19 2.028629534937813e-17 -0 0 0 -1.110223024614862e-16 
2 0.0709999771118988 0.1600000141858439 0.2000000152587891 0.8417463544068977 -0.5398732025602839 -3.714304228218429e-24 0.5398732025602839 0.8417463544068977 2.471460519585645e-16 -1.334275274444985e-16 -2.080342902474327e-16 1 -1.224315787640151e-13 -1.632374790894175e-13 1.09175608497466e-18 1.832856948530761e-24 -1.219564503856818e-16 -0.9869180544800167 
1 -0.1322131193924678 0.04215394533365132 0.2000000152587891 1 0 0 0 1 0 0 0 1 4.644883072086545e-17 1.473896972849663e-18 -0 0 0 0 
2 0.07099997711181641 0.1600000141859064 0.2000000152587891 0.8496437577866555 -0.5273570752859691 -2.742117484403169e-27 0.5273570752859691 0.8496437577866555 2.471452994874862e-16 -1.303338223060658e-16 -2.099854609773023e-16 1 4.683753385137379e-17 6.938893903907228e-18 2.158087447209478e-18 2.704757524969968e-27 -2.437775416889376e-16 -1.972746738007702 
1 -0.1322131193924678 0.04215394533365132 0.2000000152587891 1 0 0 0 1 0 0 0 1 7.794741470621441e-18 -1.346396619271669e-17 -0 0 0 0 
2 0.07099997711181641 0.1600000141859064 0.2000000152587891 0.8623831200490358 -0.5062562140403714 -3.515358943700805e-26 0.5062562140403714 0.8623831200490358 2.471453001084626e-16 -1.251188439204658e-16 -2.131339350307881e-16 1 1.387778780781446e-17 -1.387778780781446e-17 3.172397167735591e-18 5.196803637227748e-26 -3.65358425097875e-16 -2.956628549582235 
1 -0.1322131193924678 0.04215394533365132 0.2000000152587891 1 0 0 0 1 0 0 0 1 -4.463462978041261e-17 -2.135527647219493e-17 -0 0 0 0 
2 0.07099997711181641 0.1600000141859064 0.2000000152587891 0.8793199100577921 -0.4762315568879874 -1.882069278056947e-25 0.4762315568879874 0.8793199100577921 2.471453021287052e-16 -1.176983918448112e-16 -2.173197849286489e-16 1 -4.163336342344337e-17 -3.469446951953614e-17 4.105157085742133e-18 3.705410819948585e-25 -4.865787455302527e-16 -3.937592512091195 
1 -0.1322131193924678 0.04215394533365132 0.2000000152587891 1 0 0 0 1 0 0 0 1 3.420043094441831e-17 1.622856979629375e-16 -0 0 0 -8.881784197001244e-16 
2 0.07099997711181641 0.1600000141859063 0.2000000152587891 0.8995320724596262 -0.4368547248416684 -6.572735937449879e-25 0.4368547248416684 0.8995320724596262 2.471453068379097e-16 -1.079665944233461e-16 -2.223151303457082e-16 1 -2.081668171172169e-17 -5.551115123125783e-17 4.922928704762506e-18 1.615141550740699e-24 -6.073188778260717e-16 -4.914670528009515 
1 -0.1322131193924678 0.04215394533365132 0.2000000152587891 1 0 0 0 1 0 0 0 1 2.524276750831699e-17 -7.706838271851143e-18 -0 0 0 0 
2 0.07099997711181644 0.1600000141859063 0.2000000152587891 0.9218043284552839 -0.3876554914367949 -1.779254688185697e-24 0.3876554914367949 0.9218043284552839 2.471453159276737e-16 -9.58072372621196e-17 -2.278196226693161e-16 1 -5.204170427930421e-16 -3.747002708109903e-16 5.587578443512044e-18 5.237145762053621e-24 -7.274596743929132e-16 -5.886898334790227 
1 -0.1322131193924678 0.04215394533365132 0.2000000152587891 1 0 0 0 1 0 0 0 1 -3.744022455056726e-17 -1.17428839445624e-16 -0 0 0 8.8817841970011e-16 
2 0.07099997711181649 0.1600000141859062 0.2000000152587891 0.9446137930586587 -0.3281840671990851 -4.065181318996431e-24 0.3281840671990851 0.9446137930586587 2.471453314675551e-16 -8.11091562302619e-17 -2.334568903284344e-16 1 -2.192690473634684e-15 -1.262878690511116e-15 6.05597719147343e-18 1.392998704400153e-23 -8.468825836443511e-16 -6.853316456479605 
1 -0.1322131193924678 0.04215394533365132 0.2000000152587891 1 0 0 0 1 0 0 0 1 2.745384200808836e-17 -3.473614486972383e-16 -0 0 0 1.776356839400156e-15 
2 0.0709999771118166 0.1600000141859058 0.2000000152587891 0.9661213035986869 -0.2580884087532293 -8.227176079460903e-24 0.2580884087532293 0.9661213035986869 2.471453558752186e-16 -6.378534368013567e-17 -2.387723955198664e-16 1 -8.298917109073045e-15 -4.225786387479502e-15 6.280332693154599e-18 3.21393446951509e-23 -9.654697677299898e-16 -7.812971150608604 
1 -0.1322131193924678 0.04215394533365132 0.2000000152587891 1 0 0 0 1 0 0 0 1 7.488044910112502e-17 2.348576788912182e-16 -0 0 0 -1.776356839399995e-15 
2 0.07099997711181674 0.1600000141859048 0.2000000152587891 0.9841737801751725 -0.177206011229053 -1.519878364240089e-23 0.177206011229053 0.9841737801751725 2.471453918807464e-16 -4.379563413058389e-17 -2.432340172734644e-16 1 -2.574329638349582e-14 -1.031813523511005e-14 6.209313207730142e-18 6.660802601367292e-23 -1.083104219417735e-15 -8.764915349426053 
1 -0.1322131193924678 0.04215394533365132 0.2000000152587891 1 0 0 0 1 0 0 0 1 -7.510008654428399e-17 6.369657279836787e-17 -0 0 0 0 
2 0.07099997711181674 0.1600000141859025 0.2000000152587891 0.9963237011327464 -0.08566844553945119 -2.614782755665939e-23 0.08566844553945119 0.9963237011327464 2.471454424852349e-16 -2.117253982816958e-17 -2.462368642150233e-16 1 -7.133182933216631e-14 -1.940808624922852e-14 5.790114481867103e-18 1.269242951740564e-22 -1.199669877991574e-15 -9.708209594544687 
1 -0.1322131193924678 0.04215394533365132 0.2000000152587891 1 0 0 0 1 0 0 0 1 1.613670530415847e-16 4.444068907263163e-16 -0 0 0 -1.776356839398897e-15 
2 0.07099997711181598 0.1600000141858979 0.2000000152587891 0.9998722353953882 0.01598477042154229 -4.24811240033903e-23 -0.01598477042154229 0.9998722353953882 2.471455109138611e-16 3.950606728369264e-18 -2.471139337863266e-16 1 -1.750682931955794e-13 -2.600697435184429e-14 4.971595405509827e-18 2.260404245367412e-22 -1.315051744031484e-15 -10.64192296407784 
1 -0.1322131193924678 0.04215394533365132 0.2000000152587891 1 0 0 0 1 0 0 0 1 0 0 -0 0 0 0 
2 0.07099997711181305 0.1600000141858894 0.2000000152587891 0.9919425498888984 0.1266885066606683 -6.584057267325348e-23 -0.1266885066606683 0.9919425498888984 2.471456005636662e-16 3.131057237323044e-17 -2.451542288757024e-16 1 -3.918809721170646e-13 -7.69870278638507e-15 3.708553448479115e-18 3.807275225257116e-22 -1.429135992945935e-15 -11.56513399135164 
1 -0.1322131193924678 0.04215394533365132 0.2000000152587891 1 0 0 0 1 0 0 0 1 -3.467997353701478e-16 2.575318664336266e-16 -0 0 0 -1.776356839394949e-15 
2 0.07099997711180504 0.1600000141858751 0.2000000152587891 0.9695890972452653 0.2447386003537477 -9.809035383970691e-23 -0.2447386003537477 0.9695890972452653 2.471457149463925e-16 6.048619146674404e-17 -2.396297666364125e-16 1 -8.028855358332976e-13 9.417813751078086e-14 1.967122720372015e-18 6.119333164322557e-22 -1.541810087132101e-15 -12.47693157428628 
1 -0.1322131193924678 0.04215394533365132 0.2000000152587891 1 0 0 0 1 0 0 0 1 0 0 -0 0 0 0 
2 0.07099997711178684 0.1600000141858535 0.2000000152587891 0.9299470717995778 0.3676934098558076 -1.412951789869424e-22 -0.3676934098558076 0.9299470717995778 2.471458576268125e-16 9.087403451957858e-17 -2.298325146541434e-16 1 -1.516231584730576e-12 4.072970259672015e-13 -2.688486820512351e-19 9.450115376108532e-22 -1.652962886644136e-15 -13.3764158745488 
1 -0.1322131193924678 0.04215394533365132 0.2000000152587891 1 0 0 0 1 0 0 0 1 -9.140063764991073e-17 1.594331632476729e-16 -0 0 0 0 
2 0.07099997711175032 0.1600000141858246 0.2000000152587891 0.870423509941322 0.4923036799998852 -1.976897704003714e-22 -0.4923036799998852 0.870423509941322 2.471460321570874e-16 1.21671073202128e-16 -2.151216194548414e-16 1 -2.648464780818927e-12 1.170969571306912e-12 -2.990749155407866e-18 1.409794865687551e-21 -1.762484758255813e-15 -14.26269920559006 
1 -0.1322131193924678 0.04215394533365132 0.2000000152587891 1 0 0 0 1 0 0 0 1 2.076975315769322e-16 -1.397026185537765e-16 -0 0 0 0 
