OndselSolver
Assembly
	Notes
		(Text string: '' runs: (Core.RunArray runs: #() values: #()))
	Name
		Assembly
	Position3D
		0	0	0	
	RotationMatrix
		1	0	0	
		0	1	0	
		0	0	1	
	Velocity3D
		0	0	0	
	Omega3D
		0	0	0	
	RefPoints
		RefPoint
			Position3D
				0	0	0	
			RotationMatrix
				1	0	0	
				0	1	0	
				0	0	1	
			Markers
				Marker
					Name
						Marker0
					Position3D
						0	0	0	
					RotationMatrix
						1	0	0	
						0	1	0	
						0	0	1	
	RefCurves
	RefSurfaces
	Parts
		Part
			Name
				structural_node_1
			Position3D
				0.015036506082326075	0.020006856008321663	0.021903827363685954	
			RotationMatrix
				1	0	0	
				0	1	0	
				0	0	1	
			Velocity3D
				0	0	0	
			Omega3D
				0	0	0	
			FeatureOrder
			PrincipalMassMarker
				Name
					MassMarker
				Position3D
					0	0	0	
				RotationMatrix
					1	0	0	
					0	1	0	
					0	0	1	
				Mass
					1
				MomentOfInertias
					1	2	3	
				Density
					10
			RefPoints
				RefPoint
					Position3D
						0	0	0	
					RotationMatrix
						1	0	0	
						0	1	0	
						0	0	1	
					Markers
						Marker
							Name
								Marker0
							Position3D
								-0.015036506082326075	-0.020006856008321663	-0.021903827363685954	
							RotationMatrix
								1	0	0	
								0	1	0	
								0	0	1	
				RefPoint
					Position3D
						0	0	0	
					RotationMatrix
						1	0	0	
						0	1	0	
						0	0	1	
					Markers
						Marker
							Name
								Marker1
							Position3D
								0.0050000000000000001	0.002	0.01	
							RotationMatrix
								2.2204460492503131e-16	-2.2204460492503131e-16	1	
								1	0	-2.2204460492503131e-16	
								4.9303806576313238e-32	1	2.2204460492503131e-16	
				RefPoint
					Position3D
						0	0	0	
					RotationMatrix
						1	0	0	
						0	1	0	
						0	0	1	
					Markers
						Marker
							Name
								Marker2
							Position3D
								0.0050000000000000001	0.002	-0.01	
							RotationMatrix
								2.2204460492503131e-16	-2.2204460492503131e-16	1	
								1	0	-2.2204460492503131e-16	
								4.9303806576313238e-32	1	2.2204460492503131e-16	
				RefPoint
					Position3D
						0	0	0	
					RotationMatrix
						1	0	0	
						0	1	0	
						0	0	1	
					Markers
						Marker
							Name
								Marker3
							Position3D
								0.038259440840897808	-0.012958739982866315	0.021999999999999995	
							RotationMatrix
								1	0	0	
								0	1	0	
								0	0	1	
				RefPoint
					Position3D
						0	0	0	
					RotationMatrix
						1	0	0	
						0	1	0	
						0	0	1	
					Markers
						Marker
							Name
								Marker4
							Position3D
								0.038259440840897808	-0.012958739982866306	-0.021999999999999999	
							RotationMatrix
								1	0	0	
								0	1	0	
								0	0	1	
			RefCurves
			RefSurfaces
		Part
			Name
				structural_node_2
			Position3D
				0.020036506082326072	0.020006856008332005	0.041903827363678814	
			RotationMatrix
				2.2204460492503131e-16	-2.2204460492503131e-16	1	
				1	0	-2.2204460492503131e-16	
				4.9303806576313238e-32	1	2.2204460492503131e-16	
			Velocity3D
				0	0	0	
			Omega3D
				0	0	0	
			FeatureOrder
			PrincipalMassMarker
				Name
					MassMarker
				Position3D
					-0.00012202234401962997	0.00010912443891739799	0.030385870620870174	
				RotationMatrix
					1	0	0	
					0	1	0	
					0	0	1	
				Mass
					0.0097198376573862239
				MomentOfInertias
					2.7489439610000006e-06	2.7441275680000002e-06	2.8767802600000003e-07	
				Density
					10
			RefPoints
				RefPoint
					Position3D
						0	0	0	
					RotationMatrix
						1	0	0	
						0	1	0	
						0	0	1	
					Markers
						Marker
							Name
								Marker0
							Position3D
								0	0	0	
							RotationMatrix
								1	0	0	
								0	1	0	
								0	0	1	
				RefPoint
					Position3D
						0	0	0	
					RotationMatrix
						1	0	0	
						0	1	0	
						0	0	1	
					Markers
						Marker
							Name
								Marker1
							Position3D
								0.0019304158516275792	0.0018133779158601797	0.0088057142721565639	
							RotationMatrix
								0.98281452881419928	-0.014873588261971885	-0.18399559321879772	
								-1.5612511283791264e-16	0.99674864361697746	-0.080573826070979057	
								0.18459577988600917	0.079189126904706558	0.9796190485226115	
				RefPoint
					Position3D
						0	0	0	
					RotationMatrix
						1	0	0	
						0	1	0	
						0	0	1	
					Markers
						Marker
							Name
								Marker2
							Position3D
								-0.0030374651652239457	-0.00036211538810186286	0.035255428582273873	
							RotationMatrix
								0.98281452881518672	-0.014873588262344233	-0.18399559321349285	
								-6.9388939039072284e-17	0.99674864361662874	-0.08057382607529058	
								0.18459577988075157	0.079189126909023536	0.9796190485232531	
			RefCurves
			RefSurfaces
		Part
			Name
				structural_node_3
			Position3D
				0.02003650608232603	0.022006856008322667	0.0039038273636841296	
			RotationMatrix
				2.2204460492503131e-16	-2.2204460492503131e-16	1	
				1	0	-2.2204460492503131e-16	
				4.9303806576313238e-32	1	2.2204460492503131e-16	
			Velocity3D
				0	0	0	
			Omega3D
				0	0	0	
			FeatureOrder
			PrincipalMassMarker
				Name
					MassMarker
				Position3D
					-0.0001124046522727582	-0.00011900800636395736	0.030385871132171338	
				RotationMatrix
					1	0	0	
					0	1	0	
					0	0	1	
				Mass
					0.0097198373622408452
				MomentOfInertias
					2.7489438030000002e-06	2.7441274889999998e-06	2.8767802600000003e-07	
				Density
					10
			RefPoints
				RefPoint
					Position3D
						0	0	0	
					RotationMatrix
						1	0	0	
						0	1	0	
						0	0	1	
					Markers
						Marker
							Name
								Marker0
							Position3D
								0	0	0	
							RotationMatrix
								1	0	0	
								0	1	0	
								0	0	1	
				RefPoint
					Position3D
						0	0	0	
					RotationMatrix
						1	0	0	
						0	1	0	
						0	0	1	
					Markers
						Marker
							Name
								Marker1
							Position3D
								0.0020761975451982907	-0.0016444599658419908	0.0088057142721565569	
							RotationMatrix
								0.98168234225442974	0.012346211376559767	-0.19012456435322037	
								-9.1940344226770776e-17	0.99789820633132154	0.064801001541111888	
								0.19052500861004185	-0.063613998973311617	0.979619048522826	
				RefPoint
					Position3D
						0	0	0	
					RotationMatrix
						1	0	0	
						0	1	0	
						0	0	1	
					Markers
						Marker
							Name
								Marker2
							Position3D
								-0.0030571656923347205	0.0001051670757542551	0.035255428582274574	
							RotationMatrix
								0.98168234225450213	0.01234621137630087	-0.19012456435286373	
								-1.214306433183765e-16	0.99789820633140147	0.06480100153987961	
								0.1905250086096692	-0.063613998972106581	0.97961904852297677	
			RefCurves
			RefSurfaces
		Part
			Name
				structural_node_4
			Position3D
				0.029205905393734979	0.020259710981056347	0.04653684954817832	
			RotationMatrix
				0.1845957798836774	0.079189126906622873	0.97961904852289594	
				0.98281452881463727	-0.014873588262137357	-0.18399559321644493	
				-1.0408340855860843e-16	0.9967486436168228	-0.080573826072892984	
			Velocity3D
				0	0	0	
			Omega3D
				0	0	0	
			FeatureOrder
			PrincipalMassMarker
				Name
					MassMarker
				Position3D
					7.105427357601002e-18	1.4210854715202004e-17	0.0015000011045973665	
				RotationMatrix
					1	0	0	
					0	1	0	
					0	0	1	
				Mass
					0.00020169322932362446
				MomentOfInertias
					4.1972700000000003e-10	4.1388100000000008e-10	3.5068100000000003e-10	
				Density
					10
			RefPoints
				RefPoint
					Position3D
						0	0	0	
					RotationMatrix
						1	0	0	
						0	1	0	
						0	0	1	
					Markers
						Marker
							Name
								Marker0
							Position3D
								0	0	0	
							RotationMatrix
								1	0	0	
								0	1	0	
								0	0	1	
				RefPoint
					Position3D
						0	0	0	
					RotationMatrix
						1	0	0	
						0	1	0	
						0	0	1	
					Markers
						Marker
							Name
								Marker1
							Position3D
								0.00061567486340294764	0.00033308326672734266	0.0015	
							RotationMatrix
								0.043549498266468749	-0.47383616552500613	0.8795355191470654	
								-0.080497383311729495	0.87584410754497988	0.47583323818193091	
								-0.99580299883094514	-0.091522606602394529	4.4408920985006262e-16	
			RefCurves
			RefSurfaces
		Part
			Name
				structural_node_5
			Position3D
				0.030451676481909759	0.024261418527537274	0.055928344834759586	
			RotationMatrix
				-0.97384305013769912	-0.10776811512755419	0.20003936377712603	
				0.22722172805104521	-0.46188025609870959	0.85734293916010496	
				1.3877787807814457e-17	0.88037075280136667	0.47428613474563563	
			Velocity3D
				0	0	0	
			Omega3D
				0	0	0	
			FeatureOrder
			PrincipalMassMarker
				Name
					MassMarker
				Position3D
					-0.011708133331376384	0.0062033952047391237	-0.00069946373914464034	
				RotationMatrix
					1	0	0	
					0	1	0	
					0	0	1	
				Mass
					0.00094063969244024984
				MomentOfInertias
					8.2552787999999997e-08	8.158085100000001e-08	2.8500040000000003e-09	
				Density
					10
			RefPoints
				RefPoint
					Position3D
						0	0	0	
					RotationMatrix
						1	0	0	
						0	1	0	
						0	0	1	
					Markers
						Marker
							Name
								Marker0
							Position3D
								0	0	0	
							RotationMatrix
								1	0	0	
								0	1	0	
								0	0	1	
				RefPoint
					Position3D
						0	0	0	
					RotationMatrix
						1	0	0	
						0	1	0	
						0	0	1	
					Markers
						Marker
							Name
								Marker1
							Position3D
								-0.023696513945399768	0.011877857349965283	-0.00033626168530405208	
							RotationMatrix
								0.89750800582319168	-0.18492741744034608	-0.4003513828652549	
								-0.20915931400534965	0.62072494073426498	-0.75561427283717642	
								0.38824188445876046	0.76190707978682515	0.51842631195052524	
			RefCurves
			RefSurfaces
		Part
			Name
				structural_node_6
			Position3D
				0.027850747478305522	0.025022140099583357	-0.0028606592025389186	
			RotationMatrix
				0.19052500860986979	-0.063613998972751273	0.97961904852289594	
				0.98168234225446338	0.012346211376439655	-0.19012456435305569	
				-3.0010716134398763e-16	0.99789820633135895	0.064801001540538916	
			Velocity3D
				0	0	0	
			Omega3D
				0	0	0	
			FeatureOrder
			PrincipalMassMarker
				Name
					MassMarker
				Position3D
					7.105427357601002e-18	0	0.0015000011045973665	
				RotationMatrix
					1	0	0	
					0	1	0	
					0	0	1	
				Mass
					0.00020169322932362456
				MomentOfInertias
					4.1972700000000003e-10	4.1388100000000008e-10	3.5068100000000003e-10	
				Density
					10
			RefPoints
				RefPoint
					Position3D
						0	0	0	
					RotationMatrix
						1	0	0	
						0	1	0	
						0	0	1	
					Markers
						Marker
							Name
								Marker0
							Position3D
								0	0	0	
							RotationMatrix
								1	0	0	
								0	1	0	
								0	0	1	
				RefPoint
					Position3D
						0	0	0	
					RotationMatrix
						1	0	0	
						0	1	0	
						0	0	1	
					Markers
						Marker
							Name
								Marker1
							Position3D
								0.00061075629328474085	-0.00034201864015442586	0.0015000000000000035	
							RotationMatrix
								0.036264173786728943	0.48725041955745857	0.8725089904067731	
								0.064758377938165079	0.87010245995943736	-0.48859805736346662	
								-0.99724182733496691	0.07422087181929557	-1.9984014443252814e-15	
			RefCurves
			RefSurfaces
		Part
			Name
				structural_node_7
			Position3D
				0.027449769256636336	0.02439321512528643	-0.0069847347020851758	
			RotationMatrix
				-0.97412739740580268	0.11019087321945861	0.19731645922864818	
				0.22599958766200787	0.47495639110490545	0.85049433444627176	
				0	0.8730832709471289	-0.48757112505998823	
			Velocity3D
				0	0	0	
			Omega3D
				0	0	0	
			FeatureOrder
			PrincipalMassMarker
				Name
					MassMarker
				Position3D
					-0.011530346251126349	-0.0065279104872184458	-0.00070000000000000639	
				RotationMatrix
					1	0	0	
					0	1	0	
					0	0	1	
				Mass
					0.00094063972981477963
				MomentOfInertias
					8.2577515000000001e-08	8.1556124000000006e-08	2.8500040000000003e-09	
				Density
					10
			RefPoints
				RefPoint
					Position3D
						0	0	0	
					RotationMatrix
						1	0	0	
						0	1	0	
						0	0	1	
					Markers
						Marker
							Name
								Marker0
							Position3D
								0	0	0	
							RotationMatrix
								1	0	0	
								0	1	0	
								0	0	1	
				RefPoint
					Position3D
						0	0	0	
					RotationMatrix
						1	0	0	
						0	1	0	
						0	0	1	
					Markers
						Marker
							Name
								Marker1
							Position3D
								-0.02334987921568972	-0.012545026142969321	-0.00031860822646855171	
							RotationMatrix
								0.8955513107219546	0.16527707845656872	-0.41312387633862363	
								0.21694879763694955	0.6484296848822757	0.7297069020965572	
								0.38848560985971037	-0.74311670086220905	0.54484539075924565	
			RefCurves
			RefSurfaces
		Part
			Name
				structural_node_8
			Position3D
				0.056291469722772186	0.019342181351613322	-0.0019497619684338263	
			RotationMatrix
				0.19052500860986979	-0.063613998972751273	0.97961904852289594	
				0.98168234225446338	0.012346211376439655	-0.19012456435305569	
				-3.0010716134398763e-16	0.99789820633135895	0.064801001540538916	
			Velocity3D
				0	0	0	
			Omega3D
				0	0	0	
			FeatureOrder
			PrincipalMassMarker
				Name
					MassMarker
				Position3D
					7.105427357601002e-18	1.7763568394002505e-18	0.0015000011045973381	
				RotationMatrix
					1	0	0	
					0	1	0	
					0	0	1	
				Mass
					0.00020169322932362454
				MomentOfInertias
					4.1972700000000003e-10	4.1388100000000008e-10	3.5068100000000003e-10	
				Density
					10
			RefPoints
				RefPoint
					Position3D
						0	0	0	
					RotationMatrix
						1	0	0	
						0	1	0	
						0	0	1	
					Markers
						Marker
							Name
								Marker0
							Position3D
								0	0	0	
							RotationMatrix
								1	0	0	
								0	1	0	
								0	0	1	
				RefPoint
					Position3D
						0	0	0	
					RotationMatrix
						1	0	0	
						0	1	0	
						0	0	1	
					Markers
						Marker
							Name
								Marker1
							Position3D
								0.0006994078313455461	2.8786897236597219e-05	0.0014999999999999929	
							RotationMatrix
								-0.0026671321847417913	-0.041037558491591242	0.99915404477936165	
								0.064800771056118228	0.99705048280891562	0.041124138909424686	
								-0.99789465700365498	0.064855636019997026	3.6637359812630174e-15	
			RefCurves
			RefSurfaces
		Part
			Name
				structural_node_9
			Position3D
				0.055639139526521907	0.019678705691307384	0.046554250775863101	
			RotationMatrix
				0.18459577988367681	0.079189126906622817	0.97961904852289605	
				0.98281452881463727	-0.014873588262137631	-0.18399559321644432	
				2.2377932840100812e-16	0.99674864361682269	-0.080573826072892984	
			Velocity3D
				0	0	0	
			Omega3D
				0	0	0	
			FeatureOrder
			PrincipalMassMarker
				Name
					MassMarker
				Position3D
					-1.4210854715202004e-17	-2.1316282072803006e-17	0.0015000011045973097	
				RotationMatrix
					1	0	0	
					0	1	0	
					0	0	1	
				Mass
					0.00020169322932362475
				MomentOfInertias
					4.1972700000000003e-10	4.1388100000000008e-10	3.5068100000000003e-10	
				Density
					10
			RefPoints
				RefPoint
					Position3D
						0	0	0	
					RotationMatrix
						1	0	0	
						0	1	0	
						0	0	1	
					Markers
						Marker
							Name
								Marker0
							Position3D
								0	0	0	
							RotationMatrix
								1	0	0	
								0	1	0	
								0	0	1	
				RefPoint
					Position3D
						0	0	0	
					RotationMatrix
						1	0	0	
						0	1	0	
						0	0	1	
					Markers
						Marker
							Name
								Marker1
							Position3D
								0.00069909804903395668	-3.5523482893978553e-05	0.0015	
							RotationMatrix
								-0.0040941881426999321	0.050582409469853956	0.99871149861993491	
								-0.08057315076565659	0.99545598840499783	-0.050747832705681097	
								-0.99674028964377026	-0.08067710332463017	-2.6645352591003749e-15	
			RefCurves
			RefSurfaces
		Part
			Name
				structural_node_10
			Position3D
				0.056887600713366279	0.019381009534592798	0.051385443253078825	
			RotationMatrix
				-0.98356206147970571	0.0091337627237871883	0.18033925140217719	
				0.18057040515486505	0.049751355910011195	0.98230297330677141	
				6.9388939039072284e-18	0.99871986911426869	-0.050582833415883779	
			Velocity3D
				0	0	0	
			Omega3D
				0	0	0	
			FeatureOrder
			PrincipalMassMarker
				Name
					MassMarker
				Position3D
					0.0059584239933412634	0.0070752868150750882	-0.00069999999999835439	
				RotationMatrix
					1	0	0	
					0	1	0	
					0	0	1	
				Mass
					0.00078490312799469936
				MomentOfInertias
					3.5329590000000008e-08	3.3955384999999996e-08	2.8082920000000003e-09	
				Density
					10
			RefPoints
				RefPoint
					Position3D
						0	0	0	
					RotationMatrix
						1	0	0	
						0	1	0	
						0	0	1	
					Markers
						Marker
							Name
								Marker0
							Position3D
								0	0	0	
							RotationMatrix
								1	0	0	
								0	1	0	
								0	0	1	
				RefPoint
					Position3D
						0	0	0	
					RotationMatrix
						1	0	0	
						0	1	0	
						0	0	1	
					Markers
						Marker
							Name
								Marker1
							Position3D
								0.011552657092899963	0.01445727550901202	-0.00018687335832996509	
							RotationMatrix
								0.82316596135672826	0.22740737031976846	-0.52027270540352322	
								0.028720975577455371	0.89844509585237242	0.43814554123110799	
								0.56707398602433945	-0.37560923532718027	0.73303805952446854	
			RefCurves
			RefSurfaces
		Part
			Name
				structural_node_11
			Position3D
				0.056892786670821753	0.019351455196641675	-0.0058650776651265517	
			RotationMatrix
				-0.98218700598586139	-0.007711233124869047	0.18774776205383525	
				0.18790605437965435	-0.040306700070831737	0.98135961026367413	
				-8.6736173798840355e-19	0.99915759858647635	0.041037704454636163	
			Velocity3D
				0	0	0	
			Omega3D
				0	0	0	
			FeatureOrder
			PrincipalMassMarker
				Name
					MassMarker
				Position3D
					0.0059896620528081075	-0.0070488615033316151	-0.00070000000000059262	
				RotationMatrix
					1	0	0	
					0	1	0	
					0	0	1	
				Mass
					0.00078490312799469892
				MomentOfInertias
					3.5335199000000006e-08	3.3949775999999998e-08	2.8082920000000003e-09	
				Density
					10
			RefPoints
				RefPoint
					Position3D
						0	0	0	
					RotationMatrix
						1	0	0	
						0	1	0	
						0	0	1	
					Markers
						Marker
							Name
								Marker0
							Position3D
								0	0	0	
							RotationMatrix
								1	0	0	
								0	1	0	
								0	0	1	
				RefPoint
					Position3D
						0	0	0	
					RotationMatrix
						1	0	0	
						0	1	0	
						0	0	1	
					Markers
						Marker
							Name
								Marker1
							Position3D
								0.011619956269554109	-0.014403090318766616	-0.00018269393672451173	
							RotationMatrix
								0.82738073760377717	-0.22777049303894434	-0.51338262294610815	
								-0.023048475713432298	0.89953559549387196	-0.43623901729071912	
								0.56116831949916501	0.37276844681421362	0.7390086618235282	
			RefCurves
			RefSurfaces
		Part
			Name
				structural_node_12
			Position3D
				0.055663251945274862	0.010800131960633601	0.065004666298710864	
			RotationMatrix
				-0.75399048889646869	0.25844777710282463	0.60390652353180707	
				0.65688533447905839	0.29665324461308479	0.69317999812953712	
				1.3877787807814457e-16	0.9193484643872194	-0.3934442794461015	
			Velocity3D
				0	0	0	
			Omega3D
				0	0	0	
			FeatureOrder
			PrincipalMassMarker
				Name
					MassMarker
				Position3D
					-4.0001580714488226e-11	-1.1038727905088309e-09	-0.00070000000000000639	
				RotationMatrix
					1	0	0	
					0	1	0	
					0	0	1	
				Mass
					0.00020169322932362475
				MomentOfInertias
					4.1972700000000003e-10	4.1388100000000008e-10	3.5068100000000003e-10	
				Density
					10
			RefPoints
				RefPoint
					Position3D
						0	0	0	
					RotationMatrix
						1	0	0	
						0	1	0	
						0	0	1	
					Markers
						Marker
							Name
								Marker0
							Position3D
								0	0	0	
							RotationMatrix
								1	0	0	
								0	1	0	
								0	0	1	
				RefPoint
					Position3D
						0	0	0	
					RotationMatrix
						1	0	0	
						0	1	0	
						0	0	1	
					Markers
						Marker
							Name
								Marker1
							Position3D
								-5.4320585586232542e-05	-0.0014990161019754139	-0.00070000000000001355	
							RotationMatrix
								0.99578529272053196	-0.084262785472086613	0.036213723724154205	
								-0.036084762630269746	0.0030534721034352493	0.9993440679836102	
								-0.084318092408458514	-0.99643888889013077	7.6605388699135786e-15	
			RefCurves
			RefSurfaces
		Part
			Name
				structural_node_13
			Position3D
				0.053630942640462996	0.011865185930376127	-0.017953369310204557	
			RotationMatrix
				-0.77182068510260982	-0.23617905329693822	0.59034929053188523	
				0.63584025513310982	-0.28668816931757118	0.7166010490681699	
				-2.7755575615628914e-17	0.92845535614648811	0.37144400875892225	
			Velocity3D
				0	0	0	
			Omega3D
				0	0	0	
			FeatureOrder
			PrincipalMassMarker
				Name
					MassMarker
				Position3D
					-3.9609204804946785e-11	-1.1038869658364093e-09	-0.00070000000000000997	
				RotationMatrix
					1	0	0	
					0	1	0	
					0	0	1	
				Mass
					0.00020169322932362462
				MomentOfInertias
					4.1972700000000003e-10	4.1388100000000008e-10	3.5068100000000003e-10	
				Density
					10
			RefPoints
				RefPoint
					Position3D
						0	0	0	
					RotationMatrix
						1	0	0	
						0	1	0	
						0	0	1	
					Markers
						Marker
							Name
								Marker0
							Position3D
								0	0	0	
							RotationMatrix
								1	0	0	
								0	1	0	
								0	0	1	
				RefPoint
					Position3D
						0	0	0	
					RotationMatrix
						1	0	0	
						0	1	0	
						0	0	1	
					Markers
						Marker
							Name
								Marker1
							Position3D
								5.3787774083822627e-05	0.001499035314913936	-0.00070000000000000281	
							RotationMatrix
								0.99536659645210857	-0.089216060738051647	-0.035858516055879454	
								-0.035715338449928413	0.0032012143222268285	-0.99935687660928729	
								0.08927347459773563	0.99600715194884404	-2.2204460492503126e-16	
			RefCurves
			RefSurfaces
		Part
			Name
				structural_node_14
			Position3D
				0.042515789893180646	0.024552230242874045	0.064214206664487947	
			RotationMatrix
				-0.70710678118654757	-0.28320016594017616	0.64791794697435035	
				0.70710678118654779	-0.28320016594017605	0.64791794697435012	
				0	0.91629434791605813	0.40050551553890801	
			Velocity3D
				0	0	0	
			Omega3D
				0	0	0	
			FeatureOrder
			PrincipalMassMarker
				Name
					MassMarker
				Position3D
					-1.1045973558054812e-09	-7.105427357601002e-18	-0.00070000000000003122	
				RotationMatrix
					1	0	0	
					0	1	0	
					0	0	1	
				Mass
					0.00020169322932362451
				MomentOfInertias
					4.1972700000000003e-10	4.1388100000000008e-10	3.5068100000000003e-10	
				Density
					10
			RefPoints
				RefPoint
					Position3D
						0	0	0	
					RotationMatrix
						1	0	0	
						0	1	0	
						0	0	1	
					Markers
						Marker
							Name
								Marker0
							Position3D
								0	0	0	
							RotationMatrix
								1	0	0	
								0	1	0	
								0	0	1	
				RefPoint
					Position3D
						0	0	0	
					RotationMatrix
						1	0	0	
						0	1	0	
						0	0	1	
					Markers
						Marker
							Name
								Marker1
							Position3D
								0.0014999999999999963	0	-0.00070000000000000281	
							RotationMatrix
								1.1490034576926194e-15	-1.3389241789831056e-16	-1	
								-0.4005055155389079	0.91629434791605779	-5.8286708792820709e-16	
								0.91629434791605779	0.4005055155389079	9.9920072216264069e-16	
			RefCurves
			RefSurfaces
		Part
			Name
				structural_node_15
			Position3D
				0.044705347295017211	0.021084933395218192	-0.024703469741539631	
			RotationMatrix
				-0.70710678118655168	0.28676313158252503	0.64634890451286287	
				0.70710678118654369	0.28676313158252836	0.64634890451287008	
				-5.5511151231257827e-17	0.91407538678708855	-0.4055443098725896	
			Velocity3D
				0	0	0	
			Omega3D
				0	0	0	
			FeatureOrder
			PrincipalMassMarker
				Name
					MassMarker
				Position3D
					-1.1045973771217632e-09	7.105427357601002e-18	-0.00070000000000003122	
				RotationMatrix
					1	0	0	
					0	1	0	
					0	0	1	
				Mass
					0.00020169322932362462
				MomentOfInertias
					4.1972700000000003e-10	4.1388100000000008e-10	3.5068100000000003e-10	
				Density
					10
			RefPoints
				RefPoint
					Position3D
						0	0	0	
					RotationMatrix
						1	0	0	
						0	1	0	
						0	0	1	
					Markers
						Marker
							Name
								Marker0
							Position3D
								0	0	0	
							RotationMatrix
								1	0	0	
								0	1	0	
								0	0	1	
				RefPoint
					Position3D
						0	0	0	
					RotationMatrix
						1	0	0	
						0	1	0	
						0	0	1	
					Markers
						Marker
							Name
								Marker1
							Position3D
								0.0015000000000000018	3.552713678800501e-18	-0.00069999999999999576	
							RotationMatrix
								-4.3400022076025735e-15	7.3268669676954506e-17	-1	
								0.4055443098725896	0.91407538678708833	-1.6930901125533633e-15	
								0.91407538678708833	-0.4055443098725896	-3.9968028886505628e-15	
			RefCurves
			RefSurfaces
		Part
			Name
				structural_node_16
			Position3D
				0.054526611833130866	0.017471169090787612	0.05863255536975865	
			RotationMatrix
				0.70710678118654446	3.6952964296801286e-16	0.70710678118655068	
				0.70710678118655068	-2.5850734050549686e-16	-0.70710678118654446	
				-7.8504622934187045e-17	1	-4.4408920985006271e-16	
			Velocity3D
				0	0	0	
			Omega3D
				0	0	0	
			FeatureOrder
			PrincipalMassMarker
				Name
					MassMarker
				Position3D
					0.00030906192727327662	0.00061398807828844321	0.014135424682208225	
				RotationMatrix
					1	0	0	
					0	1	0	
					0	0	1	
				Mass
					0.0016114420499124108
				MomentOfInertias
					6.5117883000000013e-08	5.8589955000000006e-08	1.3370355000000002e-08	
				Density
					10
			RefPoints
				RefPoint
					Position3D
						0	0	0	
					RotationMatrix
						1	0	0	
						0	1	0	
						0	0	1	
					Markers
						Marker
							Name
								Marker0
							Position3D
								0	0	0	
							RotationMatrix
								1	0	0	
								0	1	0	
								0	0	1	
				RefPoint
					Position3D
						0	0	0	
					RotationMatrix
						1	0	0	
						0	1	0	
						0	0	1	
					Markers
						Marker
							Name
								Marker1
							Position3D
								0.00021259038801903075	0.005891650863571172	0.013649999999999999	
							RotationMatrix
								-7.7609831747542891e-15	-0.90703620390274986	-0.42105263900097961	
								4.2027273145974522e-16	0.42105263900097961	-0.90703620390274986	
								1	-7.2164496600635175e-15	-2.886579864025407e-15	
				RefPoint
					Position3D
						0	0	0	
					RotationMatrix
						1	0	0	
						0	1	0	
						0	0	1	
					Markers
						Marker
							Name
								Marker2
							Position3D
								-0.0045076830088100336	-0.0016494829165788331	0.020449999999999989	
							RotationMatrix
								1	0	0	
								0	1	0	
								0	0	1	
			RefCurves
			RefSurfaces
		Part
			Name
				structural_node_17
			Position3D
				0.041659682395798918	0.020160588839559526	-0.027721349641097653	
			RotationMatrix
				0.70710678118654657	-8.3266726846886494e-17	0.70710678118654857	
				0.70710678118654857	-8.3266726846886741e-17	-0.70710678118654657	
				1.1775693440128295e-16	1	0	
			Velocity3D
				0	0	0	
			Omega3D
				0	0	0	
			FeatureOrder
			PrincipalMassMarker
				Name
					MassMarker
				Position3D
					0.0002764559346451634	-0.00062934311173481919	0.01413542468170668	
				RotationMatrix
					1	0	0	
					0	1	0	
					0	0	1	
				Mass
					0.0016114420497206471
				MomentOfInertias
					6.5117883000000013e-08	5.8589955000000006e-08	1.3370355000000002e-08	
				Density
					10
			RefPoints
				RefPoint
					Position3D
						0	0	0	
					RotationMatrix
						1	0	0	
						0	1	0	
						0	0	1	
					Markers
						Marker
							Name
								Marker0
							Position3D
								0	0	0	
							RotationMatrix
								1	0	0	
								0	1	0	
								0	0	1	
				RefPoint
					Position3D
						0	0	0	
					RotationMatrix
						1	0	0	
						0	1	0	
						0	0	1	
					Markers
						Marker
							Name
								Marker1
							Position3D
								-9.6503057966415895e-05	-0.0058946952195257831	0.013650000000000001	
							RotationMatrix
								-6.1609070171457721e-17	0.92785824478971846	-0.37293307385607888	
								-1.4441684721930827e-16	0.37293307385607893	0.92785824478971823	
								1.0000000000000002	1.110223024625157e-16	1.1102230246251565e-16	
				RefPoint
					Position3D
						0	0	0	
					RotationMatrix
						1	0	0	
						0	1	0	
						0	0	1	
					Markers
						Marker
							Name
								Marker2
							Position3D
								-0.0044150321391505333	0.0018834784868077712	0.020450000000000003	
							RotationMatrix
								1	0	0	
								0	1	0	
								0	0	1	
			RefCurves
			RefSurfaces
		Part
			Name
				structural_node_18
			Position3D
				0.09251606523223796	0.043837862895425961	0.17087647695874514	
			RotationMatrix
				1	0	0	
				0	1	0	
				0	0	1	
			Velocity3D
				0	0	0	
			Omega3D
				0	0	0	
			FeatureOrder
			PrincipalMassMarker
				Name
					MassMarker
				Position3D
					-0.0089807522882286717	-0.015243524654396726	-0.055663148237151919	
				RotationMatrix
					1	0	0	
					0	1	0	
					0	0	1	
				Mass
					0.012460076105182932
				MomentOfInertias
					1.0698233404000002e-05	9.6517573760000009e-06	1.0517916220000001e-06	
				Density
					10
			RefPoints
				RefPoint
					Position3D
						0	0	0	
					RotationMatrix
						1	0	0	
						0	1	0	
						0	0	1	
					Markers
						Marker
							Name
								Marker0
							Position3D
								-0.037591172638640744	-0.031995142111220468	-0.1025095196111728	
							RotationMatrix
								-0.7071067811865509	-0.64137145056133549	0.29772917627408235	
								0.70710678118654413	-0.64137145056134159	0.29772917627408518	
								0	0.42105263900097917	0.90703620390274997	
				RefPoint
					Position3D
						0	0	0	
					RotationMatrix
						1	0	0	
						0	1	0	
						0	0	1	
					Markers
						Marker
							Name
								Marker1
							Position3D
								-0.033574969171006698	-0.031699875516823059	-0.093340812194514219	
							RotationMatrix
								0.70710678118654957	-0.64137145056133515	-0.29772917627408635	
								-0.70710678118654557	-0.64137145056133882	-0.29772917627408807	
								0	0.42105263900098411	-0.90703620390274775	
			RefCurves
			RefSurfaces
		Part
			Name
				structural_node_19
			Position3D
				0.078002327035395738	0.042276086397712673	-0.13105641485705011	
			RotationMatrix
				1	0	0	
				0	1	0	
				0	0	1	
			Velocity3D
				0	0	0	
			Omega3D
				0	0	0	
			FeatureOrder
			PrincipalMassMarker
				Name
					MassMarker
				Position3D
					-0.0089671810296269427	-0.012510027775500298	0.055253433728189805	
				RotationMatrix
					1	0	0	
					0	1	0	
					0	0	1	
				Mass
					0.012460083083106369
				MomentOfInertias
					1.0698239803000001e-05	9.6517640120000017e-06	1.051791306e-06	
				Density
					10
			RefPoints
				RefPoint
					Position3D
						0	0	0	
					RotationMatrix
						1	0	0	
						0	1	0	
						0	0	1	
					Markers
						Marker
							Name
								Marker0
							Position3D
								-0.035435984192918692	-0.029580665477487358	0.10322998305248207	
							RotationMatrix
								-0.70710678118654735	0.65609485687065705	0.2637035054523777	
								0.70710678118654768	0.65609485687065683	0.26370350545237758	
								2.7755575615628914e-17	0.37293307385607988	-0.92785824478971768	
				RefPoint
					Position3D
						0	0	0	
					RotationMatrix
						1	0	0	
						0	1	0	
						0	0	1	
					Markers
						Marker
							Name
								Marker1
							Position3D
								-0.031348709671145843	-0.029425577716049985	0.09408928268995996	
							RotationMatrix
								0.70710678118654524	0.65609485687065694	-0.26370350545238458	
								-0.70710678118655002	0.6560948568706525	-0.2637035054523828	
								0	0.37293307385608848	0.92785824478971446	
			RefCurves
			RefSurfaces
	KinematicIJs
	ConstraintSets
		Joints
			FixedJoint
				Name
					joint_1
				MarkerI
					/Assembly/Marker0
				MarkerJ
					/Assembly/structural_node_1/Marker0
			RevoluteJoint
				Name
					joint_2
				MarkerI
					/Assembly/structural_node_1/Marker1
				MarkerJ
					/Assembly/structural_node_2/Marker0
			RevoluteJoint
				Name
					joint_4
				MarkerI
					/Assembly/structural_node_1/Marker2
				MarkerJ
					/Assembly/structural_node_3/Marker0
			RevoluteJoint
				Name
					joint_6
				MarkerI
					/Assembly/structural_node_2/Marker1
				MarkerJ
					/Assembly/structural_node_4/Marker0
			RevoluteJoint
				Name
					joint_8
				MarkerI
					/Assembly/structural_node_4/Marker1
				MarkerJ
					/Assembly/structural_node_5/Marker0
			RevoluteJoint
				Name
					joint_10
				MarkerI
					/Assembly/structural_node_3/Marker1
				MarkerJ
					/Assembly/structural_node_6/Marker0
			RevoluteJoint
				Name
					joint_12
				MarkerI
					/Assembly/structural_node_6/Marker1
				MarkerJ
					/Assembly/structural_node_7/Marker0
			RevoluteJoint
				Name
					joint_14
				MarkerI
					/Assembly/structural_node_3/Marker2
				MarkerJ
					/Assembly/structural_node_8/Marker0
			RevoluteJoint
				Name
					joint_16
				MarkerI
					/Assembly/structural_node_2/Marker2
				MarkerJ
					/Assembly/structural_node_9/Marker0
			RevoluteJoint
				Name
					joint_18
				MarkerI
					/Assembly/structural_node_9/Marker1
				MarkerJ
					/Assembly/structural_node_10/Marker0
			RevoluteJoint
				Name
					joint_20
				MarkerI
					/Assembly/structural_node_8/Marker1
				MarkerJ
					/Assembly/structural_node_11/Marker0
			RevoluteJoint
				Name
					joint_22
				MarkerI
					/Assembly/structural_node_5/Marker1
				MarkerJ
					/Assembly/structural_node_12/Marker0
			RevoluteJoint
				Name
					joint_24
				MarkerI
					/Assembly/structural_node_7/Marker1
				MarkerJ
					/Assembly/structural_node_13/Marker0
			RevoluteJoint
				Name
					joint_26
				MarkerI
					/Assembly/structural_node_10/Marker1
				MarkerJ
					/Assembly/structural_node_14/Marker0
			RevoluteJoint
				Name
					joint_28
				MarkerI
					/Assembly/structural_node_11/Marker1
				MarkerJ
					/Assembly/structural_node_15/Marker0
			RevoluteJoint
				Name
					joint_30
				MarkerI
					/Assembly/structural_node_14/Marker1
				MarkerJ
					/Assembly/structural_node_16/Marker0
			RevoluteJoint
				Name
					joint_32
				MarkerI
					/Assembly/structural_node_15/Marker1
				MarkerJ
					/Assembly/structural_node_17/Marker0
			RevoluteJoint
				Name
					joint_34
				MarkerI
					/Assembly/structural_node_12/Marker1
				MarkerJ
					/Assembly/structural_node_18/Marker0
			RevoluteJoint
				Name
					joint_36
				MarkerI
					/Assembly/structural_node_13/Marker1
				MarkerJ
					/Assembly/structural_node_19/Marker0
			RevoluteJoint
				Name
					joint_38
				MarkerI
					/Assembly/structural_node_17/Marker1
				MarkerJ
					/Assembly/structural_node_19/Marker1
			RevoluteJoint
				Name
					joint_40
				MarkerI
					/Assembly/structural_node_16/Marker1
				MarkerJ
					/Assembly/structural_node_18/Marker1
			SphericalJoint
				Name
					joint_42
				MarkerI
					/Assembly/structural_node_1/Marker3
				MarkerJ
					/Assembly/structural_node_16/Marker2
			SphericalJoint
				Name
					joint_43
				MarkerI
					/Assembly/structural_node_1/Marker4
				MarkerJ
					/Assembly/structural_node_17/Marker2
		Motions
			RotationalMotion
				Name
					joint_2Motion
				MarkerI
					/Assembly/structural_node_1/Marker1
				MarkerJ
					/Assembly/structural_node_2/Marker0
				MotionJoint
					/Assembly/joint_2
				RotationZ
					integral(time,  rampstep(time, 0.25, 0.0, 2.0, 0.0 + 0.5*(2.0 - 0.25))*-1)
			RotationalMotion
				Name
					joint_4Motion
				MarkerI
					/Assembly/structural_node_1/Marker2
				MarkerJ
					/Assembly/structural_node_3/Marker0
				MotionJoint
					/Assembly/joint_4
				RotationZ
					integral(time,  rampstep(time, 0.25, 0.0, 2.0, 0.0 + 0.5*(2.0 - 0.25)))
		Limits
		GeneralConstraintSets
	ForceTorques
	ConstantGravity
		0	0	0	
	SimulationParameters
		tstart
			0
		tend
			8
		hmin
			1.0000000000000001e-09
		hmax
			1
		hout
			0.10000000000000001
		errorTol
			1e-08
	AnimationParameters
		nframe
			1000000
		icurrent
			1
		istart
			1
		iend
			1000000
		isForward
			true
		framesPerSecond
			30
