1 -0.121 -1.218180697837851e-18 -0.080000000000000002 1 0 0 0 1 0 0 0 1 -0 -0 0 -0 0 0 
2 -0.083601467157309484 0 -0.033286762255221064 1 0 -5.2041704279304213e-18 0 1 0 5.2041704279304213e-18 0 1 -0 -0 -0 0 0 0 
3 0.089000000000007906 2.3697549015832042e-16 -0.0049999999999980459 1 5.858835622329662e-15 5.5511151231258184e-17 -5.858835622329662e-15 1 5.9847959921199537e-17 -5.5511151231257839e-17 -5.9847959921199857e-17 1 -0 -0 0 0 -0 0 
4 0.27458083463411848 2.0299346248364714e-10 -1.2562251562986403e-08 1 0 0 0 1 0 0 0 1 0 0 0 0 0 0 
1 -0.121 -1.218180697837851e-18 -0.080000000000000002 1 0 0 0 1 0 0 0 1 5.2939559203393771e-23 -0 -0 0 0 0 
2 -0.083601469000982351 1.1743139119633727e-05 -0.033286762255221064 0.99999995070200043 -0.00031399999484014291 -5.2041702355140223e-18 0.00031399999484014291 0.99999995070200043 -1.634109527796542e-21 5.204170492069224e-18 2.0139582964615579e-29 1 -7.3746913671299834e-07 0.0023486277467383077 -4.493350757881656e-48 -1.6341094539514028e-19 -5.1311039172811413e-23 0.062799999999999995 
3 0.088999996117790456 1.0989999819641318e-05 -0.0049999999999980451 0.99999999691887509 7.8499998715894715e-05 5.5515849167873003e-17 -7.8499998715894715e-05 0.99999999691887509 5.984360215749281e-17 -5.5511151274129225e-17 -5.9847959967195588e-17 1 -1.552886966504803e-06 0.0021979998916428663 6.5774093587766525e-20 -4.3579939582651698e-19 -4.6977225522491309e-19 -0.015699999274395103 
4 0.27458083032054359 2.0299346248364714e-10 -1.2562251562986403e-08 1 0 0 0 1 0 0 0 1 -1.7254299556998846e-06 0 0 0 0 0 
1 -0.121 -1.218180697837851e-18 -0.080000000000000002 1 0 0 0 1 0 0 0 1 4.2351647362715017e-22 -0 -0 0 0 0 
2 -0.083601496656071569 4.6972544900270254e-05 -0.033286762255221064 0.99999921123210367 -0.0012559996697691801 -5.2041669002961864e-18 0.0012559996697691801 0.99999921123210367 -6.5364376076967025e-21 5.2041710051798848e-18 5.4376885402055288e-28 1 -5.8997516394741261e-06 0.0046972520199974697 -2.4264099345431039e-46 -3.2682168133860462e-19 -4.1048828176335805e-22 0.12560000000000157 
3 0.088999937884538582 4.3959988442154729e-05 -0.0049999999999980451 0.99999995070202474 0.00031399991744815079 5.5529941138113292e-17 -0.00031399991744815079 0.99999995070202474 5.9830526884972749e-17 -5.5511151620096858e-17 -5.984796033238219e-17 1 -1.2423091712958547e-05 0.0043959965325761222 1.3240183756768777e-19 -8.7181943118363763e-19 -9.3933857748091467e-19 -0.03139997678064381 
4 0.27458076561693262 2.0299346248365383e-10 -1.256225156298641e-08 1 0 0 0 1 0 0 0 1 -1.3803434329322307e-05 0 0 0 0 0 
1 -0.121 -1.218180697837851e-18 -0.080000000000000002 1 0 0 0 1 0 0 0 1 -0 -0 -0 0 0 0 
2 -0.083601616494712747 0.00010568811313757207 -0.033286762255221064 0.99999600686465751 -0.0028259962384658039 -5.2041512504321432e-18 0.0028259962384658039 0.99999600686465751 -1.4706973102511789e-20 5.2041720314025244e-18 2.517449366558078e-27 1 -1.9911640515122569e-05 0.0070458554523967886 -1.6850075495429962e-45 -4.902310477907543e-19 -1.385396866256742e-21 0.18840000000001789 
3 0.088999685540665077 9.8909868346521638e-05 -0.0049999999999980451 0.99999975042950828 0.00070649905962226912 5.5553420999374451e-17 -0.00070649905962226912 0.99999975042950828 5.9808727537416153e-17 -5.5511152325117466e-17 -5.9847961050617463e-17 1 -4.192787575201374e-05 0.0065939736692657916 1.9735867671025193e-19 -1.3082781668916773e-18 -1.4084902607105993e-18 -0.047099823678056096 
4 0.27458048523490702 2.0299346248370077e-10 -1.2562251562986458e-08 1 0 0 0 1 0 0 0 1 -4.6586513111158831e-05 0 0 0 0 0 
1 -0.121 -1.218180697837851e-18 -0.080000000000000002 1 0 0 0 1 0 0 0 1 -0 -0 -0 0 0 0 
2 -0.08360193913657199 0.00018788943859307389 -0.033286762255221064 0.99998737973854523 -0.0050239788652526379 -5.2041078926739468e-18 0.0050239788652526379 0.99998737973854523 -2.6145664938300729e-20 5.2041735707397699e-18 6.9078849475916217e-27 1 -4.7197826974612435e-05 0.0093943928888965429 -6.7762635780344027e-21 -6.5363595132008618e-19 -3.283895516251769e-21 0.25120000000009163 
3 0.088999006155071586 0.00017583926028399787 -0.0049999999999980451 0.99999921123832525 0.0012559947163188372 5.5586278351915333e-17 -0.0012559947163188372 0.99999921123832525 5.9778193178818026e-17 -5.5511153412805649e-17 -5.9847962099980096e-17 1 -9.9384219260580553e-05 0.0087918890426639945 2.6300373012246016e-19 -1.7453884894266313e-18 -1.8770130576557196e-18 -0.06279925698125069 
4 0.27457973036254851 2.029934624838454e-10 -1.2562251562986602e-08 1 0 0 0 1 0 0 0 1 -0.00011042679415455251 0 0 0 0 0 
1 -0.121 -1.218180697837851e-18 -0.080000000000000002 1 0 0 0 1 0 0 0 1 -0 -0 -0 0 0 0 
2 -0.083602619446937268 0.00029357546765106785 -0.033286762255221064 0.99996918890822184 -0.0078499193774832082 -5.2040152767475593e-18 0.0078499193774832082 0.99996918890822184 -4.0852373749680037e-20 5.2041756231955664e-18 1.4681783770643527e-26 1 -9.218269684259336e-05 0.011742777493673411 -1.3552527156068805e-20 -8.1703039845018171e-19 -6.4138226787061627e-21 0.31400000000031308 
3 0.088997573630424112 0.00027474717821187233 -0.0049999999999980459 0.9999980743345761 0.0019624798443761762 5.562849844325409e-17 -0.0019624798443761762 0.9999980743345761 5.9738908679035537e-17 -5.5511154917170421e-17 -5.9847963448852434e-17 1 -0.00019410825841482442 0.010989661386111732 3.1509625637859963e-19 -2.1833554948023161e-18 -2.3446844363580523e-18 -0.078497732489742775 
4 0.27457813867137754 2.0299346248416818e-10 -1.2562251562986924e-08 1 0 0 0 1 0 0 0 1 -0.00021567528891241699 0 0 0 0 0 
1 -0.121 -1.218180697837851e-18 -0.080000000000000002 1 0 0 0 1 0 0 0 1 -0 -0 -0 0 0 0 
2 -0.083603856531908591 0.00042274401205193656 -0.033286762255221064 0.99993611047232334 -0.011303759263249698 -5.2038456959857505e-18 0.011303759263249698 0.99993611047232334 -5.8826804213116962e-20 5.204178188775183e-18 2.6805860063878398e-26 1 -0.00015928994374174039 0.014090866858808173 1.3552527156068805e-20 -9.8040452912589586e-19 -1.1082969913775884e-20 0.37680000000083796 
3 0.088994968716445522 0.00039563157421321194 -0.0049999999999980477 0.99999600702410674 0.0028259398158173919 5.5680061975219392e-17 -0.0028259398158173919 0.99999600702410674 5.9690854895950882e-17 -5.5511156882583544e-17 -5.9847965055889178e-17 1 -0.00033541421635591688 0.013187157424937718 4.1038746294470842e-19 -2.6223738378524216e-18 -2.8112708694155504e-18 -0.094194357722501051 
4 0.27457524433393593 2.0299346248477254e-10 -1.2562251562987528e-08 1 0 0 0 1 0 0 0 1 -0.0003726804783836804 0 0 0 0 0 
1 -0.121 -1.218180697837851e-18 -0.080000000000000002 1 0 0 0 1 0 0 0 1 -0 -0 -0 0 0 0 
2 -0.083605893728549499 0.00057539112373012464 -0.033286762255221064 0.99988163783700679 -0.015385392955165307 -5.2035652886530082e-18 0.015385392955165307 0.99988163783700679 -8.0068418051768478e-20 5.204181267485192e-18 4.424683571103237e-26 1 -0.00025294193799344237 0.016438449117000944 2.7105054312137611e-20 -1.1437436504508932e-18 -1.7599038287855067e-20 0.43960000000190719 
3 0.08899067903713398 0.00053848875342921252 -0.0049999999999980425 0.99999260277525348 0.0038463482387961355 5.5740944857179528e-17 -0.0038463482387961355 0.99999260277525348 5.9634008911060326e-17 -5.5511159363735426e-17 -5.9847966869974128e-17 1 -0.00053261265907659052 0.01538417887982641 4.6163295625359359e-19 -3.0626250356878439e-18 -3.2765251672249225e-18 -0.10988780486355076 
4 0.27457047805978962 2.0299346248578491e-10 -1.2562251562988541e-08 1 0 0 0 1 0 0 0 1 -0.00059178600613464169 0 0 0 0 0 
1 -0.121 -1.218180697837851e-18 -0.080000000000000002 1 0 0 0 1 0 0 0 1 2.7105054312137611e-20 -0 -0 0 0 0 
2 -0.083609018587251796 0.00075151033081370818 -0.033286762255221064 0.99979808218749833 -0.020094647401744214 -5.2031340403449683e-18 0.020094647401744214 0.99979808218749833 -1.0457632771951953e-19 5.2041848593334819e-18 6.7971442056972428e-26 1 -0.00037755879020507109 0.018785229061909121 -5.4210108624275222e-20 -1.3070272709447074e-18 -2.6269573523345318e-20 0.50240000000386353 
3 0.088984099139499798 0.00070331265905746311 -0.0049999999999980477 0.99998738133119081 0.0050236618504418285 5.5811117906442854e-17 -0.0050236618504418285 0.99998738133119081 5.9568344319518502e-17 -5.5511162425578173e-17 -5.9847968830167124e-17 1 -0.00079500790765528321 0.017580449477319921 4.709503186733908e-19 -3.504274714378235e-18 -3.740183866701719e-18 -0.12557622372848762 
4 0.27456316715999413 2.0299346248735466e-10 -1.2562251562990111e-08 1 0 0 0 1 0 0 0 1 -0.00088332725548016984 0 0 0 0 0 
1 -0.121 -1.218180697837851e-18 -0.080000000000000002 1 0 0 0 1 0 0 0 1 -0 -0 -0 0 0 0 
2 -0.083613562842955569 0.00095109173488681237 -0.033286762255221064 0.99967657325764325 -0.025431257929086508 -5.2025057879295899e-18 0.025431257929086508 0.99967657325764325 -1.3234917077798244e-19 5.2041889643292633e-18 9.8946421255847371e-26 1 -0.00053755704856770794 0.021130814281429527 1.0842021724855044e-19 -1.4702281356875548e-18 -3.7401875662332365e-20 0.56520000000717074 
3 0.088974530573100147 0.00089009402751087955 -0.0049999999999980485 0.99997978889326 0.0063578144822812 5.589054649705464e-17 -0.0063578144822812 0.99997978889326 5.9493831575879174e-17 -5.5511166143254116e-17 -5.9847970865640401e-17 1 -0.0011318944385210691 0.019775601972433918 6.4543910580777667e-19 -3.9474697882599039e-18 -4.2019646872836078e-18 -0.14125715476651962 
4 0.27455253565229543 2.029934624896541e-10 -1.256225156299241e-08 1 0 0 0 1 0 0 0 1 -0.0012576265883219332 0 0 0 0 0 
1 -0.121 -1.218180697837851e-18 -0.080000000000000002 1 0 0 0 1 0 0 0 1 -5.4210108624275222e-20 -0 -0 0 0 0 
2 -0.083619902371256924 0.0011741209696794052 -0.033286762255221064 0.99950706050354143 -0.031394840397267421 -5.2016282255822033e-18 0.031394840397267421 0.99950706050354143 -1.6338496498897366e-19 5.2041935824830625e-18 1.3813852848590725e-25 1 -0.00073734796897880698 0.023474701311315155 -3.0820144972502289e-43 -1.6333112628651455e-18 -5.1302879007553334e-20 0.62800000001243217 
3 0.088961182011330339 0.0010988194138912806 -0.0049999999999980468 0.99996919840051901 0.0078487100993359284 5.5979190158457193e-17 -0.0078487100993359284 0.99996919840051901 5.9410438396985924e-17 -5.5511170602010264e-17 -5.9847972895606764e-17 1 -0.0015525521038654822 0.021969165190304056 7.5216525716181851e-19 -4.3923355617120891e-18 -4.6615640663848182e-18 -0.15692744211836399 
4 0.27453770442155817 2.0299346249287842e-10 -1.2562251562995635e-08 1 0 0 0 1 0 0 0 1 -0.0017249870238374401 0 0 0 0 0 
1 -0.121 -1.218180697837851e-18 -0.080000000000000002 1 0 0 0 1 0 0 0 1 -0 -0 -0 0 0 0 
2 -0.083628457124828026 0.0014205780214346794 -0.033286762255221064 0.99927831480362983 -0.037984859657731976 -5.2004146552499766e-18 0.037984859657731976 0.99927831480362983 -1.9767968334378903e-19 5.2041704280072952e-18 1.0137132262282216e-30 1 -0.00098133529720707607 0.025816261818168811 1.0842021724855044e-19 -1.7962232219233414e-18 -6.8278562626944709e-20 0.69079999999999997 
3 0.088943169427104923 0.0013294700880207779 -0.0049999999999980433 0.99995490993459235 0.0094962149144388799 5.607697731942776e-17 -0.0094962149144388799 0.99995490993459235 5.9318115550532617e-17 -5.5511151231265186e-17 -5.984795992119998e-17 1 -0.0020662400049124762 0.024160551095320729 9.3851250555776458e-19 -4.8389706030626427e-18 -5.1186535205537238e-18 -0.17258314675196268 
4 0.2745176914520584 2.0299346249766775e-10 -1.2562251563000424e-08 1 0 0 0 1 0 0 0 1 -0.0022956841362157246 0 0 0 0 0 
1 -0.121 -1.218180697837851e-18 -0.080000000000000002 1 0 0 0 1 0 0 0 1 -0 -0 -0 0 0 0 
2 -0.083639691044966796 0.0016904359113157862 -0.033286762255221064 0.99897793082370157 -0.045200594323479719 -5.1988514058582601e-18 0.045200594323479719 0.99897793082370157 -2.3523159630972873e-19 5.2041704280410375e-18 1.5976551853664315e-30 1 -0.0012739125027675759 0.028154728828513012 -1.0842021724855044e-19 -1.9589272097273918e-18 -8.8635265489505726e-20 0.7535999999999996 
3 0.088919516337244389 0.001582020801321933 -0.0049999999999980451 0.99993615128269575 0.011300148580875816 5.6183897754839293e-17 -0.011300148580875816 0.99993615128269575 5.9216854448916134e-17 -5.5511151231269648e-17 -5.9847959921199204e-17 1 -0.0026821888522716702 0.026349041903404376 6.7762635780344008e-19 -5.2874514407027944e-18 -5.5728821758871377e-18 -0.18821945973826176 
4 0.27449141215093237 2.0299346250350291e-10 -1.2562251563006259e-08 1 0 0 0 1 0 0 0 1 -0.002979955952791183 0 0 0 0 0 
1 -0.121 -1.218180697837851e-18 -0.080000000000000002 1 0 0 0 1 0 0 0 1 -1.0842021724855044e-19 -0 -0 0 0 0 
2 -0.083654111942491477 0.0019836592403544412 -0.033286762255221064 0.99859233020173721 -0.053041097860665007 -5.1968446745480761e-18 0.053041097860665007 0.99859233020173721 -2.760349129620471e-19 5.2041704280848323e-18 2.4240235762543847e-30 1 -0.0016194594038253659 0.030489183010149933 -2.1684043449710089e-19 -2.1213519961505237e-18 -1.126774514711076e-19 0.81639999999999968 
3 0.088889154131496201 0.0018564384251234022 -0.0049999999999980503 0.99991207869547627 0.013260274465172145 5.6299870993179981e-17 -0.013260274465172145 0.99991207869547627 5.9106604909283999e-17 -5.5511151231276143e-17 -5.9847959921197749e-17 1 -0.003409591647646384 0.028533777243182734 4.2012834183813273e-19 -5.737818682715928e-18 -6.0238678337554553e-18 -0.20383061564780464 
4 0.27445767978297347 2.02993462510993e-10 -1.256225156301375e-08 1 0 0 0 1 0 0 0 1 -0.0037879906347515445 0 0 0 0 0 
1 -0.121 -1.218180697837851e-18 -0.080000000000000002 1 0 0 0 1 0 0 0 1 -0 -0 -0 0 0 0 
2 -0.083672271341592247 0.002300202597617445 -0.033286762255221064 0.99810676572312096 -0.061505156025579641 -5.1943177143030029e-18 0.061505156025579641 0.99810676572312096 -3.2008331417004395e-19 5.2041704281404971e-18 3.5617666909011443e-30 1 -0.0020223381238252576 0.032818539036472097 -1.1125383105758764e-47 -2.2834220672076005e-18 -1.4070862490915136e-19 0.87920000000000031 
3 0.088850922503820942 0.0021526804608953979 -0.0049999999999980451 0.99988177787996102 0.015376289006400813 5.6424828113492991e-17 -0.015376289006400813 0.99988177787996102 5.8987329064083193e-17 -5.5511151231285573e-17 -5.9847959921195358e-17 1 -0.0042575925251703553 0.030713741394830071 1.1316360175317451e-18 -6.190080300579447e-18 -6.4711992190555396e-18 -0.21940980619838876 
4 0.27441520604112607 2.0299346252042408e-10 -1.256225156302318e-08 1 0 0 0 1 0 0 0 1 -0.0047299117279024855 0 0 0 0 0 
1 -0.121 -1.218180697837851e-18 -0.080000000000000002 1 0 0 0 1 0 0 0 1 -0 -0 -0 0 0 0 
2 -0.083694764279658454 0.0026400088324765847 -0.033286762255221064 0.99750532667307013 -0.070591240666612681 -5.1911877230536031e-18 0.070591240666612681 0.99750532667307013 -3.6736884717292063e-19 5.2041704282100147e-18 5.0913884009820967e-30 1 -0.0024868883201929425 0.035141532048561706 2.1684043449710089e-19 -2.445049417558247e-18 -1.7303072701844562e-19 0.94199999999999995 
3 0.088803570005133947 0.0024706934233315351 -0.0049999999999980451 0.99984426527150794 0.017647810166659082 5.6558691652784541e-17 -0.017647810166659082 0.99984426527150794 5.8858989256339844e-17 -5.5511151231298811e-17 -5.9847959921191636e-17 1 -0.0052352735913273329 0.032887750620409162 9.690056916589192e-19 -6.6442066854867493e-18 -6.914433104619251e-18 -0.23494909416489784 
4 0.27436260177725563 2.0299346253210457e-10 -1.2562251563034861e-08 1 0 0 0 1 0 0 0 1 -0.0058157607730982596 0 0 0 0 0 
1 -0.121 -1.218180697837851e-18 -0.080000000000000002 1 0 0 0 1 0 0 0 1 -0 -0 -0 0 0 0 
2 -0.083722229055509509 0.0030030071921162654 -0.033286762255221064 0.99677094556869406 -0.0802974599230354 -5.1873658787121762e-18 0.0802974599230354 0.99677094556869406 -4.1788166640578803e-19 5.2041704282955052e-18 7.1066333465402906e-30 1 -0.003017421626638424 0.037456704245024057 -2.5369047389223217e-47 -2.6061326174649975e-18 -2.0994374920226793e-19 1.0048000000000001 
3 0.088745754738309882 0.0028104110973063107 -0.0049999999999980494 0.99979848963209539 0.020074364980764765 5.6701374949621803e-17 -0.020074364980764765 0.99979848963209539 5.8721548826444246e-17 -5.5511151231317164e-17 -5.98479599211862e-17 1 -0.0063516396067702166 0.035054440613757773 1.4772254600114994e-18 -7.1001271095476321e-18 -7.3530926032692738e-18 -0.25043932764790877 
4 0.27429837792091383 2.0299346254636511e-10 -1.2562251563049122e-08 1 0 0 0 1 0 0 0 1 -0.0070554770723938488 0 0 0 0 0 
1 -0.121 -1.218180697837851e-18 -0.080000000000000002 1 0 0 0 1 0 0 0 1 -2.1684043449710089e-19 -0 -0 0 0 0 
2 -0.083755346917875825 0.0033891113257046644 -0.033286762255221064 0.99588540648870882 -0.090621504858500374 -5.1827573825220218e-18 0.090621504858500374 0.99588540648870882 -4.7160975577132103e-19 5.2041704283992473e-18 9.7146795289808757e-30 1 -0.0036182152513222999 0.039762391630475777 -3.6846400197742248e-47 -2.766555890790256e-18 -2.5174528763073126e-19 1.0676000000000001 
3 0.088676045217798122 0.0031717526700475629 -0.0049999999999980468 0.99974333402557558 0.022655376214631012 5.6852781455312397e-17 -0.022655376214631012 0.99974333402557558 5.857497297097481e-17 -5.5511151231342149e-17 -5.9847959921178632e-17 1 -0.0076156003572466213 0.037212254098854897 1.1113072267976417e-18 -7.557726060201822e-18 -7.786665636514567e-18 -0.26587005478851972 
4 0.27422094661548924 2.0299346256355832e-10 -1.2562251563066316e-08 1 0 0 0 1 0 0 0 1 -0.0084588744134078183 0 0 0 0 0 
1 -0.121 -1.218180697837851e-18 -0.080000000000000002 1 0 0 0 1 0 0 0 1 -0 -0 -0 0 0 0 
2 -0.083794841685404201 0.0037982171569915305 -0.033286762255221064 0.99482935523411797 -0.10156059257639803 -5.1772615119353504e-18 0.10156059257639803 0.99482935523411797 -5.2853863260240223e-19 5.2041704285236786e-18 1.3037582758529393e-29 1 -0.0042935046742632269 0.042056710958819056 -4.3368086899420177e-19 -2.9261882065458588e-18 -2.9873003514687766e-19 1.1303999999999996 
3 0.088592921417700934 0.0035546207401739565 -0.0049999999999980511 0.99967761822360535 0.02539014814410542 5.7012804016352871e-17 -0.02539014814410542 0.99967761822360535 5.8419229676120988e-17 -5.5511151231375601e-17 -5.9847959921168438e-17 1 -0.0090359505661275642 0.039359428610480307 1.1655173354219169e-18 -8.0168394456740094e-18 -8.2146035953447227e-18 -0.28122943903529302 
4 0.27412862260311632 2.0299346258405838e-10 -1.2562251563086815e-08 1 0 0 0 1 0 0 0 1 -0.010035614562869926 0 0 0 0 0 
1 -0.121 -1.218180697837851e-18 -0.080000000000000002 1 0 0 0 1 0 0 0 1 -0 -0 -0 0 0 0 
2 -0.083841479288902634 0.0042302006274820515 -0.033286762255221064 0.99358231156813781 -0.11311140587454456 -5.1707716843118996e-18 0.11311140587454456 0.99358231156813781 -5.886510336148533e-19 5.2041704286713704e-18 1.7213865546435895e-29 1 -0.0050474753887115855 0.044337546912481408 1.7347234759768071e-18 -3.0848823868604798e-18 -3.5118920665462158e-19 1.1932000000000003 
3 0.088494776033608585 0.003958899205609062 -0.0049999999999980459 0.99960010159879309 0.028277851468642069 5.718132413214495e-17 -0.028277851468642069 0.99960010159879309 5.8254290728291809e-17 -5.5511151231419889e-17 -5.9847959921155188e-17 1 -0.010621347207474584 0.04149398449570614 2.1006417091906645e-18 -8.477250671073264e-18 -8.6363202088161257e-18 -0.29650417508634452 
4 0.27401962489155024 2.0299346260826073e-10 -1.2562251563111016e-08 1 0 0 0 1 0 0 0 1 -0.011795177350683696 0 0 0 0 0 
1 -0.121 -1.218180697837851e-18 -0.080000000000000002 1 0 0 0 1 0 0 0 1 -4.3368086899420177e-19 -0 -0 0 0 0 
2 -0.083896067225994339 0.0046849153127745159 -0.033286762255221064 0.99212268379821145 -0.12527002950839489 -5.1631755328062553e-18 0.12527002950839489 0.99212268379821145 -6.5192658321035901e-19 5.2041704288450708e-18 2.2397313398759701e-29 1 -0.0058842536328447938 0.046602539564151155 -8.6736173798840355e-19 -3.2424742346023293e-18 -4.0940989425610554e-19 1.2560000000000002 
3 0.08837991598486053 0.0043844510327937982 -0.0049999999999980433 0.99950948656412708 0.031317507377104661 5.7358211192292863e-17 -0.031317507377104661 0.99950948656412708 5.808013280448431e-17 -5.5511151231477747e-17 -5.9847959921138585e-17 1 -0.012380284086375535 0.043613713179766811 4.2012834183813258e-19 -8.9386865867459459e-18 -9.0511906362523707e-18 -0.31167940564879487 
4 0.27389207873794896 2.0299346263658167e-10 -1.2562251563139337e-08 1 0 0 0 1 0 0 0 1 -0.013746827178372971 0 0 0 0 0 
1 -0.121 -1.218180697837851e-18 -0.080000000000000002 1 0 0 0 1 0 0 0 1 -0 -0 -0 0 0 0 
2 -0.083959453917824056 0.0051621899151427517 -0.033286762255221064 0.99042778597704961 -0.13803188314516179 -5.1543549958849361e-18 0.13803188314516179 0.99042778597704961 -7.1834144455829805e-19 5.2041704290476594e-18 2.876029704552347e-29 1 -0.0068078960600902634 0.048849072173173649 -8.6736173798840355e-19 -3.3987816842865277e-18 -4.7367434854174181e-19 1.3188000000000004 
3 0.088246564185187143 0.0048311159100806137 -0.0049999999999980468 0.99940442261989826 0.034507970786296388 5.7543321698112844e-17 -0.034507970786296388 0.99940442261989826 5.7896738644931884e-17 -5.551115123155238e-17 -5.9847959921118222e-17 1 -0.014321063562606196 0.04571616574512595 5.1499603193061422e-19 -9.4008133127500364e-18 -9.458550798883318e-18 -0.3267386391793346 
4 0.2737440179860835 2.0299346266945775e-10 -1.2562251563172215e-08 1 0 0 0 1 0 0 0 1 -0.015899575800783602 0 0 0 0 0 
1 -0.121 -1.218180697837851e-18 -0.080000000000000002 1 0 0 0 1 0 0 0 1 -8.6736173798840355e-19 -0 -0 0 0 0 
2 -0.084032527956953984 0.0056618256359952258 -0.033286762255221064 0.9884738580131559 -0.15139165110595565 -5.1441864219850126e-18 0.15139165110595565 0.9884738580131559 -7.8786795396189276e-19 5.2041704292821799e-18 3.6494253923199293e-29 1 -0.007822378298691009 0.051074259374672373 -8.6736173798840355e-19 -3.5536039803072481e-18 -5.4425918259687573e-19 1.3816000000000006 
3 0.08809286161087429 0.0052987077887083718 -0.0049999999999980451 0.99928351107103874 0.037847912776494859 5.7736498473301138e-17 -0.037847912776494859 0.99928351107103874 5.7704098310451518e-17 -5.5511151231647771e-17 -5.9847959921094113e-17 1 -0.016451765304715992 0.04779864187808134 1.6534083130403939e-18 -9.8632319458496999e-18 -9.8576969665953409e-18 -0.34166366879386412 
4 0.27357338779493034 2.0299346270734526e-10 -1.2562251563210101e-08 1 0 0 0 1 0 0 0 1 -0.018262141247672749 0 0 0 0 0 
1 -0.121 -1.218180697837851e-18 -0.080000000000000002 1 0 0 0 1 0 0 0 1 8.6736173798840355e-19 -0 -0 0 0 0 
2 -0.08411621723510572 0.0061835934324539436 -0.033286762255221064 0.98623608899414816 -0.1653432090094015 -5.1325406908926114e-18 0.1653432090094015 0.98623608899414816 -8.6047423909911231e-19 5.2041704295518224e-18 4.580901409922816e-29 1 -0.0089315823538364796 0.053274935825613351 -2.3507099263496365e-46 -3.7067208869626459e-18 -6.2143449547737928e-19 1.4444000000000006 
3 0.087916869696656685 0.0057870123153289472 -0.0049999999999980503 0.99914531047898836 0.041335802252356335 5.7937569869015432e-17 -0.041335802252356335 0.99914531047898836 5.7502210526751017e-17 -5.5511151231768356e-17 -5.9847959921066503e-17 1 -0.01878021197458413 0.049858179243007235 2.3852447794681094e-18 -1.0325474158254696e-17 -1.0247885615133731e-17 -0.35643449256150744 
4 0.27337804779782571 2.0299346275071946e-10 -1.2562251563253477e-08 1 0 0 0 1 0 0 0 1 -0.020842902772645625 0 0 0 0 0 
1 -0.121 -1.218180697837851e-18 -0.080000000000000002 1 0 0 0 1 0 0 0 1 -0 -0 -0 0 0 0 
2 -0.0842114879389535 0.0067272311629701306 -0.033286762255221064 0.98368864403825851 -0.17987954744820844 -5.1192833534826844e-18 0.17987954744820844 0.98368864403825851 -9.3612382182256154e-19 5.2041704298599404e-18 5.6935689166936537e-29 1 -0.010139282808828583 0.055447645378409315 -8.6736173798840355e-19 -3.857891935184552e-18 -7.0546291212548251e-19 1.5072000000000005 
3 0.087716573090474648 0.0062957841606871611 -0.0049999999999980468 0.99898834291277583 0.044969886862058078 5.8146348968929594e-17 -0.044969886862058078 0.99898834291277583 5.7291084117743798e-17 -5.5511151231919373e-17 -5.9847959921035836e-17 1 -0.021313931757542974 0.051891543350303139 1.5991982044161187e-18 -1.078699770047088e-17 -1.062833356855841e-17 -0.37102923542920618 
4 0.27315577573237387 2.0299346280007378e-10 -1.256225156330283e-08 1 0 0 0 1 0 0 0 1 -0.023649851741110083 0 0 0 0 0 
1 -0.121 -1.218180697837851e-18 -0.080000000000000002 1 0 0 0 1 0 0 0 1 8.6736173798840355e-19 -0 -0 0 0 0 
2 -0.084319343401756619 0.0072924406276324641 -0.033286762255221064 0.98080469500055723 -0.19499269284992179 -5.1042747915193852e-18 0.19499269284992179 0.98080469500055723 -1.0147752063053684e-18 5.2041704302100221e-18 7.0126383356044716e-29 1 -0.01144913178538297 0.057588630859242144 -8.6736173798840355e-19 -4.0068557113427182e-18 -7.9659853694971432e-19 1.5700000000000003 
3 0.087489882798990518 0.006824744249747096 -0.0049999999999980477 0.9988111010638826 0.04874817321248643 5.8362632800107422e-17 -0.04874817321248643 0.9988111010638826 5.7070739529637209e-17 -5.5511151232106913e-17 -5.9847959921003369e-17 1 -0.02406011767052417 0.053895217990277439 2.4665599424045222e-18 -1.1247181824106785e-17 -1.0998218440976273e-17 -0.38542407305813264 
4 0.27290427158204472 2.0299346285591892e-10 -1.2562251563358676e-08 1 0 0 0 1 0 0 0 1 -0.026690538396841799 0 0 0 0 0 
1 -0.121 -1.218180697837851e-18 -0.080000000000000002 1 0 0 0 1 0 0 0 1 8.6736173798840355e-19 -0 -0 0 0 0 
2 -0.084440822798239445 0.0078788845096289632 -0.033286762255221064 0.97755645537057489 -0.21067362569462081 -5.0873703992692457e-18 0.21067362569462081 0.97755645537057489 -1.096381453432178e-18 5.2041704306057252e-18 8.5656312055605631e-29 1 -0.012864642627322174 0.059693824535034676 1.7347234759768071e-18 -4.153329193963412e-18 -8.9508581858203019e-19 1.6328000000000003 
3 0.087234639756341395 0.0073735768993115278 -0.0049999999999980468 0.9986120562885229 0.052668406423661183 5.8586201555812691e-17 -0.052668406423661183 0.9986120562885229 5.6841210447203713e-17 -5.551115123233779e-17 -5.9847959920970841e-17 1 -0.027025583600554726 0.055865396311514319 1.6805133673525313e-18 -1.1705322644319044e-17 -1.1356679390526982e-17 -0.39959315789291644 
4 0.27262116227084526 2.029934629187818e-10 -1.2562251563421538e-08 1 0 0 0 1 0 0 0 1 -0.029972014478716905 0 0 0 0 0 
1 -0.121 -1.218180697837851e-18 -0.080000000000000002 1 0 0 0 1 0 0 0 1 8.6736173798840355e-19 -0 -0 0 0 0 
2 -0.084576999669794081 0.0084861832251973777 -0.033286762255221064 0.97391521970693373 -0.22691219628568904 -5.0684207887256566e-18 0.22691219628568904 0.97391521970693373 -1.1808897424559044e-18 5.2041704310508492e-18 1.0382341662801599e-28 1 -0.014389172276644671 0.061758839359897136 1.7347234759768071e-18 -4.2970071446816121e-18 -1.0011583236541159e-18 1.6956 
3 0.0869486188489699 0.0079419268699988822 -0.0049999999999980425 0.99838966763911852 0.056728049071428269 5.8816817836620204e-17 -0.056728049071428269 0.99838966763911852 5.6602545503212111e-17 -5.5511151232619857e-17 -5.9847959920941061e-17 1 -0.03021671704852525 0.057797972628724263 1.6263032587282561e-18 -1.2160628465796574e-17 -1.1702818197252883e-17 -0.41350854782984164 
4 0.27230400695255713 2.0299346298920444e-10 -1.2562251563491961e-08 1 0 0 0 1 0 0 0 1 -0.033500771695509322 0 0 0 0 0 
1 -0.121 -1.218180697837851e-18 -0.080000000000000002 1 0 0 0 1 0 0 0 1 -0 -0 -0 0 0 0 
2 -0.084728980266796358 0.0091139116903420705 -0.033286762255221064 0.96985140796219083 -0.24369703829500283 -5.0472720202828957e-18 0.24369703829500283 0.96985140796219083 -1.2682409210721878e-18 5.2041704315493561e-18 1.2494990515297177e-28 1 -0.016025902316297504 0.063778961098865286 3.4694469519536142e-18 -4.437561560232723e-18 -1.1150374178066679e-18 1.7584000000000006 
3 0.086629533429500222 0.0085293963403248324 -0.0049999999999980468 0.99814239194384957 0.060924259573756724 5.9054225916407064e-17 -0.060924259573756724 0.99814239194384957 5.6354810081469588e-17 -5.5511151232961804e-17 -5.9847959920917876e-17 1 -0.033639428578678056 0.059688535051621555 5.2583805365546957e-18 -1.2612215100798784e-17 -1.2035700674804505e-17 -0.42714013790145122 
4 0.27195030293574979 2.029934630677425e-10 -1.2562251563570499e-08 1 0 0 0 1 0 0 0 1 -0.037282676107700578 0 0 0 0 0 
1 -0.121 -1.218180697837851e-18 -0.080000000000000002 1 0 0 0 1 0 0 0 1 -1.7347234759768071e-18 -0 -0 0 0 0 
2 -0.084897901694598141 0.0097615960136087296 -0.033286762255221057 0.96533461505717733 -0.26101548033097827 -5.0237658607293734e-18 0.26101548033097827 0.96533461505717733 -1.3583690452044591e-18 5.2041704321053528e-18 1.4938417835741263e-28 1 -0.017777818659984224 0.06574914143379787 3.4694469519536142e-18 -4.5746411927801682e-18 -1.2369308525631805e-18 1.8212000000000004 
3 0.086275040352482513 0.009135541811583936 -0.0049999999999980451 0.99786869498908704 0.065253870082750617 5.9298151039984529e-17 -0.065253870082750617 0.99786869498908704 5.6098088213307692e-17 -5.5511151233373268e-17 -5.9847959920906499e-17 1 -0.037299098002923609 0.061532359032970982 5.312590645178971e-18 -1.3059101212795329e-17 -1.2354358423889519e-17 -0.44045559545320812 
4 0.27155749228506532 2.0299346315496399e-10 -1.256225156365772e-08 1 0 0 0 1 0 0 0 1 -0.041322898511332529 0 0 0 0 0 
1 -0.121 -1.218180697837851e-18 -0.080000000000000002 1 0 0 0 1 0 0 0 1 1.7347234759768071e-18 -0 -0 0 0 0 
2 -0.085084929849596189 0.010428710125292293 -0.033286762255221064 0.96033366606849013 -0.27885345580690518 -4.9977400704527227e-18 0.27885345580690518 0.96033366606849013 -1.451200909943414e-18 5.2041704327231033e-18 1.7750005924354413e-28 1 -0.01964768987605069 0.067663992163360817 5.2041704279304213e-18 -4.7078711463664669e-18 -1.3670312571666968e-18 1.884000000000001 
3 0.085882745564379304 0.0097598709532413404 -0.0049999999999980459 0.99756706385412164 0.069713363951732332 5.9548298759264259e-17 -0.069713363951732332 0.99756706385412164 5.5832484566619265e-17 -5.5511151233865074e-17 -5.9847959920914031e-17 1 -0.041200517361088519 0.063324401940552513 3.5778671692021639e-18 -1.3500203724718539e-17 -1.265779093293238e-17 -0.45342029935383299 
4 0.27112296913806699 2.029934632514475e-10 -1.2562251563754204e-08 1 0 0 0 1 0 0 0 1 -0.045625840970362035 0 0 0 0 0 
1 -0.121 -1.218180697837851e-18 -0.080000000000000002 1 0 0 0 1 0 0 0 1 -0 -0 -0 0 0 0 
2 -0.085291257131683867 0.011114672354607813 -0.033286762255221064 0.95481667739528309 -0.29719541141786149 -4.9690287217621451e-18 0.29719541141786149 0.95481667739528309 -1.546655573245295e-18 5.2041704334070257e-18 2.0969833383279326e-28 1 -0.021638044139950501 0.069517780616037875 -1.7347234759768071e-18 -4.8368525577632729e-18 -1.5055145349969706e-18 1.9468000000000008 
3 0.085450210279383168 0.010401839399624772 -0.0049999999999980468 0.99723602044075288 0.074298852854471395 5.9804354314933528e-17 -0.074298852854471395 0.99723602044075288 5.5558126525714715e-17 -5.5511151234448893e-17 -5.9847959920949492e-17 1 -0.045347830793707439 0.065059298764355969 -5.0957502106818716e-18 -1.3934333336746292e-17 -1.2944968028542378e-17 -0.46599728385552691 
4 0.27064408777519922 2.0299346335778054e-10 -1.2562251563860536e-08 1 0 0 0 1 0 0 0 1 -0.050195059701034037 0 0 0 0 0 
1 -0.121 -1.218180697837851e-18 -0.080000000000000002 1 0 0 0 1 0 0 0 1 1.7347234759768071e-18 -0 -0 0 0 0 
2 -0.085518099919378379 0.011818841967578124 -0.033286762255221064 0.94875112427188391 -0.31602421456723262 -4.9374625502355275e-18 0.31602421456723262 0.94875112427188391 -1.644643874163742e-18 5.2041704341616867e-18 2.4640906228174168e-28 1 -0.023751144818045005 0.071304426402017229 -1.7592498145062694e-45 -4.9611623704766599e-18 -1.6525381647597289e-18 2.0096000000000012 
3 0.084974957771495302 0.011060847509852723 -0.0049999999999980494 0.99687413623182475 0.079006053641814206 6.0065982070635549e-17 -0.079006053641814206 0.99687413623182475 5.5275166359306129e-17 -5.5511151235137531e-17 -5.9847959921024594e-17 1 -0.049744471443171678 0.066731359076783306 2.0599841277224577e-18 -1.4360190204892208e-17 -1.3214832675061533e-17 -0.47814718780440851 
4 0.27011817147806139 2.029934634745574e-10 -1.2562251563977314e-08 1 0 0 0 1 0 0 0 1 -0.055033184574741191 0 0 0 0 0 
1 -0.121 -1.218180697837851e-18 -0.080000000000000002 1 0 0 0 1 0 0 0 1 -1.7347234759768071e-18 -0 -0 0 0 0 
2 -0.085766695793987879 0.012540515679684405 -0.033286762255221064 0.94210391499083646 -0.33532106011841672 -4.9028693409887502e-18 0.33532106011841672 0.94210391499083646 -1.7450679475697892e-18 5.2041704349918149e-18 2.8809138628913131e-28 1 -0.025988964694577978 0.073017499636539543 3.4694469519536142e-18 -5.0803532111325448e-18 -1.8082394072718162e-18 2.0724000000000009 
3 0.084454480811724408 0.011736237104144124 -0.0049999999999980468 0.99648004830255643 0.083830265029610232 6.0332825006596487e-17 -0.083830265029610232 0.99648004830255643 5.4983783472832801e-17 -5.5511151235944672e-17 -5.9847959921153807e-17 1 -0.054393095562070358 0.068334565369941327 2.4936649967166594e-18 -1.477635983849107e-17 -1.3466304118652247e-17 -0.48982820999598464 
4 0.26954252220819297 2.0299346360237722e-10 -1.2562251564105134e-08 1 0 0 0 1 0 0 0 1 -0.060141835574881772 0 0 0 0 0 
1 -0.121 -1.218180697837851e-18 -0.080000000000000002 1 0 0 0 1 0 0 0 1 -1.7347234759768071e-18 -0 -0 0 0 0 
2 -0.086038300499350615 0.013278924158684471 -0.033286762255221064 0.9348414721964845 -0.35506537688362338 -4.8650743517412817e-18 0.35506537688362338 0.9348414721964845 -1.8478207375036438e-18 5.2041704359022829e-18 3.3523218094490324e-28 1 -0.0283531588636231 0.074650220773786566 -2.5429886195936691e-45 -5.1939533779189938e-18 -1.9727334193588905e-18 2.1352000000000011 
3 0.083886249777246097 0.012427288190926316 -0.0049999999999980468 0.99605247659631602 0.088766344220911883 6.0604504279510166e-17 -0.088766344220911883 0.99605247659631602 5.4684186740110566e-17 -5.5511151236884846e-17 -5.9847959921355275e-17 1 -0.059295514054533642 0.069862572900183564 6.6136332521615763e-18 -1.5181309281928356e-17 -1.3698281367066959e-17 -0.50099607157618542 
4 0.26891443113484098 2.0299346374184145e-10 -1.2562251564244598e-08 1 0 0 0 1 0 0 0 1 -0.065521536618532883 0 0 0 0 0 
1 -0.121 -1.218180697837851e-18 -0.080000000000000002 1 0 0 0 1 0 0 0 1 -0 -0 -0 0 0 0 
2 -0.086334184623949872 0.01403322853442527 -0.033286762255221057 0.92692982160195903 -0.37523473429969184 -4.8239007745144429e-18 0.37523473429969184 0.92692982160195903 -1.9527855114997545e-18 5.2041704368981227e-18 3.8835298807799754e-28 1 -0.030845036318666755 0.076195462196558178 -3.4694469519536142e-18 -5.3014669511913737e-18 -2.1461112771382303e-18 2.1980000000000004 
3 0.08326772145685285 0.013133215700488672 -0.0049999999999980459 0.99559024246219829 0.093808683574929011 6.088061885526501e-17 -0.093808683574929011 0.99559024246219829 5.4376616907901429e-17 -5.5511151237973523e-17 -5.9847959921651061e-17 1 -0.064452621727366252 0.071308711175834497 -4.7704895589362203e-18 -1.5573383653657299e-17 -1.3909646991399837e-17 -0.51160398650614236 
4 0.26823119003567131 2.0299346389355144e-10 -1.2562251564396308e-08 1 0 0 0 1 0 0 0 1 -0.071171627235381354 0 0 0 0 0 
1 -0.121 -1.218180697837851e-18 -0.080000000000000002 1 0 0 0 1 0 0 0 1 -3.4694469519536142e-18 -0 -0 0 0 0 
2 -0.086655629992592909 0.01480251693395814 -0.033286762255221064 0.91833468847213462 -0.39580474978047891 -4.779170237745083e-18 0.39580474978047891 0.91833468847213462 -2.0598353784328456e-18 5.204170437984519e-18 4.4800404587352564e-28 1 -0.03346553028429259 0.077645751712745972 -3.5983591657853836e-45 -5.402374036747044e-18 -2.3284379117804899e-18 2.2608000000000015 
3 0.082596348573985137 0.013853166242316181 -0.0049999999999980442 0.99509228843519815 0.098951187445125849 6.1160745220771358e-17 -0.098951187445125849 0.99509228843519815 5.4061349065461144e-17 -5.5511151239226653e-17 -5.9847959922067925e-17 1 -0.069864324582776485 0.072665987229418791 2.1684043449710081e-18 -1.5950803123652757e-17 -1.4099271230746527e-17 -0.52160264123909217 
4 0.26749010358902359 2.0299346405810569e-10 -1.2562251564560862e-08 1 0 0 0 1 0 0 0 1 -0.077090172684292885 0 0 0 0 0 
1 -0.121 -1.218180697837851e-18 -0.080000000000000002 1 0 0 0 1 0 0 0 1 -0 -0 -0 0 0 0 
2 -0.087003925755350209 0.015585801061801772 -0.033286762255221064 0.90902160220154882 -0.4167489972764532 -4.7307033505268225e-18 0.4167489972764532 0.90902160220154882 -2.168832812646466e-18 5.2041704391668112e-18 5.147710296275757e-28 1 -0.03621516734720262 0.078993278114868337 3.4694469519536142e-18 -5.4961311526420651e-18 -2.5197499617326657e-18 2.3236000000000012 
3 0.081869590045024476 0.014586214904675234 -0.0049999999999980442 0.99455769922077208 0.10418724931911937 6.1444437180708507e-17 -0.10418724931911937 0.99455769922077208 5.3738695169413697e-17 -5.5511151240660852e-17 -5.9847959922637951e-17 1 -0.07552946554350283 0.073927090820638849 9.1072982488782372e-18 -1.6311660418928273e-17 -1.4266016374790558e-17 -0.5309401849008909 
4 0.26668850257004323 2.0299346423609686e-10 -1.2562251564738853e-08 1 0 0 0 1 0 0 0 1 -0.083273873181995264 0 0 0 0 0 
1 -0.121 -1.218180697837851e-18 -0.080000000000000002 1 0 0 0 1 0 0 0 1 -3.4694469519536142e-18 -0 -0 0 0 0 
2 -0.087380364162091412 0.016382012846784585 -0.033286762255221064 0.8989560092991582 -0.43803891761455616 -4.6783202906018932e-18 0.43803891761455616 0.8989560092991582 -2.2796291873463332e-18 5.2041704404504936e-18 5.8927370359625153e-28 1 -0.039094035457566755 0.080229898963585053 -3.4694469519536142e-18 -5.5821717707461826e-18 -2.7200535463416464e-18 2.3864000000000014 
3 0.081084921986310385 0.015331362116508797 -0.0049999999999980433 0.99398572382400963 0.10950972940364519 6.1731225744446171e-17 -0.10950972940364519 0.99398572382400963 5.3409006612421992e-17 -5.5511151242292832e-17 -5.9847959923399226e-17 1 -0.08144574906399607 0.075084401720698468 2.0599841277224577e-18 -1.665391895553761e-17 -1.4408741392909599e-17 -0.5395622314217835 
4 0.26582375795578245 2.0299346442810875e-10 -1.2562251564930865e-08 1 0 0 0 1 0 0 0 1 -0.089717973018314995 0 0 0 0 0 
1 -0.121 -1.218180697837851e-18 -0.080000000000000002 1 0 0 0 1 0 0 0 1 -0 -0 -0 0 0 0 
2 -0.087786236011737254 0.017190001178527644 -0.033286762255221064 0.88810339507086644 -0.45964373123496471 -4.6218414376176747e-18 0.45964373123496471 0.88810339507086644 -2.392064320467559e-18 5.2041704418412099e-18 6.7216303210075602e-28 1 -0.042101750886449928 0.081347150760053138 -3.4694469519536142e-18 -5.6599070245066079e-18 -2.9293219668445748e-18 2.4492000000000016 
3 0.08023984947847633 0.016087530593223053 -0.0049999999999980477 0.9933757987393409 0.11491093280874734 6.2020619107700344e-17 -0.11491093280874734 0.9933757987393409 5.3072676822065983e-17 -5.551115124413947e-17 -5.9847959924396568e-17 1 -0.087609665147799817 0.076129999232260312 -1.0842021724855052e-18 -1.6975411704519813e-17 -1.4526306771478823e-17 -0.54741187523593049 
4 0.26489329593609473 2.0299346463471279e-10 -1.256225156513747e-08 1 0 0 0 1 0 0 0 1 -0.096416170437751483 0 0 0 0 0 
1 -0.121 -1.218180697837851e-18 -0.080000000000000002 1 0 0 0 1 0 0 0 1 -0 -0 -0 0 0 0 
2 -0.088222825766282195 0.018008528758294156 -0.033286762255221064 0.87642941426575338 -0.48153035398590227 -4.5610880530318485e-18 0.48153035398590227 0.87642941426575338 -2.5059660364564803e-18 5.2041704433447665e-18 7.6412888324716868e-28 1 -0.045237424240834941 0.082336261675099096 -6.8194068102117619e-45 -5.7287265946080047e-18 -3.1474933417893414e-18 2.5120000000000013 
3 0.079331919091152892 0.016853562389505816 -0.0049999999999980477 0.99272757208958728 0.1203825884964817 6.2312102732642513e-17 -0.1203825884964817 0.99272757208958728 5.2730143874098224e-17 -5.5511151246217292e-17 -5.984795992568235e-17 1 -0.094016413361037471 0.077055674102240498 2.385244779468109e-18 -1.7273840908428642e-17 -1.4617579513691672e-17 -0.55442972234604615 
4 0.26389461381780582 2.0299346485646477e-10 -1.2562251565359221e-08 1 0 0 0 1 0 0 0 1 -0.103360529277193 0 0 0 0 0 
1 -0.121 -1.218180697837851e-18 -0.080000000000000002 1 0 0 0 1 0 0 0 1 -0 -0 -0 0 0 0 
