1 -0.1322131193924678 0.04215394533365132 0.2000000152587891 1 0 0 0 1 0 0 0 1 -0 -0 -0 0 0 0 
2 0.07099997711181641 0.1600000141859064 0.2000000152587891 -1 1.224646799147353e-16 3.262652233999262e-55 -1.224646799147353e-16 -1 2.471452993948174e-16 3.026656998281774e-32 2.471452993948174e-16 1 0 0 0 0 0 0 
1 -0.1322131193924678 0.04215394533365132 0.2000000152587891 1 0 0 0 1 0 0 0 1 -0 -0 -0 0 0 0 
2 0.07099997711181641 0.1600000141859064 0.2000000152587891 -1 1.224646799147353e-16 0 -1.224646799147353e-16 -1 2.471452993948174e-16 3.026656998281774e-32 2.471452993948174e-16 1 0 0 0 0 0 0 
1 -0.1322131193924678 0.04215394533365132 0.2000000152587891 1 0 0 0 1 0 0 0 1 -0 -0 -0 0 0 0 
2 0.07099997711181641 0.1600000141859064 0.2000000152587891 -1 1.224646799147353e-16 0 -1.224646799147353e-16 -1 2.471452993948174e-16 3.026656998281774e-32 2.471452993948174e-16 1 0 0 0 0 0 0 
1 -0.1322131193924678 0.04215394533365132 0.2000000152587891 1 0 0 0 1 0 0 0 1 -0 -0 -0 0 0 0 
2 0.07099997711181641 0.1600000141859064 0.2000000152587891 -1 1.224646799147353e-16 0 -1.224646799147353e-16 -1 2.471452993948174e-16 3.026656998281774e-32 2.471452993948174e-16 1 0 0 0 0 0 0 
1 -0.1322131193924678 0.04215394533365132 0.2000000152587891 1 0 0 0 1 0 0 0 1 -0 -0 -0 0 0 0 
2 0.07099997711181641 0.1600000141859064 0.2000000152587891 -1 1.224646799147353e-16 0 -1.224646799147353e-16 -1 2.471452993948174e-16 3.026656998281774e-32 2.471452993948174e-16 1 0 0 0 0 0 0 
1 -0.1322131193924678 0.04215394533365132 0.2000000152587891 1 0 0 0 1 0 0 0 1 -0 -0 -0 0 0 0 
2 0.07099997711181641 0.1600000141859064 0.2000000152587891 -1 1.224646799147353e-16 0 -1.224646799147353e-16 -1 2.471452993948174e-16 3.026656998281774e-32 2.471452993948174e-16 1 0 0 0 0 0 0 
1 -0.1322131193924678 0.04215394533365132 0.2000000152587891 1 0 0 0 1 0 0 0 1 -0 -0 -0 0 0 0 
2 0.07099997711181641 0.1600000141859064 0.2000000152587891 -1 1.224646799147353e-16 0 -1.224646799147353e-16 -1 2.471452993948174e-16 3.026656998281774e-32 2.471452993948174e-16 1 0 0 0 0 0 0 
1 -0.1322131193924678 0.04215394533365132 0.2000000152587891 1 0 0 0 1 0 0 0 1 -0 -0 -0 0 0 0 
2 0.07099997711181641 0.1600000141859064 0.2000000152587891 -1 1.224646799147353e-16 0 -1.224646799147353e-16 -1 2.471452993948174e-16 3.026656998281774e-32 2.471452993948174e-16 1 0 0 0 0 0 0 
1 -0.1322131193924678 0.04215394533365132 0.2000000152587891 1 0 0 0 1 0 0 0 1 -0 -0 -0 0 0 0 
2 0.07099997711181641 0.1600000141859064 0.2000000152587891 -1 1.224646799147353e-16 0 -1.224646799147353e-16 -1 2.471452993948174e-16 3.026656998281774e-32 2.471452993948174e-16 1 0 0 0 0 0 0 
1 -0.1322131193924678 0.04215394533365132 0.2000000152587891 1 0 0 0 1 0 0 0 1 -0 -0 -0 0 0 0 
2 0.07099997711181641 0.1600000141859064 0.2000000152587891 -1 1.224646799147353e-16 0 -1.224646799147353e-16 -1 2.471452993948174e-16 3.026656998281774e-32 2.471452993948174e-16 1 0 0 0 0 0 0 
1 -0.1322131193924678 0.04215394533365132 0.2000000152587891 1 0 0 0 1 0 0 0 1 -0 -0 -0 0 0 0 
2 0.07099997711181641 0.1600000141859064 0.2000000152587891 -1 1.224646799147353e-16 0 -1.224646799147353e-16 -1 2.471452993948174e-16 3.026656998281774e-32 2.471452993948174e-16 1 0 0 0 0 0 0 
1 -0.1322131193924678 0.04215394533365132 0.2000000152587891 1 0 0 0 1 0 0 0 1 -0 -0 -0 0 0 0 
2 0.07099997711181641 0.1600000141859064 0.2000000152587891 -1 1.224646799147353e-16 0 -1.224646799147353e-16 -1 2.471452993948174e-16 3.026656998281774e-32 2.471452993948174e-16 1 0 0 0 0 0 0 
1 -0.1322131193924678 0.04215394533365132 0.2000000152587891 1 0 0 0 1 0 0 0 1 -0 -0 -0 0 0 0 
2 0.07099997711181641 0.1600000141859064 0.2000000152587891 -1 1.224646799147353e-16 0 -1.224646799147353e-16 -1 2.471452993948174e-16 3.026656998281774e-32 2.471452993948174e-16 1 0 0 0 0 0 0 
1 -0.1322131193924678 0.04215394533365132 0.2000000152587891 1 0 0 0 1 0 0 0 1 -0 -0 -0 0 0 0 
2 0.07099997711181641 0.1600000141859064 0.2000000152587891 -1 1.224646799147353e-16 0 -1.224646799147353e-16 -1 2.471452993948174e-16 3.026656998281774e-32 2.471452993948174e-16 1 0 0 0 0 0 0 
1 -0.1322131193924678 0.04215394533365132 0.2000000152587891 1 0 0 0 1 0 0 0 1 -0 -0 -0 0 0 0 
2 0.07099997711181641 0.1600000141859064 0.2000000152587891 -1 1.224646799147353e-16 0 -1.224646799147353e-16 -1 2.471452993948174e-16 3.026656998281774e-32 2.471452993948174e-16 1 0 0 0 0 0 0 
1 -0.1322131193924678 0.04215394533365132 0.2000000152587891 1 0 0 0 1 0 0 0 1 -0 -0 -0 0 0 0 
2 0.07099997711181641 0.1600000141859064 0.2000000152587891 -1 1.224646799147353e-16 0 -1.224646799147353e-16 -1 2.471452993948174e-16 3.026656998281774e-32 2.471452993948174e-16 1 0 0 0 0 0 0 
1 -0.1322131193924678 0.04215394533365132 0.2000000152587891 1 0 0 0 1 0 0 0 1 -0 -0 -0 0 0 0 
2 0.07099997711181641 0.1600000141859064 0.2000000152587891 -1 1.224646799147353e-16 0 -1.224646799147353e-16 -1 2.471452993948174e-16 3.026656998281774e-32 2.471452993948174e-16 1 0 0 0 0 0 0 
1 -0.1322131193924678 0.04215394533365132 0.2000000152587891 1 0 0 0 1 0 0 0 1 -0 -0 -0 0 0 0 
2 0.07099997711181641 0.1600000141859064 0.2000000152587891 -1 1.224646799147353e-16 0 -1.224646799147353e-16 -1 2.471452993948174e-16 3.026656998281774e-32 2.471452993948174e-16 1 0 0 0 0 0 0 
1 -0.1322131193924678 0.04215394533365132 0.2000000152587891 1 0 0 0 1 0 0 0 1 -0 -0 -0 0 0 0 
2 0.07099997711181641 0.1600000141859064 0.2000000152587891 -1 1.224646799147353e-16 0 -1.224646799147353e-16 -1 2.471452993948174e-16 3.026656998281774e-32 2.471452993948174e-16 1 0 0 0 0 0 0 
1 -0.1322131193924678 0.04215394533365132 0.2000000152587891 1 0 0 0 1 0 0 0 1 -0 -0 -0 0 0 0 
2 0.07099997711181641 0.1600000141859064 0.2000000152587891 -1 1.224646799147353e-16 0 -1.224646799147353e-16 -1 2.471452993948174e-16 3.026656998281774e-32 2.471452993948174e-16 1 0 0 0 0 0 0 
1 -0.1322131193924678 0.04215394533365132 0.2000000152587891 1 0 0 0 1 0 0 0 1 -0 -0 -0 0 0 0 
2 0.07099997711181641 0.1600000141859064 0.2000000152587891 -1 1.224646799147353e-16 0 -1.224646799147353e-16 -1 2.471452993948174e-16 3.026656998281774e-32 2.471452993948174e-16 1 0 0 0 0 0 0 
1 -0.1322131193924678 0.04215394533365132 0.2000000152587891 1 0 0 0 1 0 0 0 1 -0 -0 -0 0 0 0 
2 0.07099997711181641 0.1600000141859064 0.2000000152587891 -1 1.224646799147353e-16 0 -1.224646799147353e-16 -1 2.471452993948174e-16 3.026656998281774e-32 2.471452993948174e-16 1 0 0 0 0 0 0 
1 -0.1322131193924678 0.04215394533365132 0.2000000152587891 1 0 0 0 1 0 0 0 1 -0 -0 -0 0 0 0 
2 0.07099997711181641 0.1600000141859064 0.2000000152587891 -1 1.224646799147353e-16 0 -1.224646799147353e-16 -1 2.471452993948174e-16 3.026656998281774e-32 2.471452993948174e-16 1 0 0 0 0 0 0 
1 -0.1322131193924678 0.04215394533365132 0.2000000152587891 1 0 0 0 1 0 0 0 1 -0 -0 -0 0 0 0 
2 0.07099997711181641 0.1600000141859064 0.2000000152587891 -1 1.224646799147353e-16 0 -1.224646799147353e-16 -1 2.471452993948174e-16 3.026656998281774e-32 2.471452993948174e-16 1 0 0 0 0 0 0 
1 -0.1322131193924678 0.04215394533365132 0.2000000152587891 1 0 0 0 1 0 0 0 1 -0 -0 -0 0 0 0 
2 0.07099997711181641 0.1600000141859064 0.2000000152587891 -1 1.224646799147353e-16 0 -1.224646799147353e-16 -1 2.471452993948174e-16 3.026656998281774e-32 2.471452993948174e-16 1 0 0 0 0 0 0 
1 -0.1322131193924678 0.04215394533365132 0.2000000152587891 1 0 0 0 1 0 0 0 1 -7.395570986446986e-32 4.314083075427408e-32 -0 0 0 0 
2 0.07099997711181641 0.1600000141859064 0.2000000152587891 -1 1.224646799147353e-16 0 -1.224646799147353e-16 -1 2.471452993948174e-16 3.026656998281774e-32 2.471452993948174e-16 1 -7.395570986446986e-32 4.314083075427408e-32 2.67269315645965e-33 0 6.770244760849274e-31 5.478756648358285e-15 
1 -0.1322131193924678 0.04215394533365132 0.2000000152587891 1 0 0 0 1 0 0 0 1 1.975849454252095e-17 -1.701778440985532e-17 -0 0 0 1.110223024614872e-16 
2 0.07099997711177841 0.1600000141860024 0.2000000152587891 -0.9999878257772035 0.004934399394178056 3.71170280155356e-24 -0.004934399394178056 -0.9999878257772035 2.471460516067488e-16 1.219521038979454e-18 2.471430427773382e-16 1 -1.898984441917051e-13 -7.4047538933808e-14 4.876598382710061e-19 1.831359199083478e-24 1.219421972420652e-16 0.986802714017021 
1 -0.1322131193924678 0.04215394533365132 0.2000000152587891 1 0 0 0 1 0 0 0 1 3.470122534625751e-18 -2.081262900484592e-17 -0 0 0 2.220446049250313e-16 
2 0.07099997711181641 0.1600000141859064 0.2000000152587891 -0.9998053144621276 0.01973152739364272 2.741069008141445e-27 -0.01973152739364272 -0.9998053144621276 2.471452994874573e-16 4.876554249787333e-18 2.470971838718398e-16 1 -2.42861286636753e-17 2.081668171172169e-17 1.012268540338619e-18 2.70355921135857e-27 2.437633098655455e-16 1.972631568320939 
1 -0.1322131193924678 0.04215394533365132 0.2000000152587891 1 0 0 0 1 0 0 0 1 -4.862013140620493e-17 2.599523056498413e-17 -0 0 0 0 
2 0.07099997711181641 0.1600000141859064 0.2000000152587891 -0.999015344519447 0.04436599389950333 3.514535416056586e-26 -0.04436599389950333 -0.999015344519447 2.471453001083294e-16 1.096484691200781e-17 2.469019471325255e-16 1 -5.204170427930421e-17 2.775557561562891e-17 1.609854753091377e-18 5.195385998714283e-26 3.653442284227069e-16 2.956513664330806 
1 -0.1322131193924678 0.04215394533365132 0.2000000152587891 1 0 0 0 1 0 0 0 1 -1.230530190599378e-16 -6.295116921912869e-17 -0 0 0 4.440892098500627e-16 
2 0.0709999771118164 0.1600000141859064 0.2000000152587891 -0.9968926847598092 0.07877166414631473 1.88175612184799e-25 -0.07877166414631473 -0.9968926847598092 2.47145302128341e-16 1.946804692218406e-17 2.463773437496732e-16 1 -2.775557561562891e-16 -2.42861286636753e-17 2.314471179203682e-18 3.704686670289496e-25 4.86564598013346e-16 3.937478024653499 
1 -0.1322131193924678 0.04215394533365132 0.2000000152587891 1 0 0 0 1 0 0 0 1 -9.432362881040377e-17 1.032955647984571e-17 -0 0 0 0 
2 0.07099997711181641 0.1600000141859064 0.2000000152587891 -0.9924306498887605 0.1228063726415387 6.571887172419668e-25 -0.1228063726415387 -0.9924306498887605 2.471453068371399e-16 3.035101930026346e-17 2.452745774006329e-16 1 -2.775557561562891e-16 -1.387778780781446e-17 3.156939422919464e-18 1.614895567886714e-24 6.07304793428576e-16 4.914556551371366 
1 -0.1322131193924678 0.04215394533365132 0.2000000152587891 1 0 0 0 1 0 0 0 1 3.744022455056773e-17 1.174288394456255e-16 -0 0 0 -8.881784197001211e-16 
2 0.07099997711181638 0.1600000141859064 0.2000000152587891 -0.984353751309314 0.1762035535489596 1.779067275172436e-24 -0.1762035535489596 -0.984353751309314 2.471453159262777e-16 4.354788466042194e-17 2.43278418537079e-16 1 -5.065392549852277e-16 -4.093947403305265e-16 4.163277081233002e-18 5.236493263151438e-24 7.274456670132025e-16 5.886784981433323 
1 -0.1322131193924678 0.04215394533365132 0.2000000152587891 1 0 0 0 1 0 0 0 1 -2.059353555869008e-16 1.15482466004783e-16 -0 0 0 0 
2 0.07099997711181627 0.1600000141859065 0.2000000152587891 -0.9711395117553677 0.2385121563097905 4.06482031652468e-24 -0.2385121563097905 -0.9711395117553677 2.471453314652701e-16 5.894716987718711e-17 2.400125955622919e-16 1 -2.040034807748725e-15 -1.582067810090848e-15 5.352757871988666e-18 1.39285211185725e-23 8.468686671042183e-16 6.853203838270551 
1 -0.1322131193924678 0.04215394533365132 0.2000000152587891 1 0 0 0 1 0 0 0 1 9.972420536640516e-17 1.058971825268748e-16 -0 0 0 -8.881784197000779e-16 
2 0.07099997711181592 0.1600000141859067 0.2000000152587891 -0.9510532453159203 0.3090270612325982 8.226545662501091e-24 -0.3090270612325982 -0.9510532453159203 2.47145355871743e-16 7.637461084621234e-17 2.35048390224354e-16 1 -6.022959908591474e-15 -6.765421556309548e-15 6.735584697717371e-18 3.213642223666799e-23 9.654559557609268e-16 7.812859378688499 
1 -0.1322131193924678 0.04215394533365132 0.2000000152587891 1 0 0 0 1 0 0 0 1 7.488044910112502e-17 2.348576788912182e-16 -0 0 0 -1.776356839399995e-15 
2 0.07099997711181499 0.1600000141859071 0.2000000152587891 -0.922199972781823 0.3867133437072026 1.519776108453398e-23 -0.3867133437072026 -0.922199972781823 2.471453918757439e-16 9.557443488947071e-17 2.27917467783787e-16 1 -1.657007864253046e-14 -2.216282712907969e-14 8.310212416039751e-18 6.660270260772117e-23 1.08309052564732e-15 8.764804534100799 
1 -0.1322131193924678 0.04215394533365132 0.2000000152587891 1 0 0 0 1 0 0 0 1 -5.154731459358865e-16 1.330228954320114e-16 -0 0 0 0 
2 0.0709999771118128 0.1600000141859077 0.2000000152587891 -0.8825976307293683 0.4701291548403542 2.614626238266773e-23 -0.4701291548403542 -0.8825976307293683 2.47145442478341e-16 1.16190301071617e-16 2.181299696848249e-16 1 -3.815003868368194e-14 -6.310230116213233e-14 1.006042744384599e-17 1.269152628461141e-22 1.199656315929986e-15 9.708099845176147 
1 -0.1322131193924678 0.04215394533365132 0.2000000152587891 1 0 0 0 1 0 0 0 1 -1.025458841849113e-16 3.882296325633542e-16 -0 0 0 -1.776356839398897e-15 
2 0.07099997711180811 0.1600000141859082 0.2000000152587891 -0.8302752078816322 0.5573536392427274 4.247883780013124e-23 -0.5573536392427274 -0.8302752078816322 2.471455109046875e-16 1.377474851943566e-16 2.051987667676668e-16 1 -7.205347429817266e-14 -1.62009294868426e-13 1.195237570479896e-17 2.260259536507254e-22 1.31503832705815e-15 10.64181438897589 
1 -0.1322131193924678 0.04215394533365132 0.2000000152587891 1 0 0 0 1 0 0 0 1 3.429668924514611e-16 2.256950795495184e-16 -0 0 0 -1.776356839397487e-15 
2 0.0709999771117991 0.1600000141859077 0.2000000152587891 -0.7633982643106644 0.6459280842690346 6.583736018512841e-23 -0.6459280842690346 -0.7633982643106644 2.471456005518076e-16 1.596383345600756e-16 1.886704799670668e-16 1 -1.121880366383721e-13 -3.756717159575373e-13 1.393182524313394e-17 3.807054142427825e-22 1.429122734296337e-15 11.5650266976673 
1 -0.1322131193924678 0.04215394533365132 0.2000000152587891 1 0 0 0 1 0 0 0 1 -2.787510314495843e-16 -3.989694218779395e-18 -0 0 0 0 
2 0.07099997711178323 0.1600000141859038 0.2000000152587891 -0.6804223317234506 0.7328202033869035 9.808598477056125e-23 -0.7328202033869035 -0.6804223317234506 2.471457149314342e-16 1.811134398221498e-16 1.681633917497144e-16 1 -1.248653958008106e-13 -7.985279104616438e-13 1.592204795808851e-17 6.11900866244489e-22 1.541796999884745e-15 12.47682566790597 
1 -0.1322131193924678 0.04215394533365132 0.2000000152587891 1 0 0 0 1 0 0 0 1 -4.535112483477297e-16 -2.521700260595871e-16 -0 0 0 1.776356839390608e-15 
2 0.07099997711175761 0.160000014185892 0.2000000152587891 -0.580271871713935 0.8144228354470462 1.412894014313024e-22 -0.8144228354470462 -0.580271871713935 2.471458576083371e-16 2.012813121086392e-16 1.434116743114205e-16 1 -1.491862189340054e-14 -1.569272489732043e-12 1.782279505713995e-17 9.449655198043776e-22 1.652949983707703e-15 13.3763114599898 
1 -0.1322131193924678 0.04215394533365132 0.2000000152587891 1 0 0 0 1 0 0 0 1 5.525061520875524e-16 -1.236595983329086e-16 -0 0 0 1.776356839383499e-15 
2 0.07099997711171992 0.1600000141858647 0.2000000152587891 -0.4625387756194481 0.8865990531511196 1.976823145308297e-22 -0.8865990531511196 -0.4625387756194481 2.471460321346829e-16 2.191195295164018e-16 1.143144478378281e-16 1 4.174403878121069e-13 -2.864902759469601e-12 1.951090725881461e-17 1.40973153243351e-21 1.762472052356508e-15 14.26259638589742 
1 -0.1322131193924678 0.04215394533365132 0.2000000152587891 1 0 0 0 1 0 0 0 1 -2.821648048614943e-16 -5.187731704521042e-16 -0 0 0 3.552713678744594e-15 
2 0.07099997711167018 0.1600000141858094 0.2000000152587891 -0.3276899332773042 0.94478532356759 2.696305584386453e-22 -0.94478532356759 -0.3276899332773042 2.47146241981088e-16 2.335002305538358e-16 8.09870808015248e-17 1 1.540764911489578e-12 -4.867162228805455e-12 2.084312385500477e-17 2.040403067717808e-21 1.870255186479518e-15 15.13480578533444 
1 -0.1322131193924678 0.04215394533365132 0.2000000152587891 1 0 0 0 1 0 0 0 1 -1.974155914467855e-16 -5.46319954241088e-17 -0 0 0 0 
2 0.07099997711181641 0.1600000141859064 0.2000000152587891 -0.1772684430110963 0.9841625369380922 1.732930193544258e-27 -0.9841625369380922 -0.1772684430110963 2.47145299397949e-16 2.432311448481171e-16 4.381106242008018e-17 1 -2.081668171172169e-16 -2.775557561562891e-17 2.166151387406255e-17 1.385673623065968e-26 1.976183562449183e-15 15.99207888851786 
1 -0.1322131193924678 0.04215394533365132 0.2000000152587891 1 0 0 0 1 0 0 0 1 1.040937096368887e-16 -7.63202795664609e-16 -0 0 0 3.552713678800501e-15 
2 0.07099997711181641 0.1600000141859064 0.2000000152587891 -0.0140680322072055 0.9999010403384012 2.817145552060674e-27 -0.9999010403384012 -0.0140680322072055 2.471452993997034e-16 2.471208419845487e-16 3.476848028997607e-18 1 -3.191891195797325e-16 -2.775557561562891e-17 2.180249575878745e-17 2.371118665868056e-26 2.080168807660466e-15 16.83356966701801 
1 -0.1322131193924678 0.04215394533365132 0.2000000152587891 1 0 0 0 1 0 0 0 1 -1.497608982022716e-16 -4.69715357782504e-16 -0 0 0 3.552713678800501e-15 
2 0.07099997711181641 0.1600000141859064 0.2000000152587891 0.1577441435213073 0.9874800176128776 4.433792717794697e-27 -0.9874800176128776 0.1577441435213073 2.47145299402226e-16 2.440510446059507e-16 -3.898572358389949e-17 1 5.551115123125783e-17 5.551115123125783e-17 2.110821837568684e-17 3.914702520636641e-26 2.182101167808403e-15 17.65844766690917 
1 -0.1322131193924678 0.04215394533365132 0.2000000152587891 1 0 0 0 1 0 0 0 1 0 0 -0 0 0 0 
2 0.07099997711181641 0.1600000141859064 0.2000000152587891 0.3325841251484387 0.9430735918788351 6.776709606301102e-27 -0.9430735918788351 0.3325841251484387 2.471452994057637e-16 2.330762052243099e-16 -8.219660319380578e-17 1 -4.163336342344337e-16 8.326672684688674e-17 1.944189194387022e-17 6.256929155850977e-26 2.281880047492725e-15 18.46589882938724 
1 -0.1322131193924678 0.04215394533365132 0.2000000152587891 1 0 0 0 1 0 0 0 1 0 0 -0 0 0 0 
2 0.07099997711181641 0.1600000141859063 0.2000000152587891 0.5035155867841474 0.8639861421720928 1.008448966355431e-26 -0.8639861421720928 0.5035155867841474 2.471452994106119e-16 2.135301137886637e-16 -1.244415104623909e-16 1 7.494005416219807e-16 -5.551115123125783e-17 1.670514706026862e-17 9.708885869484972e-26 2.379406976549154e-15 19.25512629391313 
1 -0.1322131193924678 0.04215394533365132 0.2000000152587891 1 0 0 0 1 0 0 0 1 1.296802241027379e-16 -1.455434981361697e-16 -0 0 0 0 
2 0.07099997711181641 0.1600000141859064 0.2000000152587891 0.6624477019508301 0.7491081645397173 1.464309496769695e-26 -0.7491081645397173 0.6624477019508301 2.471452994171163e-16 1.851385616112746e-16 -1.637208356577878e-16 1 1.665334536937735e-16 -1.249000902703301e-16 1.285674276652265e-17 1.466167017682457e-25 2.4745857072281e-15 20.02535118462156 
1 -0.1322131193924678 0.04215394533365132 0.2000000152587891 1 0 0 0 1 0 0 0 1 4.334180562288116e-17 -1.333075479926816e-16 -0 0 0 0 
2 0.07099997711181641 0.1600000141859064 0.2000000152587891 0.8004850979540205 0.5993526574176028 2.078625065949242e-26 -0.5993526574176028 0.8004850979540205 2.471452994256708e-16 1.481271919624059e-16 -1.978361292320921e-16 1 8.326672684688674e-17 -9.71445146547012e-17 7.930816520525946e-18 2.159257250781244e-25 2.567322309180067e-15 20.77581337898107 
1 -0.1322131193924678 0.04215394533365132 0.2000000152587891 1 0 0 0 1 0 0 0 1 0 0 -0 0 0 0 
2 0.07099997711181641 0.1600000141859064 0.2000000152587891 0.9084369041756198 0.4180219983826398 2.889320161912574e-26 -0.4180219983826398 0.9084369041756198 2.471452994367131e-16 1.033121719351631e-16 -2.245159107139222e-16 1 -3.05311331771918e-16 8.326672684688674e-17 2.05244056617261e-18 3.106853733426959e-25 2.657525262154006e-15 21.50577225794677 
1 -0.1322131193924678 0.04215394533365132 0.2000000152587891 1 0 0 0 1 0 0 0 1 -4.958970121907085e-16 2.000866836248178e-16 -0 0 0 0 
2 0.07099997711181641 0.1600000141859063 0.2000000152587891 0.9774755946462674 0.2110484822758169 3.938267891287373e-26 -0.2110484822758169 0.9774755946462674 2.471452994507172e-16 5.215964031218053e-17 -2.415784985529313e-16 1 8.326672684688674e-17 1.804112415015879e-16 -4.552111406191648e-18 4.374334299215926e-25 2.745105546317122e-15 22.21450743686523 
1 -0.1322131193924678 0.04215394533365132 0.2000000152587891 1 0 0 0 1 0 0 0 1 5.584109431565075e-16 3.443137358860981e-16 -0 0 0 -3.552713678800502e-15 
2 0.07099997711181641 0.1600000141859064 0.2000000152587891 0.9999161471904401 -0.0129498489499351 5.270379303336293e-26 0.0129498489499351 0.9999161471904401 2.471452994681811e-16 -3.200494349498796e-18 -2.471245756397687e-16 1 9.71445146547012e-16 -3.747002708109903e-16 -1.155308968908885e-17 6.034931987467723e-25 2.829976730106997e-15 22.90131947641063 
1 -0.1322131193924678 0.04215394533365132 0.2000000152587891 1 0 0 0 1 0 0 0 1 1.233105396402361e-16 -1.183712023460529e-16 -0 0 0 0 
2 0.07099997711181642 0.1600000141859063 0.2000000152587891 0.9700636469946261 -0.2428508200099096 6.932304407987378e-26 0.2428508200099096 0.9700636469946261 2.47145299489612e-16 -6.001943870989472e-17 -2.397466705436369e-16 1 7.494005416219807e-16 2.220446049250313e-16 -1.852543774721356e-17 8.168171003221064e-25 2.912055055529311e-15 23.56553057285001 
1 -0.1322131193924678 0.04215394533365132 0.2000000152587891 1 0 0 0 1 0 0 0 1 3.628817841880763e-16 -2.22926341259735e-16 -0 0 0 0 
2 0.0709999771118164 0.1600000141859064 0.2000000152587891 0.8850554071606924 -0.4654856885615506 8.970716672995397e-26 0.4654856885615506 0.8850554071606924 2.471452995155062e-16 -1.150425999991219e-16 -2.187372836487903e-16 1 3.05311331771918e-16 -5.551115123125783e-16 -2.496917246363072e-17 1.085747523609582e-24 2.991259520816974e-15 24.20648522695694 
1 -0.1322131193924678 0.04215394533365132 0.2000000152587891 1 0 0 0 1 0 0 0 1 -6.180751995218401e-16 -1.034735189149388e-17 -0 0 0 0 
2 0.07099997711181641 0.1600000141859064 0.2000000152587891 0.7456052819648519 -0.6663878476578889 1.143028390267103e-25 0.6663878476578889 0.7456052819648519 2.471452995463273e-16 -1.646946243086661e-16 -1.842728406783571e-16 1 -6.38378239159465e-16 0 -3.034259745261569e-17 1.418701257015309e-24 3.067511960369111e-15 24.82355089091312 
1 -0.1322131193924678 0.04215394533365132 0.2000000152587891 1 0 0 0 1 0 0 0 1 1.670379989301271e-16 -7.033233597150827e-16 -0 0 0 3.552713678800502e-15 
2 0.07099997711181641 0.1600000141859064 0.2000000152587891 0.556546868140547 -0.8308162152744424 1.435130517961701e-25 0.8308162152744424 0.556546868140547 2.471452995824805e-16 -2.053323225018564e-16 -1.375479423390538e-16 1 -3.05311331771918e-16 -5.551115123125783e-17 -3.410740929423871e-17 1.823772851591567e-24 3.140737121891001e-15 25.41611859255963 
1 -0.1322131193924678 0.04215394533365132 0.2000000152587891 1 0 0 0 1 0 0 0 1 -1.174840073674315e-16 2.491754904404228e-16 -0 0 -0 0 
2 0.07099997711181641 0.1600000141859064 0.2000000152587891 0.3270724069243401 -0.9449992807556622 1.776718383278879e-25 0.9449992807556622 0.3270724069243401 2.471452996242854e-16 -2.335521304452039e-16 -8.083440784025247e-17 1 -1.058181320345852e-16 2.220446049250313e-16 -3.578290784927634e-17 2.308277217297245e-24 3.210862740658852e-15 25.98360353638172 
1 -0.1322131193924678 0.04215394533365132 0.2000000152587891 1 0 0 0 1 0 0 0 1 6.399741821106656e-16 1.24588619238774e-16 -0 0 -0 0 
2 0.07099997711181641 0.1600000141859064 0.2000000152587891 0.07057835415485877 -0.9975062385392842 2.17017483919047e-25 0.9975062385392842 0.07057835415485877 2.471452996719488e-16 -2.465289782637466e-16 -1.744310827147921e-17 1 6.938893903907228e-16 1.110223024625157e-16 -3.500460564245642e-17 2.878242829170041e-24 3.277819610836161e-15 26.52544568063413 
1 -0.1322131193924678 0.04215394533365132 0.2000000152587891 1 0 0 0 1 0 0 0 1 5.660847622102474e-16 -1.496965175712768e-16 -0 0 -0 0 
2 0.07099997711181641 0.1600000141859064 0.2000000152587891 -0.1959417547665887 -0.9806155356402375 2.616665181164904e-25 0.9806155356402375 -0.1959417547665887 2.471452997255377e-16 -2.423545204200538e-16 4.842608396713063e-17 1 4.996003610813204e-16 -5.551115123125783e-17 -3.158084071105792e-17 3.537876287987047e-24 3.341541653771282e-15 27.0411102900372 
1 -0.1322131193924678 0.04215394533365132 0.2000000152587891 1 0 0 0 1 0 0 0 1 0 0 -0 0 0 0 
2 0.07099997711181641 0.1600000141859064 0.2000000152587891 -0.452972022573242 -0.8915247314381729 3.115891490950947e-25 0.8915247314381729 -0.452972022573242 2.471452997849547e-16 -2.203361468758473e-16 1.119499065908506e-16 1 5.551115123125783e-16 -1.387778780781446e-16 -2.553986508703536e-17 4.289038319408452e-24 3.40196598320883e-15 27.5300884634985 
1 -0.1322131193924678 0.04215394533365132 0.2000000152587891 1 0 0 0 1 0 0 0 1 -1.514143462234102e-16 -6.436117687435291e-16 -0 0 0 3.552713678800501e-15 
2 0.07099997711181641 0.1600000141859064 0.2000000152587891 -0.679975288549441 -0.7332350284609324 3.665889504894595e-25 0.7332350284609324 -0.679975288549441 2.471452998499179e-16 -1.812155907201688e-16 1.680526968478819e-16 1 -6.106226635438361e-16 8.326672684688674e-17 -1.715962747861847e-17 5.130760202242645e-24 3.459032967350631e-15 27.99189763633922 
1 -0.1322131193924678 0.04215394533365132 0.2000000152587891 1 0 0 0 1 0 0 0 1 7.123309468136408e-16 -1.487035589498405e-16 -0 0 0 0 
2 0.07099997711181641 0.1600000141859064 0.2000000152587891 -0.8572176546242157 -0.514954262629759 4.262863446187056e-25 0.514954262629759 -0.8572176546242157 2.471452999199459e-16 -1.272685253172662e-16 2.118573145682924e-16 1 6.106226635438361e-16 -1.595945597898663e-16 -6.973337395498386e-18 6.058825474951219e-24 3.512686287704965e-15 28.42608205652932 
1 -0.1322131193924678 0.04215394533365132 0.2000000152587891 1 0 0 0 1 0 0 0 1 1.147215889053503e-16 1.343028779684145e-16 -0 0 0 0 
2 0.07099997711181641 0.1600000141859064 0.2000000152587891 -0.9677542258773392 -0.2518963244998863 4.901098387348553e-25 0.2518963244998863 -0.9677542258773392 2.471452999943503e-16 -6.225499221169273e-17 2.391759085987121e-16 1 1.665334536937735e-16 1.457167719820518e-16 4.254009298169751e-18 7.065475690531327e-24 3.562872994666092e-15 28.83221323446199 
1 -0.1322131193924678 0.04215394533365132 0.2000000152587891 1 0 0 0 1 0 0 0 1 1.222019402408045e-15 -5.547598827714357e-17 -0 0 0 0 
2 0.07099997711181641 0.1600000141859064 0.2000000152587891 -0.9993665605318152 0.03558760585948308 5.572941876856657e-25 -0.03558760585948308 -0.9993665605318152 2.471453000722358e-16 8.795310085935581e-18 2.46988748464961e-16 1 1.221245327087672e-15 -5.551115123125783e-17 1.55797392428342e-17 8.139251041960919e-24 3.609543559769227e-15 29.20989036582307 
1 -0.1322131193924678 0.04215394533365132 0.2000000152587891 1 0 0 0 1 0 0 0 1 -1.402607676073185e-16 3.625734114857691e-17 -0 0 0 3.552713678800501e-15 
2 0.07099997711181642 0.1600000141859064 0.2000000152587891 -0.9462163969563886 0.3235344342274404 6.26887713218789e-25 -0.3235344342274404 -0.9462163969563886 2.471453001525103e-16 7.996001544998478e-17 2.338529352321937e-16 1 -6.106226635438361e-16 1.137978600240785e-15 2.596579734962446e-17 9.265005671030687e-24 3.652651924569425e-15 29.5587407271384 
1 -0.1322131193924678 0.04215394533365132 0.2000000152587891 1 0 0 0 1 0 0 0 1 9.461569787819644e-17 -2.373186520088907e-16 -0 0 0 0 
2 0.0709999771118164 0.1600000141859064 0.2000000152587891 -0.8099832953050604 0.5864529489453995 6.977682398965052e-25 -0.5864529489453995 -0.8099832953050604 2.471453002339034e-16 1.449390907053494e-16 2.001835642934074e-16 1 5.551115123125783e-17 -6.661338147750939e-16 3.438243743719872e-17 1.042410621477315e-23 3.692155546096158e-15 29.87842004360856 
1 -0.1322131193924678 0.04215394533365132 0.2000000152587891 1 0 0 0 1 0 0 0 1 3.025056351491001e-17 -2.663810341137671e-16 -0 0 0 3.552713678800501e-15 
2 0.07099997711181641 0.1600000141859063 0.2000000152587891 -0.6002900895321716 0.7997823506488858 7.686687407788607e-25 -0.7997823506488858 -0.6002900895321716 2.471453003149956e-16 1.976624496991762e-16 1.483588738387764e-16 1 4.579669976578771e-16 5.551115123125783e-16 3.992253504699678e-17 1.15948347654738e-23 3.728015438838731e-15 30.16861282886822 
1 -0.1322131193924678 0.04215394533365132 0.2000000152587891 1 0 0 0 1 0 0 0 1 1.497608982022716e-16 4.697153577825039e-16 -0 0 0 -3.5527136788005e-15 
2 0.0709999771118164 0.1600000141859064 0.2000000152587891 -0.3342888974191203 0.9424706536875878 8.382107615526671e-25 -0.9424706536875878 -0.3342888974191203 2.471453003942544e-16 2.329271930985927e-16 8.261792918112353e-17 1 3.05311331771918e-16 0 4.191284530187538e-17 1.275297112397485e-23 3.76019621322108e-15 30.42903269633441 
1 -0.1322131193924678 0.04215394533365132 0.2000000152587891 1 0 0 0 1 0 0 0 1 -2.210088403335967e-16 7.380268909438337e-17 -0 0 0 0 
2 0.07099997711181642 0.1600000141859064 0.2000000152587891 -0.03537583647183611 0.9993740792085404 9.049461261592622e-25 -0.9993740792085404 -0.03537583647183611 2.471453004700805e-16 2.46990607120018e-16 8.742970829832669e-18 1 -2.081668171172169e-16 4.996003610813204e-16 4.000733283636476e-17 1.387256275257068e-23 3.788666110527995e-15 30.65942264183697 
1 -0.1322131193924678 0.04215394533365132 0.2000000152587891 1 0 0 0 1 0 0 0 1 -2.262450510157887e-16 3.480621958510084e-16 -0 0 0 -3.552713678800502e-15 
2 0.0709999771118164 0.1600000141859064 0.2000000152587891 0.2688866958713644 0.9631718147783294 9.674039171591998e-25 -0.9631718147783294 0.2688866958713644 2.471453005408576e-16 2.380433873757514e-16 -6.645408419434271e-17 1 1.665334536937735e-16 -7.771561172376096e-16 3.424863401894951e-17 1.492682723188334e-23 3.813397034248244e-15 30.8595552972517 
1 -0.1322131193924678 0.04215394533365132 0.2000000152587891 1 0 0 0 1 0 0 0 1 0 0 -0 0 0 0 
2 0.07099997711181641 0.1600000141859064 0.2000000152587891 0.5494504509159138 0.8355263023916716 1.024141739365138e-24 -0.8355263023916716 0.5494504509159138 2.471453006050069e-16 2.064963986052644e-16 -1.357940977148675e-16 1 -1.221245327087672e-15 3.885780586188048e-16 2.508687317934145e-17 1.588916614434106e-23 3.834364577803623e-15 31.02923315488641 
1 -0.1322131193924678 0.04215394533365132 0.2000000152587891 1 0 0 0 1 0 0 0 1 -6.236029431675637e-16 -1.515453501543168e-16 -0 0 0 0 
2 0.07099997711181642 0.1600000141859063 0.2000000152587891 0.7787805939477901 0.627296410391712 1.073798031180617e-24 -0.627296410391712 0.7787805939477901 2.471453006610434e-16 1.550333591135999e-16 -1.924719647138022e-16 1 2.775557561562891e-16 3.608224830031759e-16 1.335016294685498e-17 1.673422352829775e-23 3.85154804863653e-15 31.16828876239794 
1 -0.1322131193924678 0.04215394533365132 0.2000000152587891 1 0 0 0 1 0 0 0 1 7.950729398389592e-16 -2.851083757174427e-16 -0 0 0 0 
2 0.07099997711181641 0.1600000141859064 0.2000000152587891 0.9338283451936598 0.357721430323752 1.115143821271012e-24 -0.357721430323752 0.9338283451936598 2.471453007076304e-16 8.840916942557443e-17 -2.307912875811067e-16 1 7.771561172376096e-16 -2.734357879008442e-16 1.675215673688461e-19 1.743894512101357e-23 3.864930488632217e-15 31.27658488804834 
1 -0.1322131193924678 0.04215394533365132 0.2000000152587891 1 0 0 0 1 0 0 0 1 0 0 -0 0 0 0 
2 0.07099997711181641 0.1600000141859063 0.2000000152587891 0.998614416094754 0.05262364456908597 1.147130580218933e-24 -0.05262364456908597 0.998614416094754 2.471453007436295e-16 1.300568531771148e-17 -2.468028602530281e-16 1 1.720845688168993e-15 4.302114220422482e-16 -1.314830160483117e-17 1.798357450508888e-23 3.874498690855515e-15 31.35401465613653 
1 -0.1322131193924678 0.04215394533365132 0.2000000152587891 1 0 0 0 1 0 0 0 1 -3.627124196065238e-16 3.217738029386389e-16 -0 0 0 0 
2 0.07099997711181641 0.1600000141859064 0.2000000152587891 0.9660935860080276 -0.2581921437111315 1.168932024759595e-24 0.2581921437111315 0.9660935860080276 2.471453007681451e-16 -6.381097614275748e-17 -2.387654895823208e-16 1 -4.440892098500626e-16 3.05311331771918e-16 -2.524456224239627e-17 1.835252592142615e-23 3.880243212585448e-15 31.40050165247226 
1 -0.1322131193924678 0.04215394533365132 0.2000000152587891 1 0 0 0 1 0 0 0 1 -3.318307669985073e-16 -4.075462757889764e-16 -0 0 0 0 
2 0.07099997711181641 0.1600000141859064 0.2000000152587891 0.839051545499185 -0.5440519313405927 1.179977612013669e-24 0.5440519313405927 0.839051545499185 2.471453007805599e-16 -1.344598792014773e-16 -2.073676459408206e-16 1 -4.163336342344337e-16 -4.440892098500626e-16 -3.488099015644305e-17 1.853508884527783e-23 3.882158384634843e-15 31.41599999978806 
1 -0.1322131193924678 0.04215394533365132 0.2000000152587891 1 0 0 0 1 0 0 0 1 -1.000621746568717e-15 6.898243961170821e-16 -0 0 0 -3.552713678800502e-15 
2 0.07099997711181641 0.1600000141859064 0.2000000152587891 0.6299037261109139 -0.7766732233259923 1.179976354766601e-24 0.7766732233259923 0.6299037261109139 2.471453007805583e-16 -1.919511381303796e-16 -1.556777449360202e-16 1 -5.551115123125783e-16 0 -4.107137985396393e-17 1.852592050662212e-23 3.880242316945656e-15 31.40049440301473 
1 -0.1322131193924678 0.04215394533365132 0.2000000152587891 1 0 0 0 1 0 0 0 1 -7.138309971581802e-16 3.237623390501989e-16 -0 0 -0 0 
2 0.07099997711181641 0.1600000141859064 0.2000000152587891 0.3594057044020022 -0.9331814076819687 1.1689281235959e-24 0.9331814076819687 0.3594057044020022 2.471453007681408e-16 -2.306314000929165e-16 -8.882542982139633e-17 1 -7.541710311809169e-16 3.33066907387547e-16 -4.319579742763252e-17 1.832528655436887e-23 3.874496900454501e-15 31.35400016437584 
1 -0.1322131193924678 0.04215394533365132 0.2000000152587891 1 0 0 0 1 0 0 0 1 -3.193512896867552e-17 -1.18233931324504e-15 -0 0 -0 7.105427357601003e-15 
2 0.07099997711181642 0.1600000141859064 0.2000000152587891 0.05442548607289188 -0.9985178348260633 1.147124279346527e-24 0.9985178348260633 0.05442548607289188 2.471453007436224e-16 -2.467789906483909e-16 -1.345100197817864e-17 1 -8.743006318923108e-16 6.661338147750939e-16 -4.106878340196146e-17 1.793905236656361e-23 3.864927805226494e-15 31.27656316828617 
1 -0.1322131193924678 0.04215394533365132 0.2000000152587891 1 0 0 0 1 0 0 0 1 -2.016983607683882e-16 3.132712874499385e-18 -0 0 -0 0 
2 0.0709999771118164 0.1600000141859064 0.2000000152587891 -0.2549513651167957 -0.9669538776100349 1.115135230082716e-24 0.9669538776100349 -0.2549513651167957 2.471453007076206e-16 -2.389781065680266e-16 6.301003287589319e-17 1 -2.220446049250313e-16 -4.440892098500626e-16 -3.495500694663415e-17 1.737841247109711e-23 3.851544474859286e-15 31.16825983606918 
1 -0.1322131193924678 0.04215394533365132 0.2000000152587891 1 0 0 0 1 0 0 0 1 3.294264570106557e-17 -1.286188703876588e-16 -0 0 0 0 
2 0.07099997711181641 0.1600000141859064 0.2000000152587891 -0.5386300327371676 -0.8425423952737083 1.073787381558396e-24 0.8425423952737083 -0.5386300327371676 2.471453006610314e-16 -2.082303930212121e-16 1.331198822905999e-16 1 0 -8.326672684688674e-17 -2.553113096718259e-17 1.665937995548445e-23 3.8343601171628e-15 31.02919705053798 
1 -0.1322131193924678 0.04215394533365132 0.2000000152587891 1 0 0 0 1 0 0 0 1 0 0 -0 0 0 0 
2 0.07099997711181642 0.1600000141859064 0.2000000152587891 -0.7696413729709474 -0.6384764341864115 1.024129253176123e-24 0.6384764341864115 -0.7696413729709474 2.471453006049928e-16 -1.577964494679923e-16 1.902132491348266e-16 1 -2.220446049250313e-16 -2.775557561562891e-16 -1.380001555882383e-17 1.580206465913676e-23 3.813391691123891e-15 30.85951205051441 
1 -0.1322131193924678 0.04215394533365132 0.2000000152587891 1 0 0 0 1 0 0 0 1 0 0 -0 0 0 0 
2 0.07099997711181641 0.1600000141859064 0.2000000152587891 -0.9268369848119866 -0.3754639844041306 9.673899580189629e-25 0.3754639844041306 -0.9268369848119866 2.471453005408417e-16 -9.279415837120798e-17 2.290634055269461e-16 1 4.996003610813204e-16 -1.07552855510562e-16 -9.696643199652618e-19 1.482978452155145e-23 3.788659890168899e-15 30.65937229539032 
1 -0.1322131193924678 0.04215394533365132 0.2000000152587891 1 0 0 0 1 0 0 0 1 -3.120468065643245e-16 2.009423511947786e-16 -0 0 0 -3.5527136788005e-15 
2 0.0709999771118164 0.1600000141859064 0.2000000152587891 -0.9968470582777755 -0.07934697475610022 9.049309359646049e-25 0.07934697475610022 -0.9968470582777755 2.471453004700633e-16 -1.961023101540917e-17 2.46366065812563e-16 1 5.551115123125783e-17 -9.71445146547012e-16 1.168643560770075e-17 1.376806054886711e-23 3.760189121740574e-15 30.4289752998645 
1 -0.1322131193924678 0.04215394533365132 0.2000000152587891 1 0 0 0 1 0 0 0 1 -9.108499518235031e-16 -5.412944961747874e-17 -0 0 0 0 
2 0.07099997711181641 0.1600000141859064 0.2000000152587891 -0.975109476508189 0.221723947339762 8.381947378155302e-25 -0.221723947339762 -0.975109476508189 2.471453003942363e-16 5.479803238721295e-17 2.409937243030351e-16 1 -8.881784197001252e-16 -5.551115123125783e-17 2.296927903038417e-17 1.264355932116813e-23 3.728007483209672e-15 30.1685484390187 
1 -0.1322131193924678 0.04215394533365132 0.2000000152587891 1 0 0 0 1 0 0 0 1 5.728598363702201e-16 3.364713500178582e-16 -0 0 0 0 
2 0.07099997711181641 0.1600000141859064 0.2000000152587891 -0.8659041408921567 0.5002099746964428 7.686522856334158e-25 -0.5002099746964428 -0.8659041408921567 2.471453003149768e-16 1.236245450824785e-16 2.140041385602865e-16 1 -1.665334536937735e-16 2.775557561562891e-16 3.187736982266611e-17 1.148303049545295e-23 3.692146734144993e-15 29.87834872392475 
1 -0.1322131193924678 0.04215394533365132 0.2000000152587891 1 0 0 0 1 0 0 0 1 2.559909736936248e-16 -1.218795516454971e-16 -0 0 0 0 
2 0.07099997711181641 0.1600000141859064 0.2000000152587891 -0.6814525779856353 0.7318622711663251 6.977515998617857e-25 -0.7318622711663251 -0.6814525779856353 2.471453002338844e-16 1.808763212127386e-16 1.684178014707563e-16 1 3.05311331771918e-16 -1.110223024625157e-16 3.769899135281739e-17 1.031230174753708e-23 3.652642264969327e-15 29.55866254800453 
1 -0.1322131193924678 0.04215394533365132 0.2000000152587891 1 0 0 0 1 0 0 0 1 -2.550284401832364e-16 -1.395577110800037e-15 -0 0 0 7.105427357601002e-15 
2 0.07099997711181641 0.1600000141859064 0.2000000152587891 -0.4402517738485184 0.8978743651665488 6.268712149325134e-25 -0.8978743651665488 -0.4402517738485184 2.471453001524913e-16 2.219054297542954e-16 1.088061562276072e-16 1 -1.11369247157711e-15 5.551115123125783e-17 4.006499976720694e-17 9.155393053819775e-24 3.609533062032269e-15 29.20980540439287 
1 -0.1322131193924678 0.04215394533365132 0.2000000152587891 1 0 0 0 1 0 0 0 1 0 -6.843915123815687e-16 -0 0 0 3.5527136788005e-15 
2 0.07099997711181641 0.1600000141859064 0.2000000152587891 -0.1648890879443497 0.9863121152438921 5.572781647189002e-25 -0.9863121152438921 -0.1648890879443497 2.471453000722172e-16 2.43762403778704e-16 4.075156256899031e-17 1 -3.885780586188048e-16 0 3.895928347460081e-17 8.033755908896711e-24 3.562861669134423e-15 28.83212157458253 
1 -0.1322131193924678 0.04215394533365132 0.2000000152587891 1 0 0 0 1 0 0 0 1 4.978691322110778e-17 8.541661799059356e-16 -0 0 0 -3.552713678800501e-15 
2 0.07099997711181641 0.1600000141859063 0.2000000152587891 0.1203758896677513 0.9927283843966069 4.900944559472035e-25 -0.9927283843966069 0.1203758896677513 2.471452999943324e-16 2.453481543155928e-16 -2.975033585055172e-17 1 1.27675647831893e-15 1.665334536937735e-16 3.468971904744183e-17 6.965708649063252e-24 3.512674145540985e-15 28.42598378865825 
1 -0.1322131193924678 0.04215394533365132 0.2000000152587891 1 0 0 0 1 0 0 0 1 -8.598431854634109e-16 -1.787409752852445e-16 -0 0 0 0 
2 0.07099997711181641 0.1600000141859064 0.2000000152587891 0.3919779387462272 0.9199746167891041 4.262718862774271e-25 -0.9199746167891041 0.3919779387462272 2.471452999199289e-16 2.273674024179756e-16 -9.687550562559113e-17 1 -8.881784197001252e-16 -1.387778780781446e-16 2.782714731980173e-17 5.966057404649491e-24 3.459020020526183e-15 27.99179285745551 
1 -0.1322131193924678 0.04215394533365132 0.2000000152587891 1 0 0 0 1 0 0 0 1 0 0 -0 0 0 0 
