OndselSolver
Assembly
	Notes
		(Text string: '' runs: (Core.RunArray runs: #() values: #()))
	Name
		Assembly
	Position3D
		0	0	0	
	RotationMatrix
		1	0	0	
		0	1	0	
		0	0	1	
	Velocity3D
		0	0	0	
	Omega3D
		0	0	0	
	RefPoints
		RefPoint
			Position3D
				0	0	0	
			RotationMatrix
				1	0	0	
				0	1	0	
				0	0	1	
			Markers
				Marker
					Name
						Marker0
					Position3D
						0	0	0	
					RotationMatrix
						1	0	0	
						0	1	0	
						0	0	1	
	RefCurves
	RefSurfaces
	Parts
		Part
			Name
				structural_node_1
			Position3D
				0.051296215921961506	0.017908175538920625	0.021903828027305762	
			RotationMatrix
				1	0	0	
				0	1	0	
				0	0	1	
			Velocity3D
				0	0	0	
			Omega3D
				0	0	0	
			FeatureOrder
			PrincipalMassMarker
				Name
					MassMarker
				Position3D
					0	0	0	
				RotationMatrix
					1	0	0	
					0	1	0	
					0	0	1	
				Mass
					1
				MomentOfInertias
					1	2	3	
				Density
					10
			RefPoints
				RefPoint
					Position3D
						0	0	0	
					RotationMatrix
						1	0	0	
						0	1	0	
						0	0	1	
					Markers
						Marker
							Name
								Marker0
							Position3D
								-0.051296215921961506	-0.017908175538920625	-0.021903828027305762	
							RotationMatrix
								1	0	0	
								0	1	0	
								0	0	1	
				RefPoint
					Position3D
						0	0	0	
					RotationMatrix
						1	0	0	
						0	1	0	
						0	0	1	
					Markers
						Marker
							Name
								Marker1
							Position3D
								-0.031259709839635427	0.0040986804694010384	0.0099999993363801883	
							RotationMatrix
								2.2204460492503131e-16	-2.2204460492503131e-16	1	
								1	0	-2.2204460492503131e-16	
								4.9303806576313238e-32	1	2.2204460492503131e-16	
				RefPoint
					Position3D
						0	0	0	
					RotationMatrix
						1	0	0	
						0	1	0	
						0	0	1	
					Markers
						Marker
							Name
								Marker2
							Position3D
								0.004757447447889902	-0.013617775960092804	0.021999999336380183	
							RotationMatrix
								-0.70710678118654846	-6.0980561568327675e-16	-0.70710678118654668	
								-0.70710678118654668	3.322498595269884e-16	0.70710678118654846	
								-1.9626155733547211e-16	1.0000000000000002	-6.6613381477509373e-16	
			RefCurves
			RefSurfaces
		Part
			Name
				structural_node_2
			Position3D
				0.031977001309755025	0.023348485961659421	0.043459369036111861	
			RotationMatrix
				0.18859208914505232	0.072683596108786996	0.97936209788239181	
				0.98205550958787713	-0.013958020807279878	-0.18807485143750319	
				9.7144514654701197e-17	0.99725737325518871	-0.07401169831966925	
			Velocity3D
				0	0	0	
			Omega3D
				0	0	0	
			FeatureOrder
			PrincipalMassMarker
				Name
					MassMarker
				Position3D
					0.0020412640777831966	-8.1344346534017125e-05	0.018447029525859897	
				RotationMatrix
					1	0	0	
					0	1	0	
					0	0	1	
				Mass
					0.0097198376573862239
				MomentOfInertias
					2.7489439610000006e-06	2.7441275680000002e-06	2.8767802600000003e-07	
				Density
					10
			RefPoints
				RefPoint
					Position3D
						0	0	0	
					RotationMatrix
						1	0	0	
						0	1	0	
						0	0	1	
					Markers
						Marker
							Name
								Marker0
							Position3D
								-0.0035694380278606702	-0.0024004270358846894	-0.011326613320549562	
							RotationMatrix
								0.98205550958787713	-6.2450045135165055e-17	0.1885920891450521	
								-0.013958020807279677	0.99725737325518882	0.072683596108786885	
								-0.18807485143750299	-0.074011698319669125	0.97936209788239192	
				RefPoint
					Position3D
						0	0	0	
					RotationMatrix
						1	0	0	
						0	1	0	
						0	0	1	
					Markers
						Marker
							Name
								Marker1
							Position3D
								-6.8926786737257828e-06	1.1190067350106858e-05	-0.0016999491972919216	
							RotationMatrix
								0.99999172670106073	0.0003277535805065884	0.0040545168666000645	
								-0.0003010605342523183	0.99997829049972808	-0.0065823925586486354	
								-0.004056586247794443	0.0065811174455332692	0.99997011605406605	
				RefPoint
					Position3D
						0	0	0	
					RotationMatrix
						1	0	0	
						0	1	0	
						0	0	1	
					Markers
						Marker
							Name
								Marker2
							Position3D
								0.00010257927679259283	-0.0001665345317887983	0.025299243936167237	
							RotationMatrix
								0.99999172670104031	0.00032775358093153949	0.0040545168716499746	
								-0.00030106053462738036	0.99997829049970133	-0.0065823925627526278	
								-0.0040565862528482762	0.0065811174496340505	0.99997011605401875	
			RefCurves
			RefSurfaces
		Part
			Name
				structural_node_3
			Position3D
				0.030675333966519322	0.01998371759123168	0.046415988809068977	
			RotationMatrix
				0.1845957798836774	0.079189126906622873	0.97961904852289594	
				0.98281452881463727	-0.014873588262137357	-0.18399559321644493	
				-1.0408340855860843e-16	0.9967486436168228	-0.080573826072892984	
			Velocity3D
				0	0	0	
			Omega3D
				0	0	0	
			FeatureOrder
			PrincipalMassMarker
				Name
					MassMarker
				Position3D
					7.105427357601002e-18	1.4210854715202004e-17	1.1045973629109085e-09	
				RotationMatrix
					1	0	0	
					0	1	0	
					0	0	1	
				Mass
					0.00020169322932362446
				MomentOfInertias
					4.1972700000000003e-10	4.1388100000000008e-10	3.5068100000000003e-10	
				Density
					10
			RefPoints
				RefPoint
					Position3D
						0	0	0	
					RotationMatrix
						1	0	0	
						0	1	0	
						0	0	1	
					Markers
						Marker
							Name
								Marker0
							Position3D
								0	0	0	
							RotationMatrix
								1	0	0	
								0	1	0	
								0	0	1	
				RefPoint
					Position3D
						0	0	0	
					RotationMatrix
						1	0	0	
						0	1	0	
						0	0	1	
					Markers
						Marker
							Name
								Marker1
							Position3D
								0.00061567486340294764	0.00033308326672734266	-3.552713678800501e-18	
							RotationMatrix
								0.043549498266468749	-0.47383616552500613	0.8795355191470654	
								-0.080497383311729495	0.87584410754497988	0.47583323818193091	
								-0.99580299883094514	-0.091522606602394529	4.4408920985006262e-16	
			RefCurves
			RefSurfaces
		Part
			Name
				structural_node_4
			Position3D
				0.040482932052988543	0.018425071743534291	0.060771633632696775	
			RotationMatrix
				1	0	0	
				0	1	0	
				0	0	1	
			Velocity3D
				0	0	0	
			Omega3D
				0	0	0	
			FeatureOrder
			PrincipalMassMarker
				Name
					MassMarker
				Position3D
					0	0	0	
				RotationMatrix
					1	0	0	
					0	1	0	
					0	0	1	
				Mass
					0.0010491465701585869
				MomentOfInertias
					7.4440515000000012e-08	7.3468657000000007e-08	3.0315460000000003e-09	
				Density
					10
			RefPoints
				RefPoint
					Position3D
						0	0	0	
					RotationMatrix
						1	0	0	
						0	1	0	
						0	0	1	
					Markers
						Marker
							Name
								Marker0
							Position3D
								-0.010031255571078788	0.0058363467840029841	-0.0048432887979371914	
							RotationMatrix
								-0.97384305013769856	-0.10776811512755499	0.20003936377712755	
								0.22722172805104693	-0.4618802560987092	0.85734293916010462	
								0	0.88037075280136645	0.47428613474563552	
				RefPoint
					Position3D
						0	0	0	
					RotationMatrix
						1	0	0	
						0	1	0	
						0	0	1	
					Markers
						Marker
							Name
								Marker1
							Position3D
								0.0093458321368207527	-0.0065087528547048204	0.0059655428453616677	
							RotationMatrix
								-0.77382756932336805	0.26560733087644101	0.57501620737139314	
								0.63339631586794709	0.32449553320331354	0.70250391883320429	
								2.7755575615628914e-17	0.90783004726423888	-0.41933829455966687	
			RefCurves
			RefSurfaces
		Part
			Name
				structural_node_5
			Position3D
				0.057108568099306256	0.01940271230148272	0.046433390036753765	
			RotationMatrix
				0.18459577988367681	0.079189126906622817	0.97961904852289605	
				0.98281452881463727	-0.014873588262137631	-0.18399559321644432	
				2.2377932840100812e-16	0.99674864361682269	-0.080573826072892984	
			Velocity3D
				0	0	0	
			Omega3D
				0	0	0	
			FeatureOrder
			PrincipalMassMarker
				Name
					MassMarker
				Position3D
					3.552713678800501e-18	-7.105427357601002e-18	1.1045973309364853e-09	
				RotationMatrix
					1	0	0	
					0	1	0	
					0	0	1	
				Mass
					0.00020169322932362473
				MomentOfInertias
					4.1972700000000003e-10	4.1388100000000008e-10	3.5068100000000003e-10	
				Density
					10
			RefPoints
				RefPoint
					Position3D
						0	0	0	
					RotationMatrix
						1	0	0	
						0	1	0	
						0	0	1	
					Markers
						Marker
							Name
								Marker0
							Position3D
								0	0	0	
							RotationMatrix
								1	0	0	
								0	1	0	
								0	0	1	
				RefPoint
					Position3D
						0	0	0	
					RotationMatrix
						1	0	0	
						0	1	0	
						0	0	1	
					Markers
						Marker
							Name
								Marker1
							Position3D
								0.00069909804903395668	-3.5523482893978553e-05	0	
							RotationMatrix
								-0.0040941881426999321	0.050582409469853956	0.99871149861993491	
								-0.08057315076565659	0.99545598840499783	-0.050747832705681097	
								-0.99674028964377026	-0.08067710332463017	-2.6645352591003749e-15	
			RefCurves
			RefSurfaces
		Part
			Name
				structural_node_6
			Position3D
				0.050965507442295832	0.020121317600343993	0.058487080758367553	
			RotationMatrix
				1	0	0	
				0	1	0	
				0	0	1	
			Velocity3D
				0	0	0	
			Omega3D
				0	0	0	
			FeatureOrder
			PrincipalMassMarker
				Name
					MassMarker
				Position3D
					0	0	0	
				RotationMatrix
					1	0	0	
					0	1	0	
					0	0	1	
				Mass
					0.00078490312799469957
				MomentOfInertias
					3.5329590000000008e-08	3.3955384999999996e-08	2.8082920000000003e-09	
				Density
					10
			RefPoints
				RefPoint
					Position3D
						0	0	0	
					RotationMatrix
						1	0	0	
						0	1	0	
						0	0	1	
					Markers
						Marker
							Name
								Marker0
							Position3D
								0.0059220932710704515	-0.00074030806575119362	-0.0071016375052887284	
							RotationMatrix
								-0.98356206147970549	0.0091337627237873201	0.18033925140217716	
								0.18057040515486503	0.049751355910011577	0.9823029733067713	
								6.7654215563095477e-17	0.99871986911426835	-0.050582833415884196	
				RefPoint
					Position3D
						0	0	0	
					RotationMatrix
						1	0	0	
						0	1	0	
						0	0	1	
					Markers
						Marker
							Name
								Marker1
							Position3D
								-0.0053423132322068766	0.0018814627099475771	0.0073465833827749379	
							RotationMatrix
								-0.70710678118654757	-0.28320016594017616	0.64791794697435035	
								0.70710678118654779	-0.28320016594017605	0.64791794697435012	
								0	0.91629434791605813	0.40050551553890801	
			RefCurves
			RefSurfaces
		Part
			Name
				structural_node_7
			Position3D
				0.042062247330298605	0.024098687679992001	0.063933852803610719	
			RotationMatrix
				-0.70710678118654657	-2.7755575615629154e-17	-0.70710678118654857	
				-0.70710678118654857	-2.7755575615629234e-17	0.70710678118654657	
				-3.9252311467094767e-17	1	0	
			Velocity3D
				0	0	0	
			Omega3D
				0	0	0	
			FeatureOrder
			PrincipalMassMarker
				Name
					MassMarker
				Position3D
					1.4210854715202004e-17	-1.4210854715202004e-17	-1.1045973522527675e-09	
				RotationMatrix
					1	0	0	
					0	1	0	
					0	0	1	
				Mass
					0.00020169322932362451
				MomentOfInertias
					4.1972700000000003e-10	4.1388100000000008e-10	3.5068100000000003e-10	
				Density
					10
			RefPoints
				RefPoint
					Position3D
						0	0	0	
					RotationMatrix
						1	0	0	
						0	1	0	
						0	0	1	
					Markers
						Marker
							Name
								Marker0
							Position3D
								-0.00064140604354123102	0.00028035386087722715	0	
							RotationMatrix
								-1.7354628267348861e-15	0.40050551553890795	-0.91629434791605768	
								-8.9593134896281032e-17	0.91629434791605768	0.40050551553890795	
								1	7.7715611723760928e-16	-1.5543122344752188e-15	
				RefPoint
					Position3D
						0	0	0	
					RotationMatrix
						1	0	0	
						0	1	0	
						0	0	1	
					Markers
						Marker
							Name
								Marker1
							Position3D
								0	0	0.0014999999999999963	
							RotationMatrix
								-1	1.1102230246251563e-16	-5.5511151231257802e-17	
								1.1102230246251562e-16	1	2.2204460492503126e-16	
								5.5511151231257827e-17	2.2204460492503126e-16	-1	
			RefCurves
			RefSurfaces
		Part
			Name
				structural_node_8
			Position3D
				0.055240517378802603	0.010314905961942929	0.065280077294323141	
			RotationMatrix
				0.81105891244056838	-0.5374334434100817	-0.23097344967572597	
				-0.58496447802471097	-0.7451566727492076	-0.32024692427345486	
				0	0.39485038554079321	-0.91874543429520616	
			Velocity3D
				0	0	0	
			Omega3D
				0	0	0	
			FeatureOrder
			PrincipalMassMarker
				Name
					MassMarker
				Position3D
					0	1.0658141036401503e-17	1.1045973735690496e-09	
				RotationMatrix
					1	0	0	
					0	1	0	
					0	0	1	
				Mass
					0.00020169322932362473
				MomentOfInertias
					4.1972700000000003e-10	4.1388100000000008e-10	3.5068100000000003e-10	
				Density
					10
			RefPoints
				RefPoint
					Position3D
						0	0	0	
					RotationMatrix
						1	0	0	
						0	1	0	
						0	0	1	
					Markers
						Marker
							Name
								Marker0
							Position3D
								-0.00014334075709437856	0.0016939461111132204	1.4210854715202004e-17	
							RotationMatrix
								-0.99578529272053218	0.036084762630269572	0.084318092408457959	
								-0.084262785472086127	0.0030534721034337665	-0.99643888889013099	
								-0.036213723724153907	-0.99934406798361042	-6.217248937900875e-15	
				RefPoint
					Position3D
						0	0	0	
					RotationMatrix
						1	0	0	
						0	1	0	
						0	0	1	
					Markers
						Marker
							Name
								Marker1
							Position3D
								-7.105427357601002e-18	0	0.0015	
							RotationMatrix
								-1	-3.0531133177191805e-16	1.2490009027033011e-16	
								-3.0531133177191805e-16	1	-5.5511151231257809e-17	
								-1.2490009027033009e-16	-5.5511151231257852e-17	-1	
			RefCurves
			RefSurfaces
		Part
			Name
				structural_node_9
			Position3D
				0.083535312944009288	0.028594338241029239	0.11521332872159323	
			RotationMatrix
				1	0	0	
				0	1	0	
				0	0	1	
			Velocity3D
				0	0	0	
			Omega3D
				0	0	0	
			FeatureOrder
			PrincipalMassMarker
				Name
					MassMarker
				Position3D
					0	0	0	
				RotationMatrix
					1	0	0	
					0	1	0	
					0	0	1	
				Mass
					0.012460076105182932
				MomentOfInertias
					1.0698233404000002e-05	9.6517573760000009e-06	1.0517916220000001e-06	
				Density
					10
			RefPoints
				RefPoint
					Position3D
						0	0	0	
					RotationMatrix
						1	0	0	
						0	1	0	
						0	0	1	
					Markers
						Marker
							Name
								Marker0
							Position3D
								-0.028610420350412072	-0.016751617456823742	-0.046846371374020888	
							RotationMatrix
								-0.7071067811865509	-0.64137145056133549	0.29772917627408235	
								0.70710678118654413	-0.64137145056134159	0.29772917627408518	
								0	0.42105263900097917	0.90703620390274997	
				RefPoint
					Position3D
						0	0	0	
					RotationMatrix
						1	0	0	
						0	1	0	
						0	0	1	
					Markers
						Marker
							Name
								Marker1
							Position3D
								-0.024891946059052109	-0.016754080038700412	-0.038584700161265036	
							RotationMatrix
								-0.70710678118654346	-0.64137145056134104	0.2977291762740889	
								0.7071067811865519	-0.64137145056133338	0.29772917627408535	
								2.7755575615628914e-17	0.421052639000984	0.90703620390274786	
			RefCurves
			RefSurfaces
		Part
			Name
				structural_node_10
			Position3D
				0.064620037851395307	0.0087185728566999705	0.059544582662073069	
			RotationMatrix
				1	0	0	
				0	1	0	
				0	0	1	
			Velocity3D
				0	0	0	
			Omega3D
				0	0	0	
			FeatureOrder
			PrincipalMassMarker
				Name
					MassMarker
				Position3D
					0	0	0	
				RotationMatrix
					1	0	0	
					0	1	0	
					0	0	1	
				Mass
					0.0014283808500322086
				MomentOfInertias
					5.0332795999999999e-08	4.7497486000000008e-08	9.3884390000000021e-09	
				Density
					10
			RefPoints
				RefPoint
					Position3D
						0	0	0	
					RotationMatrix
						1	0	0	
						0	1	0	
						0	0	1	
					Markers
						Marker
							Name
								Marker0
							Position3D
								-0.010093426018264445	0.008752596234087643	-0.00091202729231441989	
							RotationMatrix
								0.70710678118654446	3.6952964296801286e-16	0.70710678118655068	
								0.70710678118655068	-2.5850734050549686e-16	-0.70710678118654446	
								-7.8504622934187045e-17	1	-4.4408920985006271e-16	
				RefPoint
					Position3D
						0	0	0	
					RotationMatrix
						1	0	0	
						0	1	0	
						0	0	1	
					Markers
						Marker
							Name
								Marker1
							Position3D
								-0.00055905060873136844	-0.0010170434827720322	0.0041632909877442753	
							RotationMatrix
								-0.70710678118654613	-0.64137145056133982	0.29772917627408529	
								0.70710678118654924	-0.64137145056133693	0.29772917627408391	
								2.7755575615628914e-17	0.42105263900098044	0.90703620390274953	
				RefPoint
					Position3D
						0	0	0	
					RotationMatrix
						1	0	0	
						0	1	0	
						0	0	1	
					Markers
						Marker
							Name
								Marker2
							Position3D
								0.0018512458761587992	-0.0095669021062733759	-0.0025615102088932602	
							RotationMatrix
								-0.70710678118654413	-3.9728521858364197e-16	-0.70710678118655101	
								-0.70710678118655101	2.3075176488986726e-16	0.70710678118654413	
								-1.1775693440128181e-16	1	-4.4408920985006262e-16	
			RefCurves
			RefSurfaces
	KinematicIJs
	ConstraintSets
		Joints
			FixedJoint
				Name
					joint_1
				MarkerI
					/Assembly/Marker0
				MarkerJ
					/Assembly/structural_node_1/Marker0
			RevoluteJoint
				Name
					joint_2
				MarkerI
					/Assembly/structural_node_1/Marker1
				MarkerJ
					/Assembly/structural_node_2/Marker0
			RevoluteJoint
				Name
					joint_4
				MarkerI
					/Assembly/structural_node_2/Marker1
				MarkerJ
					/Assembly/structural_node_3/Marker0
			RevoluteJoint
				Name
					joint_6
				MarkerI
					/Assembly/structural_node_3/Marker1
				MarkerJ
					/Assembly/structural_node_4/Marker0
			RevoluteJoint
				Name
					joint_8
				MarkerI
					/Assembly/structural_node_2/Marker2
				MarkerJ
					/Assembly/structural_node_5/Marker0
			RevoluteJoint
				Name
					joint_10
				MarkerI
					/Assembly/structural_node_5/Marker1
				MarkerJ
					/Assembly/structural_node_6/Marker0
			RevoluteJoint
				Name
					joint_12
				MarkerI
					/Assembly/structural_node_6/Marker1
				MarkerJ
					/Assembly/structural_node_7/Marker0
			RevoluteJoint
				Name
					joint_14
				MarkerI
					/Assembly/structural_node_4/Marker1
				MarkerJ
					/Assembly/structural_node_8/Marker0
			RevoluteJoint
				Name
					joint_16
				MarkerI
					/Assembly/structural_node_8/Marker1
				MarkerJ
					/Assembly/structural_node_9/Marker0
			RevoluteJoint
				Name
					joint_18
				MarkerI
					/Assembly/structural_node_7/Marker1
				MarkerJ
					/Assembly/structural_node_10/Marker0
			RevoluteJoint
				Name
					joint_20
				MarkerI
					/Assembly/structural_node_10/Marker1
				MarkerJ
					/Assembly/structural_node_9/Marker1
			RevoluteJoint
				Name
					joint_22
				MarkerI
					/Assembly/structural_node_1/Marker2
				MarkerJ
					/Assembly/structural_node_10/Marker2
		Motions
			RotationalMotion
				Name
					joint_2Motion
				MarkerI
					/Assembly/structural_node_1/Marker1
				MarkerJ
					/Assembly/structural_node_2/Marker0
				MotionJoint
					/Assembly/joint_2
				RotationZ
					integral(time,  rampstep(time, 0.25, 0.0, 3.0, 0.0 + 1.0*(3.0 - 0.25)))
		Limits
		GeneralConstraintSets
	ForceTorques
	ConstantGravity
		0	0	0	
	SimulationParameters
		tstart
			0
		tend
			3.1499999999999999
		hmin
			1.0000000000000001e-09
		hmax
			1
		hout
			0.01
		errorTol
			9.9999999999999995e-07
	AnimationParameters
		nframe
			1000000
		icurrent
			1
		istart
			1
		iend
			1000000
		isForward
			true
		framesPerSecond
			30
