1 -0.07783416000000026 0.004000000000000012 -0.1783206000000001 5.549534576630243e-17 -0.9063077746978223 -0.4226182882013996 -1 -1.129881533480654e-16 1.109906915326049e-16 -1.483425866100842e-16 0.4226182882013996 -0.9063077746978223 0 0 0 0 0 0 
2 -0.369519899402072 -0.0004034105327046511 -0.2369633983698679 0.9048874059786289 0.008184876010315267 0.4255723091390742 -0.006619448398860397 0.9999647928291137 -0.005157131482009772 -0.425599536423811 0.001849569388716579 0.904909726817495 -0 -0 0 0 0 0 
3 -0.4633366318687213 0.0004034076123037716 -0.2580014932524581 0.9999999999999746 2.124172017842592e-07 -7.557527055890528e-08 -2.12417198539093e-07 0.9999999999999766 4.29395304356473e-08 7.557527967999841e-08 -4.293951438215897e-08 0.9999999999999962 0 0 0 0 0 0 
1 -0.07783416000000026 0.004000000000000012 -0.1783206000000001 5.549534576630243e-17 -0.9063077746978223 -0.4226182882013996 -1 -1.129881533480654e-16 1.109906915326049e-16 -1.483425866100842e-16 0.4226182882013996 -0.9063077746978223 0 0 0 0 0 0 
2 -0.369519899402072 -0.000403410532704665 -0.2369633983698679 0.9048874059786289 0.008184876010315135 0.4255723091390742 -0.006619448398860257 0.9999647928291137 -0.005157131482009757 -0.425599536423811 0.001849569388716624 0.904909726817495 -0 -0 0 0 0 0 
3 -0.4633366318687213 0.0004034076123037716 -0.2580014932524581 0.9999999999999746 2.124172019386496e-07 -7.557527062840656e-08 -2.124171986934834e-07 0.9999999999999766 4.293953049543477e-08 7.55752797494997e-08 -4.293951444194641e-08 0.9999999999999962 0 0 0 0 0 0 
1 -0.07783416000000026 0.004000000000000012 -0.1783206000000001 5.549534576630243e-17 -0.9063077746978223 -0.4226182882013996 -1 -1.129881533480654e-16 1.109906915326049e-16 -1.483425866100842e-16 0.4226182882013996 -0.9063077746978223 0 0 0 0 0 0 
2 -0.369519899402072 -0.000403410532704665 -0.2369633983698679 0.9048874059786289 0.008184876010315142 0.4255723091390742 -0.006619448398860261 0.9999647928291137 -0.00515713148200977 -0.425599536423811 0.001849569388716634 0.904909726817495 -0 -0 0 0 0 0 
3 -0.4633366318687213 0.0004034076123037716 -0.2580014932524581 0.9999999999999746 2.124172020430495e-07 -7.55752706574168e-08 -2.124171987978833e-07 0.9999999999999766 4.293953050058633e-08 7.557527977850995e-08 -4.293951444709795e-08 0.9999999999999962 0 0 0 0 0 0 
1 -0.07783416000000026 0.004000000000000012 -0.1783206000000001 5.549534576630243e-17 -0.9063077746978223 -0.4226182882013996 -1 -1.129881533480654e-16 1.109906915326049e-16 -1.483425866100842e-16 0.4226182882013996 -0.9063077746978223 0 0 0 0 0 0 
2 -0.369519899402072 -0.0004034105327046511 -0.2369633983698679 0.9048874059786289 0.008184876010315081 0.4255723091390743 -0.006619448398860193 0.9999647928291137 -0.005157131482009769 -0.4255995364238111 0.001849569388716661 0.904909726817495 -0 -0 0 0 0 0 
3 -0.4633366318687214 0.0004034076123037578 -0.2580014932524581 0.9999999999999746 2.124172021724447e-07 -7.557527070667257e-08 -2.124171989272784e-07 0.9999999999999766 4.293953053305583e-08 7.557527982776573e-08 -4.293951447956744e-08 0.9999999999999962 0 0 0 0 0 0 
1 -0.07783416000000026 0.004000000000000012 -0.1783206000000001 5.549534576630243e-17 -0.9063077746978223 -0.4226182882013996 -1 -1.129881533480654e-16 1.109906915326049e-16 -1.483425866100842e-16 0.4226182882013996 -0.9063077746978223 0 0 0 0 0 0 
2 -0.369519899402072 -0.0004034105327046511 -0.2369633983698679 0.9048874059786289 0.008184876010315019 0.4255723091390743 -0.006619448398860124 0.9999647928291137 -0.005157131482009768 -0.4255995364238111 0.00184956938871669 0.904909726817495 -0 -0 0 0 0 0 
3 -0.4633366318687214 0.0004034076123037716 -0.2580014932524581 0.9999999999999746 2.124172023018398e-07 -7.557527075592833e-08 -2.124171990566736e-07 0.9999999999999766 4.293953056552535e-08 7.557527987702151e-08 -4.293951451203693e-08 0.9999999999999962 0 0 0 0 0 0 
1 -0.07783416000000026 0.004000000000000012 -0.1783206000000001 5.549534576630243e-17 -0.9063077746978223 -0.4226182882013996 -1 -1.129881533480654e-16 1.109906915326049e-16 -1.483425866100842e-16 0.4226182882013996 -0.9063077746978223 0 0 0 0 0 0 
2 -0.369519899402072 -0.0004034105327046233 -0.2369633983698679 0.904887405978629 0.008184876010315215 0.4255723091390741 -0.006619448398860361 0.9999647928291137 -0.005157131482009723 -0.4255995364238109 0.001849569388716549 0.9049097268174952 -0 -0 0 0 0 0 
3 -0.4633366318687214 0.0004034076123037855 -0.2580014932524581 0.9999999999999746 2.1241720226164e-07 -7.557527078188664e-08 -2.124171990164738e-07 0.9999999999999766 4.29395306363612e-08 7.557527990297982e-08 -4.293951458287278e-08 0.9999999999999962 0 0 0 0 0 0 
1 -0.07783416000000026 0.004000000000000012 -0.1783206000000001 5.549534576630243e-17 -0.9063077746978223 -0.4226182882013996 -1 -1.129881533480654e-16 1.109906915326049e-16 -1.483425866100842e-16 0.4226182882013996 -0.9063077746978223 0 0 0 0 0 0 
2 -0.369519899402072 -0.0004034105327046511 -0.2369633983698679 0.904887405978629 0.00818487601031527 0.4255723091390741 -0.006619448398860429 0.9999647928291137 -0.005157131482009711 -0.4255995364238109 0.00184956938871651 0.9049097268174952 -0 -0 0 0 0 0 
3 -0.4633366318687213 0.0004034076123037855 -0.2580014932524581 0.9999999999999746 2.124172020278451e-07 -7.557527070362061e-08 -2.124171987826788e-07 0.9999999999999766 4.293953059874014e-08 7.557527982471378e-08 -4.293951454525175e-08 0.9999999999999962 0 0 0 0 0 0 
1 -0.07783416000000026 0.004000000000000012 -0.1783206000000001 5.549534576630243e-17 -0.9063077746978223 -0.4226182882013996 -1 -1.129881533480654e-16 1.109906915326049e-16 -1.483425866100842e-16 0.4226182882013996 -0.9063077746978223 0 0 0 0 0 0 
2 -0.369519899402072 -0.0004034105327046511 -0.2369633983698679 0.904887405978629 0.008184876010315277 0.4255723091390741 -0.006619448398860431 0.9999647928291137 -0.005157131482009724 -0.4255995364238109 0.001849569388716521 0.9049097268174952 -0 -0 0 0 0 0 
3 -0.4633366318687214 0.0004034076123037716 -0.2580014932524581 0.9999999999999746 2.124172021322449e-07 -7.557527073263086e-08 -2.124171988870786e-07 0.9999999999999766 4.293953060389169e-08 7.557527985372404e-08 -4.293951455040329e-08 0.9999999999999962 0 0 0 0 0 0 
1 -0.07783416000000026 0.004000000000000012 -0.1783206000000001 5.549534576630243e-17 -0.9063077746978223 -0.4226182882013996 -1 -1.129881533480654e-16 1.109906915326049e-16 -1.483425866100842e-16 0.4226182882013996 -0.9063077746978223 0 0 0 0 0 0 
2 -0.369519899402072 -0.0004034105327046233 -0.2369633983698679 0.904887405978629 0.008184876010315242 0.4255723091390741 -0.006619448398860401 0.9999647928291137 -0.005157131482009704 -0.4255995364238109 0.001849569388716517 0.9049097268174952 -0 -0 0 0 0 0 
3 -0.4633366318687213 0.0004034076123037855 -0.2580014932524581 0.9999999999999746 2.124172018809125e-07 -7.55752706535592e-08 -2.124171986357463e-07 0.9999999999999766 4.293953057338282e-08 7.557527977465236e-08 -4.293951451989446e-08 0.9999999999999962 0 0 0 0 0 0 
1 -0.07783416000000026 0.004000000000000012 -0.1783206000000001 5.549534576630243e-17 -0.9063077746978223 -0.4226182882013996 -1 -1.129881533480654e-16 1.109906915326049e-16 -1.483425866100842e-16 0.4226182882013996 -0.9063077746978223 0 0 0 0 0 0 
2 -0.369519899402072 -0.0004034105327046372 -0.2369633983698679 0.904887405978629 0.008184876010315145 0.4255723091390741 -0.006619448398860292 0.9999647928291137 -0.00515713148200971 -0.4255995364238109 0.001849569388716568 0.9049097268174952 -0 -0 0 0 0 0 
3 -0.4633366318687214 0.0004034076123037855 -0.2580014932524581 0.9999999999999746 2.124172022866353e-07 -7.557527080213214e-08 -2.124171990414691e-07 0.9999999999999766 4.293953066367916e-08 7.557527992322534e-08 -4.293951461019073e-08 0.9999999999999962 0 0 0 0 0 0 
1 -0.07783416000000026 0.004000000000000012 -0.1783206000000001 5.549534576630243e-17 -0.9063077746978223 -0.4226182882013996 -1 -1.129881533480654e-16 1.109906915326049e-16 -1.483425866100842e-16 0.4226182882013996 -0.9063077746978223 0 0 0 0 0 0 
2 -0.369519899402072 -0.0004034105327046511 -0.2369633983698679 0.904887405978629 0.00818487601031527 0.4255723091390741 -0.006619448398860429 0.9999647928291137 -0.005157131482009711 -0.4255995364238109 0.00184956938871651 0.9049097268174952 -0 -0 0 0 0 0 
3 -0.4633366318687213 0.0004034076123037855 -0.2580014932524581 0.9999999999999746 2.124172020278451e-07 -7.557527070362061e-08 -2.124171987826788e-07 0.9999999999999766 4.293953059874014e-08 7.557527982471378e-08 -4.293951454525175e-08 0.9999999999999962 0 0 0 0 0 0 
1 -0.07783416000000026 0.004000000000000012 -0.1783206000000001 5.549534576630243e-17 -0.9063077746978223 -0.4226182882013996 -1 -1.129881533480654e-16 1.109906915326049e-16 -1.483425866100842e-16 0.4226182882013996 -0.9063077746978223 0 0 0 0 0 0 
2 -0.369519899402072 -0.0004034105327046511 -0.2369633983698679 0.904887405978629 0.008184876010315277 0.4255723091390741 -0.006619448398860431 0.9999647928291137 -0.005157131482009724 -0.4255995364238109 0.001849569388716521 0.9049097268174952 -0 -0 0 0 0 0 
3 -0.4633366318687214 0.0004034076123037716 -0.2580014932524581 0.9999999999999746 2.124172021322449e-07 -7.557527073263086e-08 -2.124171988870787e-07 0.9999999999999766 4.293953060389169e-08 7.557527985372404e-08 -4.293951455040329e-08 0.9999999999999962 0 0 0 0 0 0 
1 -0.07783416000000026 0.004000000000000012 -0.1783206000000001 5.549534576630243e-17 -0.9063077746978223 -0.4226182882013996 -1 -1.129881533480654e-16 1.109906915326049e-16 -1.483425866100842e-16 0.4226182882013996 -0.9063077746978223 0 0 0 0 0 0 
2 -0.369519899402072 -0.0004034105327046233 -0.2369633983698679 0.904887405978629 0.008184876010315242 0.4255723091390741 -0.006619448398860401 0.9999647928291137 -0.005157131482009704 -0.4255995364238109 0.001849569388716517 0.9049097268174952 -0 -0 0 0 0 0 
3 -0.4633366318687213 0.0004034076123037855 -0.2580014932524581 0.9999999999999746 2.124172018809126e-07 -7.55752706535592e-08 -2.124171986357463e-07 0.9999999999999766 4.293953057338282e-08 7.557527977465236e-08 -4.293951451989446e-08 0.9999999999999962 0 0 0 0 0 0 
1 -0.07783416000000026 0.004000000000000012 -0.1783206000000001 5.549534576630243e-17 -0.9063077746978223 -0.4226182882013996 -1 -1.129881533480654e-16 1.109906915326049e-16 -1.483425866100842e-16 0.4226182882013996 -0.9063077746978223 0 0 0 0 0 0 
2 -0.369519899402072 -0.0004034105327046372 -0.2369633983698679 0.904887405978629 0.008184876010315143 0.4255723091390741 -0.00661944839886029 0.9999647928291137 -0.005157131482009709 -0.4255995364238109 0.001849569388716567 0.9049097268174952 -0 -0 0 0 0 0 
3 -0.4633366318687214 0.0004034076123037855 -0.2580014932524581 0.9999999999999746 2.124172022866353e-07 -7.557527080213214e-08 -2.124171990414691e-07 0.9999999999999766 4.293953066367916e-08 7.557527992322534e-08 -4.293951461019073e-08 0.9999999999999962 0 0 0 0 0 0 
1 -0.07783416000000026 0.004000000000000012 -0.1783206000000001 5.549534576630243e-17 -0.9063077746978223 -0.4226182882013996 -1 -1.129881533480654e-16 1.109906915326049e-16 -1.483425866100842e-16 0.4226182882013996 -0.9063077746978223 0 0 0 0 0 0 
2 -0.369519899402072 -0.0004034105327046511 -0.2369633983698679 0.904887405978629 0.008184876010315268 0.4255723091390741 -0.006619448398860426 0.9999647928291137 -0.005157131482009711 -0.4255995364238109 0.001849569388716512 0.9049097268174952 -0 -0 0 0 0 0 
3 -0.4633366318687213 0.0004034076123037855 -0.2580014932524581 0.9999999999999746 2.124172020278451e-07 -7.557527070362061e-08 -2.124171987826789e-07 0.9999999999999766 4.293953059874014e-08 7.557527982471378e-08 -4.293951454525175e-08 0.9999999999999962 0 0 0 0 0 0 
1 -0.07783416000000026 0.004000000000000012 -0.1783206000000001 5.549534576630243e-17 -0.9063077746978223 -0.4226182882013996 -1 -1.129881533480654e-16 1.109906915326049e-16 -1.483425866100842e-16 0.4226182882013996 -0.9063077746978223 0 0 0 0 0 0 
2 -0.369519899402072 -0.0004034105327046511 -0.2369633983698679 0.904887405978629 0.008184876010315275 0.4255723091390741 -0.006619448398860429 0.9999647928291137 -0.005157131482009724 -0.4255995364238109 0.001849569388716522 0.9049097268174952 -0 -0 0 0 0 0 
3 -0.4633366318687214 0.0004034076123037716 -0.2580014932524581 0.9999999999999746 2.124172021322449e-07 -7.557527073263086e-08 -2.124171988870787e-07 0.9999999999999766 4.293953060389169e-08 7.557527985372404e-08 -4.293951455040329e-08 0.9999999999999962 0 0 0 0 0 0 
1 -0.07783416000000026 0.004000000000000012 -0.1783206000000001 5.549534576630243e-17 -0.9063077746978223 -0.4226182882013996 -1 -1.129881533480654e-16 1.109906915326049e-16 -1.483425866100842e-16 0.4226182882013996 -0.9063077746978223 0 0 0 0 0 0 
2 -0.369519899402072 -0.0004034105327046233 -0.2369633983698679 0.904887405978629 0.008184876010315241 0.4255723091390741 -0.0066194483988604 0.9999647928291137 -0.005157131482009704 -0.4255995364238109 0.001849569388716517 0.9049097268174952 -0 -0 0 0 0 0 
3 -0.4633366318687213 0.0004034076123037855 -0.2580014932524581 0.9999999999999746 2.124172018809126e-07 -7.55752706535592e-08 -2.124171986357464e-07 0.9999999999999766 4.293953057338282e-08 7.557527977465236e-08 -4.293951451989446e-08 0.9999999999999962 0 0 0 0 0 0 
1 -0.07783416000000026 0.004000000000000012 -0.1783206000000001 5.549534576630243e-17 -0.9063077746978223 -0.4226182882013996 -1 -1.129881533480654e-16 1.109906915326049e-16 -1.483425866100842e-16 0.4226182882013996 -0.9063077746978223 0 0 0 0 0 0 
2 -0.369519899402072 -0.0004034105327046372 -0.2369633983698679 0.904887405978629 0.008184876010315143 0.4255723091390741 -0.00661944839886029 0.9999647928291137 -0.005157131482009709 -0.4255995364238109 0.001849569388716567 0.9049097268174952 -0 -0 0 0 0 0 
3 -0.4633366318687214 0.0004034076123037855 -0.2580014932524581 0.9999999999999746 2.124172022866354e-07 -7.557527080213214e-08 -2.124171990414691e-07 0.9999999999999766 4.293953066367916e-08 7.557527992322534e-08 -4.293951461019073e-08 0.9999999999999962 0 0 0 0 0 0 
1 -0.07783416000000026 0.004000000000000012 -0.1783206000000001 5.549534576630243e-17 -0.9063077746978223 -0.4226182882013996 -1 -1.129881533480654e-16 1.109906915326049e-16 -1.483425866100842e-16 0.4226182882013996 -0.9063077746978223 0 0 0 0 0 0 
2 -0.369519899402072 -0.0004034105327046511 -0.2369633983698679 0.904887405978629 0.008184876010315268 0.4255723091390741 -0.006619448398860426 0.9999647928291137 -0.005157131482009711 -0.4255995364238109 0.001849569388716512 0.9049097268174952 -0 -0 0 0 0 0 
3 -0.4633366318687213 0.0004034076123037855 -0.2580014932524581 0.9999999999999746 2.124172020278451e-07 -7.557527070362061e-08 -2.124171987826789e-07 0.9999999999999766 4.293953059874014e-08 7.557527982471378e-08 -4.293951454525175e-08 0.9999999999999962 0 0 0 0 0 0 
1 -0.07783416000000026 0.004000000000000012 -0.1783206000000001 5.549534576630243e-17 -0.9063077746978223 -0.4226182882013996 -1 -1.129881533480654e-16 1.109906915326049e-16 -1.483425866100842e-16 0.4226182882013996 -0.9063077746978223 0 0 0 0 0 0 
2 -0.369519899402072 -0.0004034105327046511 -0.2369633983698679 0.904887405978629 0.008184876010315275 0.4255723091390741 -0.006619448398860429 0.9999647928291137 -0.005157131482009724 -0.4255995364238109 0.001849569388716522 0.9049097268174952 -0 -0 0 0 0 0 
3 -0.4633366318687214 0.0004034076123037716 -0.2580014932524581 0.9999999999999746 2.12417202132245e-07 -7.557527073263086e-08 -2.124171988870787e-07 0.9999999999999766 4.293953060389169e-08 7.557527985372404e-08 -4.293951455040329e-08 0.9999999999999962 0 0 0 0 0 0 
1 -0.07783416000000026 0.004000000000000012 -0.1783206000000001 5.549534576630243e-17 -0.9063077746978223 -0.4226182882013996 -1 -1.129881533480654e-16 1.109906915326049e-16 -1.483425866100842e-16 0.4226182882013996 -0.9063077746978223 0 0 0 0 0 0 
2 -0.369519899402072 -0.0004034105327046233 -0.2369633983698679 0.904887405978629 0.008184876010315241 0.4255723091390741 -0.0066194483988604 0.9999647928291137 -0.005157131482009704 -0.4255995364238109 0.001849569388716517 0.9049097268174952 -0 -0 0 0 0 0 
3 -0.4633366318687213 0.0004034076123037855 -0.2580014932524581 0.9999999999999746 2.124172018809126e-07 -7.55752706535592e-08 -2.124171986357464e-07 0.9999999999999766 4.293953057338282e-08 7.557527977465236e-08 -4.293951451989446e-08 0.9999999999999962 0 0 0 0 0 0 
1 -0.07783416000000026 0.004000000000000012 -0.1783206000000001 5.549534576630243e-17 -0.9063077746978223 -0.4226182882013996 -1 -1.129881533480654e-16 1.109906915326049e-16 -1.483425866100842e-16 0.4226182882013996 -0.9063077746978223 0 0 0 0 0 0 
2 -0.369519899402072 -0.0004034105327046372 -0.2369633983698679 0.904887405978629 0.008184876010315142 0.4255723091390741 -0.006619448398860289 0.9999647928291137 -0.005157131482009709 -0.4255995364238109 0.001849569388716567 0.9049097268174952 -0 -0 0 0 0 0 
3 -0.4633366318687214 0.0004034076123037855 -0.2580014932524581 0.9999999999999746 2.124172022866354e-07 -7.557527080213214e-08 -2.124171990414692e-07 0.9999999999999766 4.293953066367916e-08 7.557527992322534e-08 -4.293951461019073e-08 0.9999999999999962 0 0 0 0 0 0 
1 -0.07783416000000026 0.004000000000000012 -0.1783206000000001 5.549534576630243e-17 -0.9063077746978223 -0.4226182882013996 -1 -1.129881533480654e-16 1.109906915326049e-16 -1.483425866100842e-16 0.4226182882013996 -0.9063077746978223 0 0 0 0 0 0 
2 -0.369519899402072 -0.0004034105327046511 -0.2369633983698679 0.904887405978629 0.008184876010315268 0.4255723091390741 -0.006619448398860426 0.9999647928291137 -0.005157131482009711 -0.4255995364238109 0.001849569388716512 0.9049097268174952 -0 -0 0 0 0 0 
3 -0.4633366318687213 0.0004034076123037855 -0.2580014932524581 0.9999999999999746 2.124172020278452e-07 -7.557527070362061e-08 -2.124171987826789e-07 0.9999999999999766 4.293953059874014e-08 7.557527982471378e-08 -4.293951454525175e-08 0.9999999999999962 0 0 0 0 0 0 
1 -0.07783416000000026 0.004000000000000012 -0.1783206000000001 5.549534576630243e-17 -0.9063077746978223 -0.4226182882013996 -1 -1.129881533480654e-16 1.109906915326049e-16 -1.483425866100842e-16 0.4226182882013996 -0.9063077746978223 0 0 0 0 0 0 
2 -0.369519899402072 -0.0004034105327046511 -0.2369633983698679 0.904887405978629 0.008184876010315274 0.4255723091390741 -0.006619448398860427 0.9999647928291137 -0.005157131482009724 -0.4255995364238109 0.001849569388716523 0.9049097268174952 -0 -0 0 0 0 0 
3 -0.4633366318687214 0.0004034076123037716 -0.2580014932524581 0.9999999999999746 2.12417202132245e-07 -7.557527073263086e-08 -2.124171988870788e-07 0.9999999999999766 4.293953060389169e-08 7.557527985372404e-08 -4.293951455040329e-08 0.9999999999999962 0 0 0 0 0 0 
1 -0.07783416000000026 0.004000000000000012 -0.1783206000000001 5.549534576630243e-17 -0.9063077746978223 -0.4226182882013996 -1 -1.129881533480654e-16 1.109906915326049e-16 -1.483425866100842e-16 0.4226182882013996 -0.9063077746978223 0 0 0 0 0 0 
2 -0.369519899402072 -0.0004034105327046233 -0.2369633983698679 0.904887405978629 0.008184876010315237 0.4255723091390741 -0.006619448398860397 0.9999647928291137 -0.005157131482009704 -0.4255995364238109 0.001849569388716518 0.9049097268174952 -0 -0 0 0 0 0 
3 -0.4633366318687213 0.0004034076123037855 -0.2580014932524581 0.9999999999999746 2.124172018809127e-07 -7.55752706535592e-08 -2.124171986357464e-07 0.9999999999999766 4.293953057338282e-08 7.557527977465236e-08 -4.293951451989446e-08 0.9999999999999962 0 0 0 0 0 0 
1 -0.07783416000000026 0.004000000000000012 -0.1783206000000001 5.549534576630243e-17 -0.9063077746978223 -0.4226182882013996 -1 -1.129881533480654e-16 1.109906915326049e-16 -1.483425866100842e-16 0.4226182882013996 -0.9063077746978223 0 0 0 0 0 0 
2 -0.369519899402072 -0.0004034105327046372 -0.2369633983698679 0.904887405978629 0.008184876010315142 0.4255723091390741 -0.006619448398860289 0.9999647928291137 -0.005157131482009709 -0.4255995364238109 0.001849569388716567 0.9049097268174952 -0 -0 0 0 0 0 
3 -0.4633366318687214 0.0004034076123037855 -0.2580014932524581 0.9999999999999746 2.124172022866354e-07 -7.557527080213214e-08 -2.124171990414692e-07 0.9999999999999766 4.293953066367916e-08 7.557527992322534e-08 -4.293951461019073e-08 0.9999999999999962 0 0 0 0 0 0 
1 -0.07783416000000026 0.004000000000000012 -0.1783206000000001 5.549534576630243e-17 -0.9063077746978223 -0.4226182882013996 -1 -1.129881533480654e-16 1.109906915326049e-16 -1.483425866100842e-16 0.4226182882013996 -0.9063077746978223 0 0 0 0 0 0 
2 -0.369519899402072 -0.0004034105327046511 -0.2369633983698679 0.904887405978629 0.008184876010315267 0.4255723091390741 -0.006619448398860425 0.9999647928291137 -0.00515713148200971 -0.4255995364238109 0.001849569388716512 0.9049097268174952 -0 -0 0 0 0 0 
3 -0.4633366318687213 0.0004034076123037855 -0.2580014932524581 0.9999999999999746 2.124172020278452e-07 -7.557527070362061e-08 -2.124171987826789e-07 0.9999999999999766 4.293953059874014e-08 7.557527982471378e-08 -4.293951454525175e-08 0.9999999999999962 0 0 0 0 0 0 
1 -0.07783416000000026 0.004000000000000012 -0.1783206000000001 5.549534576630243e-17 -0.9063077746978223 -0.4226182882013996 -1 -1.129881533480654e-16 1.109906915326049e-16 -1.483425866100842e-16 0.4226182882013996 -0.9063077746978223 0 0 0 0 0 0 
2 -0.369519899402072 -0.0004034105327046511 -0.2369633983698679 0.904887405978629 0.008184876010315274 0.4255723091390741 -0.006619448398860427 0.9999647928291137 -0.005157131482009723 -0.4255995364238109 0.001849569388716522 0.9049097268174952 -0 -0 0 0 0 0 
3 -0.4633366318687214 0.0004034076123037716 -0.2580014932524581 0.9999999999999746 2.12417202132245e-07 -7.557527073263086e-08 -2.124171988870788e-07 0.9999999999999766 4.293953060389169e-08 7.557527985372404e-08 -4.293951455040329e-08 0.9999999999999962 0 0 0 0 0 0 
1 -0.07783416000000026 0.004000000000000012 -0.1783206000000001 5.549534576630243e-17 -0.9063077746978223 -0.4226182882013996 -1 -1.129881533480654e-16 1.109906915326049e-16 -1.483425866100842e-16 0.4226182882013996 -0.9063077746978223 0 0 0 0 0 0 
2 -0.369519899402072 -0.0004034105327046233 -0.2369633983698679 0.904887405978629 0.008184876010315237 0.4255723091390741 -0.006619448398860397 0.9999647928291137 -0.005157131482009704 -0.4255995364238109 0.001849569388716518 0.9049097268174952 -0 -0 0 0 0 0 
3 -0.4633366318687213 0.0004034076123037855 -0.2580014932524581 0.9999999999999746 2.124172018809127e-07 -7.55752706535592e-08 -2.124171986357464e-07 0.9999999999999766 4.293953057338282e-08 7.557527977465236e-08 -4.293951451989446e-08 0.9999999999999962 0 0 0 0 0 0 
1 -0.07783416000000026 0.004000000000000012 -0.1783206000000001 5.549534576630243e-17 -0.9063077746978223 -0.4226182882013996 -1 -1.129881533480654e-16 1.109906915326049e-16 -1.483425866100842e-16 0.4226182882013996 -0.9063077746978223 0 0 0 0 0 0 
2 -0.369519899402072 -0.0004034105327046372 -0.2369633983698679 0.904887405978629 0.00818487601031514 0.4255723091390741 -0.006619448398860287 0.9999647928291137 -0.005157131482009709 -0.4255995364238109 0.001849569388716568 0.9049097268174952 -0 -0 0 0 0 0 
3 -0.4633366318687214 0.0004034076123037855 -0.2580014932524581 0.9999999999999746 2.124172022866355e-07 -7.557527080213214e-08 -2.124171990414692e-07 0.9999999999999766 4.293953066367916e-08 7.557527992322534e-08 -4.293951461019073e-08 0.9999999999999962 0 0 0 0 0 0 
1 -0.07783416000000026 0.004000000000000012 -0.1783206000000001 5.549534576630243e-17 -0.9063077746978223 -0.4226182882013996 -1 -1.129881533480654e-16 1.109906915326049e-16 -1.483425866100842e-16 0.4226182882013996 -0.9063077746978223 0 0 0 0 0 0 
2 -0.369519899402072 -0.0004034105327046511 -0.2369633983698679 0.904887405978629 0.008184876010315267 0.4255723091390741 -0.006619448398860425 0.9999647928291137 -0.00515713148200971 -0.4255995364238109 0.001849569388716512 0.9049097268174952 -0 -0 0 0 0 0 
3 -0.4633366318687213 0.0004034076123037855 -0.2580014932524581 0.9999999999999746 2.124172020278452e-07 -7.557527070362061e-08 -2.12417198782679e-07 0.9999999999999766 4.293953059874014e-08 7.557527982471378e-08 -4.293951454525175e-08 0.9999999999999962 0 0 0 0 0 0 
1 -0.07783416000000026 0.004000000000000012 -0.1783206000000001 5.549534576630243e-17 -0.9063077746978223 -0.4226182882013996 -1 -1.129881533480654e-16 1.109906915326049e-16 -1.483425866100842e-16 0.4226182882013996 -0.9063077746978223 0 0 0 0 0 0 
2 -0.369519899402072 -0.0004034105327046511 -0.2369633983698679 0.904887405978629 0.008184876010315272 0.4255723091390741 -0.006619448398860426 0.9999647928291137 -0.005157131482009723 -0.4255995364238109 0.001849569388716523 0.9049097268174952 -0 -0 0 0 0 0 
3 -0.4633366318687214 0.0004034076123037716 -0.2580014932524581 0.9999999999999746 2.12417202132245e-07 -7.557527073263086e-08 -2.124171988870788e-07 0.9999999999999766 4.293953060389169e-08 7.557527985372404e-08 -4.293951455040329e-08 0.9999999999999962 0 0 0 0 0 0 
1 -0.07783416000000026 0.004000000000000012 -0.1783206000000001 5.549534576630243e-17 -0.9063077746978223 -0.4226182882013996 -1 -1.129881533480654e-16 1.109906915326049e-16 -1.483425866100842e-16 0.4226182882013996 -0.9063077746978223 0 0 0 0 0 0 
2 -0.369519899402072 -0.0004034105327046233 -0.2369633983698679 0.904887405978629 0.008184876010315235 0.4255723091390741 -0.006619448398860395 0.9999647928291137 -0.005157131482009704 -0.4255995364238109 0.001849569388716518 0.9049097268174952 -0 -0 0 0 0 0 
3 -0.4633366318687213 0.0004034076123037855 -0.2580014932524581 0.9999999999999746 2.124172018809127e-07 -7.55752706535592e-08 -2.124171986357465e-07 0.9999999999999766 4.293953057338282e-08 7.557527977465236e-08 -4.293951451989446e-08 0.9999999999999962 0 0 0 0 0 0 
1 -0.07783416000000026 0.004000000000000012 -0.1783206000000001 5.549534576630243e-17 -0.9063077746978223 -0.4226182882013996 -1 -1.129881533480654e-16 1.109906915326049e-16 -1.483425866100842e-16 0.4226182882013996 -0.9063077746978223 0 0 0 0 0 0 
2 -0.369519899402072 -0.0004034105327046372 -0.2369633983698679 0.904887405978629 0.00818487601031514 0.4255723091390741 -0.006619448398860287 0.9999647928291137 -0.005157131482009709 -0.4255995364238109 0.001849569388716568 0.9049097268174952 -0 -0 0 0 0 0 
3 -0.4633366318687214 0.0004034076123037855 -0.2580014932524581 0.9999999999999746 2.124172022866355e-07 -7.557527080213214e-08 -2.124171990414692e-07 0.9999999999999766 4.293953066367916e-08 7.557527992322534e-08 -4.293951461019073e-08 0.9999999999999962 0 0 0 0 0 0 
1 -0.07783416000000026 0.004000000000000012 -0.1783206000000001 5.549534576630243e-17 -0.9063077746978223 -0.4226182882013996 -1 -1.129881533480654e-16 1.109906915326049e-16 -1.483425866100842e-16 0.4226182882013996 -0.9063077746978223 0 0 0 0 0 0 
2 -0.369519899402072 -0.0004034105327046511 -0.2369633983698679 0.904887405978629 0.008184876010315265 0.4255723091390741 -0.006619448398860423 0.9999647928291137 -0.00515713148200971 -0.4255995364238109 0.001849569388716513 0.9049097268174952 -0 -0 0 0 0 0 
3 -0.4633366318687213 0.0004034076123037855 -0.2580014932524581 0.9999999999999746 2.124172020278452e-07 -7.557527070362061e-08 -2.12417198782679e-07 0.9999999999999766 4.293953059874014e-08 7.557527982471378e-08 -4.293951454525175e-08 0.9999999999999962 0 0 0 0 0 0 
1 -0.07783416000000026 0.004000000000000012 -0.1783206000000001 5.549534576630243e-17 -0.9063077746978223 -0.4226182882013996 -1 -1.129881533480654e-16 1.109906915326049e-16 -1.483425866100842e-16 0.4226182882013996 -0.9063077746978223 0 0 0 0 0 0 
2 -0.369519899402072 -0.0004034105327046511 -0.2369633983698679 0.904887405978629 0.008184876010315272 0.4255723091390741 -0.006619448398860426 0.9999647928291137 -0.005157131482009723 -0.4255995364238109 0.001849569388716523 0.9049097268174952 -0 -0 0 0 0 0 
3 -0.4633366318687214 0.0004034076123037716 -0.2580014932524581 0.9999999999999746 2.124172021322451e-07 -7.557527073263086e-08 -2.124171988870788e-07 0.9999999999999766 4.293953060389169e-08 7.557527985372404e-08 -4.293951455040329e-08 0.9999999999999962 0 0 0 0 0 0 
1 -0.07783416000000026 0.004000000000000012 -0.1783206000000001 5.549534576630243e-17 -0.9063077746978223 -0.4226182882013996 -1 -1.129881533480654e-16 1.109906915326049e-16 -1.483425866100842e-16 0.4226182882013996 -0.9063077746978223 0 0 0 0 0 0 
2 -0.369519899402072 -0.0004034105327046233 -0.2369633983698679 0.904887405978629 0.008184876010315235 0.4255723091390741 -0.006619448398860395 0.9999647928291137 -0.005157131482009704 -0.4255995364238109 0.001849569388716518 0.9049097268174952 -0 -0 0 0 0 0 
3 -0.4633366318687213 0.0004034076123037855 -0.2580014932524581 0.9999999999999746 2.124172018809127e-07 -7.55752706535592e-08 -2.124171986357465e-07 0.9999999999999766 4.293953057338282e-08 7.557527977465236e-08 -4.293951451989446e-08 0.9999999999999962 0 0 0 0 0 0 
1 -0.07783416000000026 0.004000000000000012 -0.1783206000000001 5.549534576630243e-17 -0.9063077746978223 -0.4226182882013996 -1 -1.129881533480654e-16 1.109906915326049e-16 -1.483425866100842e-16 0.4226182882013996 -0.9063077746978223 0 0 0 0 0 0 
2 -0.369519899402072 -0.0004034105327046372 -0.2369633983698679 0.904887405978629 0.008184876010315137 0.4255723091390741 -0.006619448398860283 0.9999647928291137 -0.005157131482009708 -0.4255995364238109 0.001849569388716569 0.9049097268174952 -0 -0 0 0 0 0 
3 -0.4633366318687214 0.0004034076123037855 -0.2580014932524581 0.9999999999999746 2.124172022866355e-07 -7.557527080213214e-08 -2.124171990414693e-07 0.9999999999999766 4.293953066367916e-08 7.557527992322534e-08 -4.293951461019073e-08 0.9999999999999962 0 0 0 0 0 0 
1 -0.07783416000000026 0.004000000000000012 -0.1783206000000001 5.549534576630243e-17 -0.9063077746978223 -0.4226182882013996 -1 -1.129881533480654e-16 1.109906915326049e-16 -1.483425866100842e-16 0.4226182882013996 -0.9063077746978223 0 0 0 0 0 0 
2 -0.369519899402072 -0.0004034105327046511 -0.2369633983698679 0.904887405978629 0.008184876010315265 0.4255723091390741 -0.006619448398860424 0.9999647928291137 -0.00515713148200971 -0.4255995364238109 0.001849569388716512 0.9049097268174952 -0 -0 0 0 0 0 
3 -0.4633366318687213 0.0004034076123037855 -0.2580014932524581 0.9999999999999746 2.124172020278453e-07 -7.557527070362061e-08 -2.12417198782679e-07 0.9999999999999766 4.293953059874014e-08 7.557527982471378e-08 -4.293951454525175e-08 0.9999999999999962 0 0 0 0 0 0 
1 -0.07783416000000026 0.004000000000000012 -0.1783206000000001 5.549534576630243e-17 -0.9063077746978223 -0.4226182882013996 -1 -1.129881533480654e-16 1.109906915326049e-16 -1.483425866100842e-16 0.4226182882013996 -0.9063077746978223 0 0 0 0 0 0 
2 -0.369519899402072 -0.0004034105327046511 -0.2369633983698679 0.904887405978629 0.00818487601031527 0.4255723091390741 -0.006619448398860424 0.9999647928291137 -0.005157131482009723 -0.4255995364238109 0.001849569388716524 0.9049097268174952 -0 -0 0 0 0 0 
3 -0.4633366318687214 0.0004034076123037716 -0.2580014932524581 0.9999999999999746 2.124172021322451e-07 -7.557527073263086e-08 -2.124171988870789e-07 0.9999999999999766 4.293953060389169e-08 7.557527985372404e-08 -4.293951455040329e-08 0.9999999999999962 0 0 0 0 0 0 
1 -0.07783416000000026 0.004000000000000012 -0.1783206000000001 5.549534576630243e-17 -0.9063077746978223 -0.4226182882013996 -1 -1.129881533480654e-16 1.109906915326049e-16 -1.483425866100842e-16 0.4226182882013996 -0.9063077746978223 0 0 0 0 0 0 
2 -0.369519899402072 -0.0004034105327046233 -0.2369633983698679 0.904887405978629 0.008184876010315235 0.4255723091390741 -0.006619448398860393 0.9999647928291137 -0.005157131482009704 -0.4255995364238109 0.001849569388716519 0.9049097268174952 -0 -0 0 0 0 0 
3 -0.4633366318687213 0.0004034076123037855 -0.2580014932524581 0.9999999999999746 2.124172018809128e-07 -7.55752706535592e-08 -2.124171986357465e-07 0.9999999999999766 4.293953057338282e-08 7.557527977465236e-08 -4.293951451989446e-08 0.9999999999999962 0 0 0 0 0 0 
1 -0.07783416000000026 0.004000000000000012 -0.1783206000000001 5.549534576630243e-17 -0.9063077746978223 -0.4226182882013996 -1 -1.129881533480654e-16 1.109906915326049e-16 -1.483425866100842e-16 0.4226182882013996 -0.9063077746978223 0 0 0 0 0 0 
2 -0.369519899402072 -0.0004034105327046372 -0.2369633983698679 0.904887405978629 0.008184876010315137 0.4255723091390741 -0.006619448398860283 0.9999647928291137 -0.005157131482009708 -0.4255995364238109 0.001849569388716569 0.9049097268174952 -0 -0 0 0 0 0 
3 -0.4633366318687214 0.0004034076123037855 -0.2580014932524581 0.9999999999999746 2.124172022866355e-07 -7.557527080213214e-08 -2.124171990414693e-07 0.9999999999999766 4.293953066367916e-08 7.557527992322534e-08 -4.293951461019073e-08 0.9999999999999962 0 0 0 0 0 0 
1 -0.07783416000000026 0.004000000000000012 -0.1783206000000001 5.549534576630243e-17 -0.9063077746978223 -0.4226182882013996 -1 -1.129881533480654e-16 1.109906915326049e-16 -1.483425866100842e-16 0.4226182882013996 -0.9063077746978223 0 0 0 0 0 0 
2 -0.369519899402072 -0.0004034105327046511 -0.2369633983698679 0.904887405978629 0.008184876010315263 0.4255723091390741 -0.006619448398860422 0.9999647928291137 -0.00515713148200971 -0.4255995364238109 0.001849569388716512 0.9049097268174952 -0 -0 0 0 0 0 
3 -0.4633366318687213 0.0004034076123037855 -0.2580014932524581 0.9999999999999746 2.124172020278453e-07 -7.557527070362061e-08 -2.124171987826791e-07 0.9999999999999766 4.293953059874014e-08 7.557527982471378e-08 -4.293951454525175e-08 0.9999999999999962 0 0 0 0 0 0 
1 -0.07783416000000026 0.004000000000000012 -0.1783206000000001 5.549534576630243e-17 -0.9063077746978223 -0.4226182882013996 -1 -1.129881533480654e-16 1.109906915326049e-16 -1.483425866100842e-16 0.4226182882013996 -0.9063077746978223 0 0 0 0 0 0 
2 -0.369519899402072 -0.0004034105327046511 -0.2369633983698679 0.904887405978629 0.00818487601031527 0.4255723091390741 -0.006619448398860424 0.9999647928291137 -0.005157131482009723 -0.4255995364238109 0.001849569388716523 0.9049097268174952 -0 -0 0 0 0 0 
3 -0.4633366318687214 0.0004034076123037716 -0.2580014932524581 0.9999999999999746 2.124172021322451e-07 -7.557527073263086e-08 -2.124171988870789e-07 0.9999999999999766 4.293953060389169e-08 7.557527985372404e-08 -4.293951455040329e-08 0.9999999999999962 0 0 0 0 0 0 
1 -0.07783416000000026 0.004000000000000012 -0.1783206000000001 5.549534576630243e-17 -0.9063077746978223 -0.4226182882013996 -1 -1.129881533480654e-16 1.109906915326049e-16 -1.483425866100842e-16 0.4226182882013996 -0.9063077746978223 0 0 0 0 0 0 
2 -0.369519899402072 -0.0004034105327046233 -0.2369633983698679 0.904887405978629 0.008184876010315235 0.4255723091390741 -0.006619448398860394 0.9999647928291137 -0.005157131482009703 -0.4255995364238109 0.001849569388716518 0.9049097268174952 -0 -0 0 0 0 0 
3 -0.4633366318687213 0.0004034076123037855 -0.2580014932524581 0.9999999999999746 2.124172018809128e-07 -7.55752706535592e-08 -2.124171986357466e-07 0.9999999999999766 4.293953057338282e-08 7.557527977465236e-08 -4.293951451989446e-08 0.9999999999999962 0 0 0 0 0 0 
1 -0.07783416000000026 0.004000000000000012 -0.1783206000000001 5.549534576630243e-17 -0.9063077746978223 -0.4226182882013996 -1 -1.129881533480654e-16 1.109906915326049e-16 -1.483425866100842e-16 0.4226182882013996 -0.9063077746978223 0 0 0 0 0 0 
2 -0.369519899402072 -0.0004034105327046372 -0.2369633983698679 0.904887405978629 0.008184876010315137 0.4255723091390741 -0.006619448398860282 0.9999647928291137 -0.005157131482009708 -0.4255995364238109 0.001849569388716569 0.9049097268174952 -0 -0 0 0 0 0 
3 -0.4633366318687214 0.0004034076123037855 -0.2580014932524581 0.9999999999999746 2.124172022866356e-07 -7.557527080213214e-08 -2.124171990414693e-07 0.9999999999999766 4.293953066367916e-08 7.557527992322534e-08 -4.293951461019073e-08 0.9999999999999962 0 0 0 0 0 0 
1 -0.07783416000000026 0.004000000000000012 -0.1783206000000001 5.549534576630243e-17 -0.9063077746978223 -0.4226182882013996 -1 -1.129881533480654e-16 1.109906915326049e-16 -1.483425866100842e-16 0.4226182882013996 -0.9063077746978223 0 0 0 0 0 0 
2 -0.369519899402072 -0.0004034105327046511 -0.2369633983698679 0.904887405978629 0.008184876010315263 0.4255723091390741 -0.006619448398860422 0.9999647928291137 -0.00515713148200971 -0.4255995364238109 0.001849569388716512 0.9049097268174952 -0 -0 0 0 0 0 
3 -0.4633366318687213 0.0004034076123037855 -0.2580014932524581 0.9999999999999746 2.124172020278453e-07 -7.557527070362061e-08 -2.124171987826791e-07 0.9999999999999766 4.293953059874014e-08 7.557527982471378e-08 -4.293951454525175e-08 0.9999999999999962 0 0 0 0 0 0 
1 -0.07783416000000026 0.004000000000000012 -0.1783206000000001 5.549534576630243e-17 -0.9063077746978223 -0.4226182882013996 -1 -1.129881533480654e-16 1.109906915326049e-16 -1.483425866100842e-16 0.4226182882013996 -0.9063077746978223 0 0 0 0 0 0 
2 -0.369519899402072 -0.0004034105327046511 -0.2369633983698679 0.904887405978629 0.00818487601031527 0.4255723091390741 -0.006619448398860424 0.9999647928291137 -0.005157131482009723 -0.4255995364238109 0.001849569388716523 0.9049097268174952 -0 -0 0 0 0 0 
3 -0.4633366318687214 0.0004034076123037716 -0.2580014932524581 0.9999999999999746 2.124172021322451e-07 -7.557527073263086e-08 -2.124171988870789e-07 0.9999999999999766 4.293953060389169e-08 7.557527985372404e-08 -4.293951455040329e-08 0.9999999999999962 0 0 0 0 0 0 
1 -0.07783416000000026 0.004000000000000012 -0.1783206000000001 5.549534576630243e-17 -0.9063077746978223 -0.4226182882013996 -1 -1.129881533480654e-16 1.109906915326049e-16 -1.483425866100842e-16 0.4226182882013996 -0.9063077746978223 0 0 0 0 0 0 
2 -0.369519899402072 -0.0004034105327046233 -0.2369633983698679 0.904887405978629 0.008184876010315234 0.4255723091390741 -0.006619448398860393 0.9999647928291137 -0.005157131482009703 -0.4255995364238109 0.001849569388716519 0.9049097268174952 -0 -0 0 0 0 0 
3 -0.4633366318687213 0.0004034076123037855 -0.2580014932524581 0.9999999999999746 2.124172018809128e-07 -7.55752706535592e-08 -2.124171986357466e-07 0.9999999999999766 4.293953057338282e-08 7.557527977465236e-08 -4.293951451989446e-08 0.9999999999999962 0 0 0 0 0 0 
1 -0.07783416000000026 0.004000000000000012 -0.1783206000000001 5.549534576630243e-17 -0.9063077746978223 -0.4226182882013996 -1 -1.129881533480654e-16 1.109906915326049e-16 -1.483425866100842e-16 0.4226182882013996 -0.9063077746978223 0 0 0 0 0 0 
2 -0.369519899402072 -0.0004034105327046372 -0.2369633983698679 0.904887405978629 0.008184876010315137 0.4255723091390741 -0.006619448398860282 0.9999647928291137 -0.005157131482009707 -0.4255995364238109 0.001849569388716569 0.9049097268174952 -0 -0 0 0 0 0 
3 -0.4633366318687214 0.0004034076123037855 -0.2580014932524581 0.9999999999999746 2.124172022866356e-07 -7.557527080213214e-08 -2.124171990414694e-07 0.9999999999999766 4.293953066367916e-08 7.557527992322534e-08 -4.293951461019073e-08 0.9999999999999962 0 0 0 0 0 0 
1 -0.07783416000000026 0.004000000000000012 -0.1783206000000001 5.549534576630243e-17 -0.9063077746978223 -0.4226182882013996 -1 -1.129881533480654e-16 1.109906915326049e-16 -1.483425866100842e-16 0.4226182882013996 -0.9063077746978223 0 0 0 0 0 0 
2 -0.369519899402072 -0.0004034105327046511 -0.2369633983698679 0.904887405978629 0.008184876010315261 0.4255723091390741 -0.00661944839886042 0.9999647928291137 -0.00515713148200971 -0.4255995364238109 0.001849569388716513 0.9049097268174952 -0 -0 0 0 0 0 
3 -0.4633366318687213 0.0004034076123037855 -0.2580014932524581 0.9999999999999746 2.124172020278453e-07 -7.557527070362061e-08 -2.124171987826791e-07 0.9999999999999766 4.293953059874014e-08 7.557527982471378e-08 -4.293951454525175e-08 0.9999999999999962 0 0 0 0 0 0 
1 -0.07783416000000026 0.004000000000000012 -0.1783206000000001 5.549534576630243e-17 -0.9063077746978223 -0.4226182882013996 -1 -1.129881533480654e-16 1.109906915326049e-16 -1.483425866100842e-16 0.4226182882013996 -0.9063077746978223 0 0 0 0 0 0 
