1 -0.13221311939246777 0.04215394533365132 0.2000000152587891 1 0 0 0 1 0 0 0 1 -0 -0 -0 0 0 0 
2 0.070999977111816409 0.16000001418590637 0.20000001525878908 -1 1.2246467991473532e-16 3.2626522339992619e-55 -1.2246467991473532e-16 -1 2.4714529939481741e-16 3.0266569982817742e-32 2.4714529939481741e-16 1 0 0 0 0 0 0 
1 -0.13221311939246777 0.04215394533365132 0.2000000152587891 1 0 0 0 1 0 0 0 1 -0 -0 -0 0 0 0 
2 0.070999977111816409 0.16000001418590637 0.20000001525878908 -1 1.2246467991473532e-16 0 -1.2246467991473532e-16 -1 2.4714529939481741e-16 3.0266569982817742e-32 2.4714529939481741e-16 1 0 0 0 0 0 0 
1 -0.13221311939246777 0.04215394533365132 0.2000000152587891 1 0 0 0 1 0 0 0 1 -0 -0 -0 0 0 0 
2 0.070999977111816409 0.16000001418590637 0.20000001525878908 -1 1.2246467991473532e-16 0 -1.2246467991473532e-16 -1 2.4714529939481741e-16 3.0266569982817742e-32 2.4714529939481741e-16 1 0 0 0 0 0 0 
1 -0.13221311939246777 0.04215394533365132 0.2000000152587891 1 0 0 0 1 0 0 0 1 -0 -0 -0 0 0 0 
2 0.070999977111816409 0.16000001418590637 0.20000001525878908 -1 1.2246467991473532e-16 0 -1.2246467991473532e-16 -1 2.4714529939481741e-16 3.0266569982817742e-32 2.4714529939481741e-16 1 0 0 0 0 0 0 
1 -0.13221311939246777 0.04215394533365132 0.2000000152587891 1 0 0 0 1 0 0 0 1 -0 -0 -0 0 0 0 
2 0.070999977111816409 0.16000001418590637 0.20000001525878908 -1 1.2246467991473532e-16 0 -1.2246467991473532e-16 -1 2.4714529939481741e-16 3.0266569982817742e-32 2.4714529939481741e-16 1 0 0 0 0 0 0 
1 -0.13221311939246777 0.04215394533365132 0.2000000152587891 1 0 0 0 1 0 0 0 1 -0 -0 -0 0 0 0 
2 0.070999977111816409 0.16000001418590637 0.20000001525878908 -1 1.2246467991473532e-16 0 -1.2246467991473532e-16 -1 2.4714529939481741e-16 3.0266569982817742e-32 2.4714529939481741e-16 1 0 0 0 0 0 0 
1 -0.13221311939246777 0.04215394533365132 0.2000000152587891 1 0 0 0 1 0 0 0 1 -0 -0 -0 0 0 0 
2 0.070999977111816409 0.16000001418590637 0.20000001525878908 -1 1.2246467991473532e-16 0 -1.2246467991473532e-16 -1 2.4714529939481741e-16 3.0266569982817742e-32 2.4714529939481741e-16 1 0 0 0 0 0 0 
1 -0.13221311939246777 0.04215394533365132 0.2000000152587891 1 0 0 0 1 0 0 0 1 -0 -0 -0 0 0 0 
2 0.070999977111816409 0.16000001418590637 0.20000001525878908 -1 1.2246467991473532e-16 0 -1.2246467991473532e-16 -1 2.4714529939481741e-16 3.0266569982817742e-32 2.4714529939481741e-16 1 0 0 0 0 0 0 
1 -0.13221311939246777 0.04215394533365132 0.2000000152587891 1 0 0 0 1 0 0 0 1 -0 -0 -0 0 0 0 
2 0.070999977111816409 0.16000001418590637 0.20000001525878908 -1 1.2246467991473532e-16 0 -1.2246467991473532e-16 -1 2.4714529939481741e-16 3.0266569982817742e-32 2.4714529939481741e-16 1 0 0 0 0 0 0 
1 -0.13221311939246777 0.04215394533365132 0.2000000152587891 1 0 0 0 1 0 0 0 1 -0 -0 -0 0 0 0 
2 0.070999977111816409 0.16000001418590637 0.20000001525878908 -1 1.2246467991473532e-16 0 -1.2246467991473532e-16 -1 2.4714529939481741e-16 3.0266569982817742e-32 2.4714529939481741e-16 1 0 0 0 0 0 0 
1 -0.13221311939246777 0.04215394533365132 0.2000000152587891 1 0 0 0 1 0 0 0 1 -0 -0 -0 0 0 0 
2 0.070999977111816409 0.16000001418590637 0.20000001525878908 -1 1.2246467991473532e-16 0 -1.2246467991473532e-16 -1 2.4714529939481741e-16 3.0266569982817742e-32 2.4714529939481741e-16 1 0 0 0 0 0 0 
1 -0.13221311939246777 0.04215394533365132 0.2000000152587891 1 0 0 0 1 0 0 0 1 -0 -0 -0 0 0 0 
2 0.070999977111816409 0.16000001418590637 0.20000001525878908 -1 1.2246467991473532e-16 0 -1.2246467991473532e-16 -1 2.4714529939481741e-16 3.0266569982817742e-32 2.4714529939481741e-16 1 0 0 0 0 0 0 
1 -0.13221311939246777 0.04215394533365132 0.2000000152587891 1 0 0 0 1 0 0 0 1 -0 -0 -0 0 0 0 
2 0.070999977111816409 0.16000001418590637 0.20000001525878908 -1 1.2246467991473532e-16 0 -1.2246467991473532e-16 -1 2.4714529939481741e-16 3.0266569982817742e-32 2.4714529939481741e-16 1 0 0 0 0 0 0 
1 -0.13221311939246777 0.04215394533365132 0.2000000152587891 1 0 0 0 1 0 0 0 1 -0 -0 -0 0 0 0 
2 0.070999977111816409 0.16000001418590637 0.20000001525878908 -1 1.2246467991473532e-16 0 -1.2246467991473532e-16 -1 2.4714529939481741e-16 3.0266569982817742e-32 2.4714529939481741e-16 1 0 0 0 0 0 0 
1 -0.13221311939246777 0.04215394533365132 0.2000000152587891 1 0 0 0 1 0 0 0 1 -0 -0 -0 0 0 0 
2 0.070999977111816409 0.16000001418590637 0.20000001525878908 -1 1.2246467991473532e-16 0 -1.2246467991473532e-16 -1 2.4714529939481741e-16 3.0266569982817742e-32 2.4714529939481741e-16 1 0 0 0 0 0 0 
1 -0.13221311939246777 0.04215394533365132 0.2000000152587891 1 0 0 0 1 0 0 0 1 -0 -0 -0 0 0 0 
2 0.070999977111816409 0.16000001418590637 0.20000001525878908 -1 1.2246467991473532e-16 0 -1.2246467991473532e-16 -1 2.4714529939481741e-16 3.0266569982817742e-32 2.4714529939481741e-16 1 0 0 0 0 0 0 
1 -0.13221311939246777 0.04215394533365132 0.2000000152587891 1 0 0 0 1 0 0 0 1 -0 -0 -0 0 0 0 
2 0.070999977111816409 0.16000001418590637 0.20000001525878908 -1 1.2246467991473532e-16 0 -1.2246467991473532e-16 -1 2.4714529939481741e-16 3.0266569982817742e-32 2.4714529939481741e-16 1 0 0 0 0 0 0 
1 -0.13221311939246777 0.04215394533365132 0.2000000152587891 1 0 0 0 1 0 0 0 1 -0 -0 -0 0 0 0 
2 0.070999977111816409 0.16000001418590637 0.20000001525878908 -1 1.2246467991473532e-16 0 -1.2246467991473532e-16 -1 2.4714529939481741e-16 3.0266569982817742e-32 2.4714529939481741e-16 1 0 0 0 0 0 0 
1 -0.13221311939246777 0.04215394533365132 0.2000000152587891 1 0 0 0 1 0 0 0 1 -0 -0 -0 0 0 0 
2 0.070999977111816409 0.16000001418590637 0.20000001525878908 -1 1.2246467991473532e-16 0 -1.2246467991473532e-16 -1 2.4714529939481741e-16 3.0266569982817742e-32 2.4714529939481741e-16 1 0 0 0 0 0 0 
1 -0.13221311939246777 0.04215394533365132 0.2000000152587891 1 0 0 0 1 0 0 0 1 -0 -0 -0 0 0 0 
2 0.070999977111816409 0.16000001418590637 0.20000001525878908 -1 1.2246467991473532e-16 0 -1.2246467991473532e-16 -1 2.4714529939481741e-16 3.0266569982817742e-32 2.4714529939481741e-16 1 0 0 0 0 0 0 
1 -0.13221311939246777 0.04215394533365132 0.2000000152587891 1 0 0 0 1 0 0 0 1 -0 -0 -0 0 0 0 
2 0.070999977111816409 0.16000001418590637 0.20000001525878908 -1 1.2246467991473532e-16 0 -1.2246467991473532e-16 -1 2.4714529939481741e-16 3.0266569982817742e-32 2.4714529939481741e-16 1 0 0 0 0 0 0 
1 -0.13221311939246777 0.04215394533365132 0.2000000152587891 1 0 0 0 1 0 0 0 1 -0 -0 -0 0 0 0 
2 0.070999977111816409 0.16000001418590637 0.20000001525878908 -1 1.2246467991473532e-16 0 -1.2246467991473532e-16 -1 2.4714529939481741e-16 3.0266569982817742e-32 2.4714529939481741e-16 1 0 0 0 0 0 0 
1 -0.13221311939246777 0.04215394533365132 0.2000000152587891 1 0 0 0 1 0 0 0 1 -0 -0 -0 0 0 0 
2 0.070999977111816409 0.16000001418590637 0.20000001525878908 -1 1.2246467991473532e-16 0 -1.2246467991473532e-16 -1 2.4714529939481741e-16 3.0266569982817742e-32 2.4714529939481741e-16 1 0 0 0 0 0 0 
1 -0.13221311939246777 0.04215394533365132 0.2000000152587891 1 0 0 0 1 0 0 0 1 -0 -0 -0 0 0 0 
2 0.070999977111816409 0.16000001418590637 0.20000001525878908 -1 1.2246467991473532e-16 0 -1.2246467991473532e-16 -1 2.4714529939481741e-16 3.0266569982817742e-32 2.4714529939481741e-16 1 0 0 0 0 0 0 
1 -0.13221311939246777 0.04215394533365132 0.2000000152587891 1 0 0 0 1 0 0 0 1 -0 -0 -0 0 0 0 
2 0.070999977111816409 0.16000001418590637 0.20000001525878908 -1 1.2246467991473532e-16 0 -1.2246467991473532e-16 -1 2.4714529939481741e-16 3.0266569982817742e-32 2.4714529939481741e-16 1 0 0 0 0 0 0 
1 -0.13221311939246777 0.04215394533365132 0.2000000152587891 1 0 0 0 1 0 0 0 1 -1.1102230246251565e-16 -4.163336342344337e-17 -0 0 0 0 
2 0.070999977111816409 0.16000001418590637 0.20000001525878908 -1 1.8988215193149856e-15 -2.155030799862896e-31 -1.8988215193149856e-15 -1 2.4714529939481741e-16 2.5378173290213457e-31 2.4714529939481741e-16 1 -5.5511151231257827e-17 -3.3306690738754696e-16 1.5325617396877272e-17 0 3.8821583628937921e-15 31.416 
1 -0.13221311939246777 0.04215394533365132 0.2000000152587891 1 0 0 0 1 0 0 0 1 -4.0856838791327693e-16 6.8633650619661439e-16 -0 0 0 0 
2 0.070999977111816409 0.16000001418590637 0.20000001525878908 -0.95107225647933558 0.30896854687055908 1.1799770511828688e-24 -0.30896854687055908 -0.95107225647933558 2.4714530078055902e-16 7.6360125570300002e-17 2.3505303852705454e-16 1 -4.4408920985006262e-16 7.2164496600635175e-16 2.7068762978223871e-17 1.8525933621434674e-23 3.8802427648891867e-15 31.40049802795534 
1 -0.13221311939246777 0.04215394533365132 0.2000000152587891 1 0 0 0 1 0 0 0 1 1.0074385952252879e-15 -3.1446029747271131e-16 -0 0 0 0 
2 0.070999977111816409 0.1600000141859064 0.20000001525878908 -0.80925901629766761 0.58745199339259324 1.1689300587703075e-24 -0.58745199339259324 -0.80925901629766761 2.4714530076814289e-16 1.4518600053982474e-16 2.000045622955282e-16 1 8.3266726846886741e-17 -3.3306690738754696e-16 3.6109743266582296e-17 1.8325320869818247e-23 3.8744977958733106e-15 31.354007410467702 
1 -0.13221311939246777 0.04215394533365132 0.2000000152587891 1 0 0 0 1 0 0 0 1 -8.8337101210368674e-16 8.9727973686072734e-17 -0 0 0 0 
2 0.070999977111816409 0.1600000141859064 0.20000001525878908 -0.58891121296251581 0.80819773771461301 1.1471274101382444e-24 -0.80819773771461301 -0.58891121296251581 2.4714530074362589e-16 1.997422736233523e-16 1.4554663791180872e-16 1 -1.7486012637846216e-15 5.5511151231257827e-17 4.1554225181266723e-17 1.7939107784042202e-23 3.8649291472369118e-15 31.276574028378263 
1 -0.13221311939246777 0.04215394533365132 0.2000000152587891 1 0 0 0 1 0 0 0 1 3.2136985618924327e-16 -9.4927167970382023e-16 -0 0 0 3.5527136788005017e-15 
2 0.070999977111816409 0.16000001418590637 0.20000001525878908 -0.3121555125233153 0.95003101844166449 1.1151395195138884e-24 -0.95003101844166449 -0.3121555125233153 2.4714530070762553e-16 2.3479570208243386e-16 7.7147766950700598e-17 1 -9.8879238130678004e-17 -2.2204460492503131e-16 4.2898154732499761e-17 1.7378487412883107e-23 3.8515462621369011e-15 31.16827429944383 
1 -0.13221311939246777 0.04215394533365132 0.2000000152587891 1 0 0 0 1 0 0 0 1 6.9390381567412173e-17 -4.4407997786061141e-16 -0 0 0 3.5527136788005017e-15 
2 0.070999977111816409 0.16000001418590637 0.20000001525878908 -0.0064480037288258876 0.99997921140787371 1.0737927310214099e-24 -0.99997921140787371 -0.0064480037288258876 2.4714530066103747e-16 2.4714016286510995e-16 1.5935927464537563e-18 1 -3.7470027081099033e-16 2.7755575615628914e-16 4.0076187424458543e-17 1.6659472646640816e-23 3.8343623479437723e-15 31.029215102921519 
1 -0.13221311939246777 0.04215394533365132 0.2000000152587891 1 0 0 0 1 0 0 0 1 -2.6037380662926966e-16 -1.5894607632054279e-16 -0 0 0 0 
2 0.070999977111816409 0.16000001418590634 0.20000001525878908 0.29840506733450606 0.95443932011893184 1.0241355147595577e-24 -0.95443932011893184 0.29840506733450606 2.471453006049998e-16 2.3588519237441783e-16 -7.3749411045916912e-17 1 5.2735593669694936e-16 -2.2204460492503131e-16 3.3457024919150908e-17 1.580217174700464e-23 3.8133943632066969e-15 30.859533674091239 
1 -0.13221311939246777 0.04215394533365132 0.2000000152587891 1 0 0 0 1 0 0 0 1 0 0 -0 0 0 0 
2 0.070999977111816409 0.16000001418590637 0.20000001525878908 0.57339282344155973 0.8192805807693212 9.6739690369271418e-25 -0.8192805807693212 0.57339282344155973 2.4714530054084959e-16 2.0248134480681723e-16 -1.4171134247000008e-16 1 -2.2204460492503131e-16 -2.4980018054066022e-16 2.3788015905506769e-17 1.4829903047902458e-23 3.7886630009165007e-15 30.65939746882048 
1 -0.13221311939246777 0.04215394533365132 0.2000000152587891 1 0 0 0 1 0 0 0 1 3.4990229123678526e-16 1.1008387156195693e-16 -0 0 0 0 
2 0.070999977111816409 0.16000001418590637 0.20000001525878908 0.79323789271348921 0.60891185368940137 9.0493855802495276e-25 -0.60891185368940137 0.79323789271348921 2.4714530047007195e-16 1.5048970232202404e-16 -1.9604501788994981e-16 1 3.3306690738754696e-16 1.1102230246251565e-16 1.2098116274112619e-17 1.3768189552277019e-23 3.7601926680830234e-15 30.42900399830474 
1 -0.13221311939246777 0.04215394533365132 0.2000000152587891 1 0 0 0 1 0 0 0 1 -8.6593045784652517e-17 -3.0141733576779631e-16 -0 0 0 0 
2 0.070999977111816423 0.16000001418590637 0.20000001525878908 0.93879695748858882 0.34447100401945119 8.3820276201005031e-25 -0.34447100401945119 0.93879695748858882 2.4714530039424536e-16 8.5134388978592367e-17 -2.3201925635645743e-16 1 0 1.2663481374630692e-16 -4.2658769602438342e-19 1.2643693674041047e-23 3.7280114616471354e-15 30.168580634146984 
1 -0.13221311939246777 0.04215394533365132 0.2000000152587891 1 0 0 0 1 0 0 0 1 0 0 -0 0 0 0 
2 0.070999977111816409 0.16000001418590637 0.20000001525878908 0.998678502876436 0.05139307241720751 7.6866047853939906e-25 -0.05139307241720751 0.998678502876436 2.4714530031498609e-16 1.2701555549015881e-17 -2.468186985510213e-16 1 -1.1102230246251565e-16 5.8286708792820718e-16 -1.2577803161935781e-17 1.148316661093696e-23 3.6921511407512098e-15 29.878384383968232 
1 -0.13221311939246777 0.04215394533365132 0.2000000152587891 1 0 0 0 1 0 0 0 1 -1.113729046786965e-15 1.0095511847744338e-16 -0 0 0 0 
2 0.070999977111816409 0.16000001418590634 0.20000001525878908 0.96994439243980424 -0.24332668487977044 6.9775993836807302e-25 0.24332668487977044 0.96994439243980424 2.47145300233894e-16 -6.0137047266317315e-17 -2.3971719790993368e-16 1 -3.8857805861880479e-16 2.7755575615628914e-17 -2.3253219287635246e-17 1.0312438910726977e-23 3.6526470953954872e-15 29.558701637770866 
1 -0.13221311939246777 0.04215394533365132 0.2000000152587891 1 0 0 0 1 0 0 0 1 -3.4160935070329914e-16 5.9527583436853769e-17 -0 0 0 0 
2 0.070999977111816409 0.16000001418590634 0.20000001525878908 0.85788288827033776 -0.51384525882111942 6.2687944866821163e-25 0.51384525882111942 0.85788288827033776 2.4714530015250076e-16 -1.2699444126107416e-16 -2.1202172359514786e-16 1 5.2735593669694936e-16 5.5511151231257827e-17 -3.1563012177423419e-17 9.15552676574321e-24 3.6095383115113007e-15 29.209847885305031 
1 -0.13221311939246777 0.04215394533365132 0.2000000152587891 1 0 0 0 1 0 0 0 1 1.0908724268761184e-15 -6.5535178792976123e-16 -0 0 0 0 
2 0.070999977111816409 0.16000001418590637 0.20000001525878908 0.67495322614466491 -0.73786051697926547 5.5728611495771068e-25 0.73786051697926547 0.67495322614466491 2.4714530007222647e-16 -1.8235875925643077e-16 -1.6681151719904112e-16 1 1.1379786002407855e-15 -5.5511151231257827e-16 -3.6903834855873066e-17 8.0338833099329039e-24 3.5628673324856951e-15 28.83216740471676 
1 -0.13221311939246777 0.04215394533365132 0.2000000152587891 1 0 0 0 1 0 0 0 1 -1.619042438300698e-16 -1.9152411858321553e-16 -0 0 -0 0 
2 0.070999977111816395 0.16000001418590637 0.20000001525878908 0.43909107766031313 -0.89844255549206087 4.9010214734102937e-25 0.89844255549206087 0.43909107766031313 2.4714529999434125e-16 -2.2204585511996744e-16 -1.0851929567286806e-16 1 -1.8735013540549517e-16 -6.106226635438361e-16 -3.8994669885778799e-17 6.9658297392122031e-24 3.512680217175428e-15 28.426032922785549 
1 -0.13221311939246777 0.04215394533365132 0.2000000152587891 1 0 0 0 1 0 0 0 1 1.2959847898201395e-15 6.9726615389668414e-16 -0 0 0 -7.1054273576010034e-15 
2 0.070999977111816409 0.16000001418590637 0.20000001525878908 0.17162032754107401 -0.98516316576224794 4.2627905998128404e-25 0.98516316576224794 0.17162032754107401 2.4714529991993736e-16 -2.4347844614554392e-16 -4.2415156902542195e-17 1 2.2412627309620348e-15 -7.2164496600635175e-16 -3.7874342193546089e-17 5.966168436821901e-24 3.4590264944517941e-15 27.991845247086189 
1 -0.13221311939246777 0.04215394533365132 0.2000000152587891 1 0 0 0 1 0 0 0 1 0 0 -0 0 0 0 
2 0.070999977111816409 0.16000001418590637 0.20000001525878908 -0.1049643579706646 -0.99447598440374929 3.6658220819391018e-25 0.99447598440374929 -0.1049643579706646 2.4714529984990998e-16 -2.4578006532052095e-16 2.5941448088770392e-17 1 3.8857805861880479e-16 -5.5511151231257827e-17 -3.3865307932674531e-17 5.0460105086120356e-24 3.4019591143211828e-15 27.530032870438358 
1 -0.13221311939246777 0.04215394533365132 0.2000000152587891 1 0 0 0 1 0 0 0 1 0 0 -0 0 0 0 
2 0.070999977111816409 0.16000001418590637 0.20000001525878908 -0.36909578986651204 -0.9293913588487982 3.1158302309712755e-25 0.9293913588487982 -0.36909578986651204 2.4714529978494739e-16 -2.2969470588522187e-16 9.1220289925503628e-17 1 1.6653345369377348e-16 2.7755575615628914e-17 -2.7511933282520068e-17 4.2127663167110266e-24 3.3415343956695154e-15 27.041051548033806 
1 -0.13221311939246777 0.04215394533365132 0.2000000152587891 1 0 0 0 1 0 0 0 1 4.1708213869245208e-16 4.2666877900662549e-16 -0 0 0 -3.5527136788005001e-15 
2 0.070999977111816409 0.16000001418590637 0.20000001525878908 -0.60190950643780161 -0.79856430302124204 2.6166094678634734e-25 0.79856430302124204 -0.60190950643780161 2.4714529972553112e-16 -1.9736141386279851e-16 1.4875910558517006e-16 1 8.3266726846886741e-16 -2.4980018054066022e-16 -1.9503506439552786e-17 3.4703284952556872e-24 3.2778119706822282e-15 26.525383847659043 
1 -0.13221311939246777 0.04215394533365132 0.2000000152587891 1 0 0 0 1 0 0 0 1 -1.7970010909754727e-17 1.2858500082727318e-16 -0 0 0 0 
2 0.070999977111816409 0.1600000141859064 0.20000001525878908 -0.78855538629602373 -0.61496374099903539 2.1701257819029262e-25 0.61496374099903539 -0.78855538629602373 2.4714529967194296e-16 -1.5198539788545928e-16 1.9488775738751041e-16 1 -7.7715611723760958e-16 1.5265566588595902e-16 -1.0592626204967213e-17 2.8193774367767705e-24 3.2108547259945126e-15 25.983538673456902 
1 -0.13221311939246777 0.04215394533365132 0.2000000152587891 1 0 0 0 1 0 0 0 1 5.4364902880987607e-16 -1.7217026121084701e-16 -0 0 0 0 
2 0.070999977111816409 0.16000001418590637 0.20000001525878908 -0.91897591020260938 -0.39431367775831166 1.7766754889671574e-25 0.39431367775831166 -0.91897591020260938 2.4714529962428019e-16 -9.7452771872257604e-17 2.2712057674457627e-16 1 4.4408920985006262e-16 -1.8388068845354155e-16 -1.5185747557456838e-18 2.2578037272137155e-24 3.1407287406299349e-15 25.416050763697239 
1 -0.13221311939246777 0.04215394533365132 0.2000000152587891 1 0 0 0 1 0 0 0 1 -8.6930331360760241e-17 2.0403827101589751e-16 -0 0 0 0 
2 0.070999977111816423 0.16000001418590637 0.20000001525878908 -0.98814967660291619 -0.15349337650059081 1.4350937249960436e-25 0.15349337650059081 -0.98814967660291619 2.4714529958247593e-16 -3.7935166377355542e-17 2.4421654787838219e-16 1 -1.1102230246251565e-16 5.9674487573602164e-16 7.0568145308713743e-18 1.7812010853727972e-24 3.0675032207886141e-15 24.82348016305238 
1 -0.13221311939246777 0.04215394533365132 0.2000000152587891 1 0 0 0 1 0 0 0 1 5.5742132037053002e-17 7.462952219178092e-16 -0 0 0 -3.5527136788005017e-15 
2 0.070999977111816409 0.16000001418590637 0.20000001525878908 -0.99585626172960806 0.090941222632700408 1.1429969282755317e-25 -0.090941222632700408 -0.99585626172960806 2.4714529954632347e-16 2.2475695822493699e-17 2.4612119409985131e-16 1 5.2735593669694936e-16 5.5511151231257827e-17 1.4595974362460492e-17 1.3833927057142316e-24 2.9912504315492847e-15 24.206411669898035 
1 -0.13221311939246777 0.04215394533365132 0.2000000152587891 1 0 0 0 1 0 0 0 1 -5.8676152655312189e-16 -5.2516870509924235e-17 -0 0 0 0 
2 0.070999977111816409 0.16000001418590637 0.20000001525878908 -0.9460598338366375 0.32399196101291433 8.9704553628205425e-26 -0.32399196101291433 -0.9460598338366375 2.4714529951550287e-16 8.0073090330017715e-17 2.3381424096407911e-16 1 -5.8286708792820718e-16 -2.7755575615628914e-17 2.071310259823651e-17 1.0569642571531696e-24 2.9120456255526074e-15 23.565454259185223 
1 -0.13221311939246777 0.04215394533365132 0.2000000152587891 1 0 0 0 1 0 0 0 1 9.1858962941030781e-16 -8.4535567212470404e-16 -0 0 0 3.5527136788005009e-15 
2 0.070999977111816409 0.16000001418590637 0.20000001525878908 -0.8460318866614116 0.53313229760738789 6.9320917853215175e-26 -0.53313229760738789 -0.8460318866614116 2.471452994896092e-16 1.3176114141840907e-16 2.0909280396973647e-16 1 4.7184478546569153e-16 -1.6653345369377348e-16 2.5182883369848246e-17 7.9376742283626019e-25 2.8299669687360924e-15 22.901240481452685 
1 -0.13221311939246777 0.04215394533365132 0.2000000152587891 1 0 0 0 1 0 0 0 1 -1.2199012018026792e-16 -3.4099145714705646e-16 -0 0 0 3.5527136788005009e-15 
2 0.070999977111816395 0.16000001418590637 0.20000001525878908 -0.70533870045927838 0.70887045194056175 5.2702059118633984e-26 -0.70887045194056175 -0.70533870045927838 2.4714529946817896e-16 1.7519400016616629e-16 1.743211443141456e-16 1 -5.2735593669694936e-16 5.5511151231257827e-17 2.7932960050176566e-17 5.8537324864312028e-25 2.7450954631938864e-15 22.214425838572989 
1 -0.13221311939246777 0.04215394533365132 0.2000000152587891 1 0 0 0 1 0 0 0 1 3.0641443838247249e-16 4.221486455939043e-16 -0 0 0 -3.5527136788005017e-15 
2 0.070999977111816409 0.16000001418590634 0.20000001525878908 -0.53480950380575365 0.84497265910740782 3.9381242939507187e-26 -0.84497265910740782 -0.53480950380575365 2.4714529945071535e-16 2.0883102088382898e-16 1.321756549338854e-16 1 1.3461454173580023e-15 -2.7755575615628914e-16 2.902397949390962e-17 4.2346053392263914e-25 2.6575148672375266e-15 21.505688136848232 
1 -0.13221311939246777 0.04215394533365132 0.2000000152587891 1 0 0 0 1 0 0 0 1 -8.1339229251178158e-17 1.3022762560755846e-16 -0 0 0 0 
2 0.070999977111816409 0.16000001418590637 0.20000001525878908 -0.34558096202026967 0.93838893785527167 2.8892153913235998e-26 -0.93838893785527167 -0.34558096202026967 2.4714529943671169e-16 2.319184150443235e-16 8.5408710311014355e-17 1 -1.1535911115245767e-16 8.3266726846886741e-17 2.8621598868361071e-17 3.0012785063289679e-25 2.5673116127365853e-15 20.775726818094036 
1 -0.13221311939246777 0.04215394533365132 0.2000000152587891 1 0 0 0 1 0 0 0 1 -5.1220198597520618e-16 4.6662822996165709e-16 -0 0 0 -3.5527136788005017e-15 
2 0.070999977111816409 0.16000001418590637 0.20000001525878908 -0.14828719537216986 0.98894434003570486 2.0785449472635558e-26 -0.98894434003570486 -0.14828719537216986 2.4714529942566966e-16 2.4441294503652778e-16 3.6648483280692044e-17 1 -8.3266726846886741e-17 -3.0531133177191805e-16 2.6964784762184411e-17 2.0811708680018103e-25 2.4745747198206973e-15 20.025262269371542 
1 -0.13221311939246777 0.04215394533365132 0.2000000152587891 1 0 0 0 1 0 0 0 1 -2.9176375876560667e-16 1.9406913526389424e-16 -0 0 0 0 
2 0.070999977111816409 0.16000001418590637 0.20000001525878908 0.047563595397071147 0.99886821172410112 1.4642441692259811e-26 -0.99886821172410112 0.047563595397071147 2.4714529941711545e-16 2.4686558326409517e-16 -1.1755119040389552e-17 1 -2.4980018054066022e-16 1.9428902930940239e-16 2.4334189560706957e-17 1.4097023262390003e-25 2.3793957090272315e-15 19.255035112049171 
1 -0.13221311939246777 0.04215394533365132 0.2000000152587891 1 0 0 0 1 0 0 0 1 -3.4257897796976295e-16 2.6984912465570717e-17 -0 0 0 0 
2 0.070999977111816409 0.16000001418590637 0.20000001525878908 0.23401106378645919 0.97223393379655787 1.008405825524677e-26 -0.97223393379655787 0.23401106378645919 2.4714529941061129e-16 2.4028304666294697e-16 -5.7834734434704179e-17 1 -3.3306690738754696e-16 0 2.1023541612423137e-17 9.3105111123483613e-26 2.2818685109812542e-15 18.465805470895244 
1 -0.13221311939246777 0.04215394533365132 0.2000000152587891 1 0 0 0 1 0 0 0 1 6.0709449206293682e-17 -3.8068471440276091e-17 -0 0 0 0 
2 0.070999977111816409 0.16000001418590637 0.20000001525878908 0.40487023513298342 0.91437415356262264 6.7763644796550692e-27 -0.91437415356262264 0.40487023513298342 2.471452994057632e-16 2.2598327394838213e-16 -1.0006177548861907e-16 1 -2.7755575615628914e-17 2.7755575615628914e-17 1.7316009119022116e-17 5.9829577634677198e-26 2.1820893736969529e-15 17.658352223923128 
1 -0.13221311939246777 0.04215394533365132 0.2000000152587891 1 0 0 0 1 0 0 0 1 0 0 -0 0 0 0 
2 0.070999977111816409 0.16000001418590637 0.20000001525878908 0.55578772227208761 0.83132424947886896 4.4335708506651034e-27 -0.83132424947886896 0.55578772227208761 2.471452994022257e-16 2.0545788053532151e-16 -1.3736032302870189e-16 1 -5.5511151231257827e-17 4.163336342344337e-17 1.3466541284376044e-17 3.7316276260574742e-26 2.0801567675920148e-15 16.83347223372909 
1 -0.13221311939246777 0.04215394533365132 0.2000000152587891 1 0 0 0 1 0 0 0 1 3.5824026006771166e-16 -3.8461766394633654e-16 -0 0 0 1.7763568394002509e-15 
2 0.070999977111816409 0.1600000141859064 0.20000001525878908 0.68415973743320613 0.72933219706477126 2.816948336834369e-27 -0.72933219706477126 0.68415973743320613 2.4714529939970322e-16 1.80251024203489e-16 -1.6908686314720656e-16 1 -3.0531133177191805e-16 -2.7755575615628914e-17 9.6903616893619604e-18 2.2524246819162397e-26 1.9761712883086965e-15 15.991979561081383 
1 -0.13221311939246777 0.04215394533365132 0.2000000152587891 1 0 0 0 1 0 0 0 1 5.4863348316126398e-17 3.2846614099618709e-17 -0 0 0 0 
2 0.070999977111816409 0.16000001418590634 0.20000001525878908 0.78894932810360163 0.61445826358254441 1.7328562378343932e-27 -0.61445826358254441 0.78894932810360163 2.4714529939794884e-16 1.5186047151928455e-16 -1.9498511790503997e-16 1 4.9960036108132044e-16 4.8572257327350599e-17 6.1571512611733652e-18 1.3113136219875727e-26 1.8702355574375343e-15 15.134704661536892 
1 -0.13221311939246777 0.04215394533365132 0.2000000152587891 1 0 0 0 1 0 0 0 1 3.7915369548010901e-16 -1.3778447756873582e-16 -0 0 0 0 
2 0.070999977111885437 0.16000001418574508 0.20000001525878908 0.87043992881366106 0.49227464928317055 2.696211422004506e-22 -0.49227464928317055 0.87043992881366106 2.4714624195435681e-16 1.216635948907268e-16 -2.1512608998096742e-16 1 4.7736259389807856e-12 6.0363172793564956e-13 2.9900241322796114e-18 1.9227349029564419e-21 1.7624608428801839e-15 14.262493566102265 
1 -0.13221311939246777 0.04215394533365132 0.2000000152587891 1 0 0 0 1 0 0 0 1 2.2983421621485606e-16 2.5605385473286245e-16 -0 0 0 -1.776356839383501e-15 
2 0.070999977111867951 0.16000001418581475 0.20000001525878908 0.92995857263603809 0.36766432133230265 1.9767485855651746e-22 -0.36766432133230265 0.92995857263603809 2.4714603211227867e-16 9.0866594337103105e-17 -2.2983564393378778e-16 1 2.6319502133276274e-12 6.6886426952628142e-13 2.6824302782583217e-19 1.322069917874661e-21 1.6529382479795739e-15 13.376207045303826 
1 -0.13221311939246777 0.04215394533365132 0.2000000152587891 1 0 0 0 1 0 0 0 1 -1.0217058090016225e-16 -2.3729324516267787e-16 -0 0 0 1.7763568393906086e-15 
2 0.070999977111851104 0.1600000141858568 0.20000001525878908 0.96959623737040479 0.24471031134211257 1.4128362390647731e-22 -0.24471031134211257 0.96959623737040479 2.4714585758986195e-16 6.0479002769658387e-17 -2.3963172817437164e-16 1 1.3682666111236585e-12 5.1942478096478339e-13 -1.9676052215750975e-18 8.8137809115547581e-22 1.5417848026682809e-15 12.476719761387788 
1 -0.13221311939246777 0.04215394533365132 0.2000000152587891 1 0 0 0 1 0 0 0 1 -5.9050141831806419e-17 6.6762896179012634e-17 -0 0 0 0 
2 0.070999977111837809 0.16000001418588089 0.20000001525878908 0.99194597569037324 0.12666168051811647 9.8081615855489953e-23 -0.12666168051811647 0.99194597569037324 2.4714571491647626e-16 3.1303794292508075e-17 -2.4515520974370116e-16 1 6.687983500341943e-13 3.3710534363962097e-13 -3.7089156886078376e-18 5.6715299117758396e-22 1.4291101370071568e-15 11.564919403843433 
1 -0.13221311939246777 0.04215394533365132 0.2000000152587891 1 0 0 0 1 0 0 0 1 0 0 -0 0 0 0 
2 0.070999977111828566 0.16000001418589399 0.20000001525878908 0.99987263286894601 0.015959888462077531 6.5834147737447838e-23 -0.015959888462077531 0.99987263286894601 2.4714560053994944e-16 3.9443503927481306e-18 -2.4711412336456171e-16 1 3.0535296513534149e-13 1.9202001100282473e-13 -4.97184503332485e-18 3.5029381635957556e-22 1.3150253870529729e-15 10.641705813738794 
1 -0.13221311939246777 0.04215394533365132 0.2000000152587891 1 0 0 0 1 0 0 0 1 1.1913037672004736e-16 5.7997124304691582e-17 -0 0 0 0 
2 0.070999977111822751 0.16000001418590074 0.20000001525878908 0.99632175605599449 -0.085691063766879308 4.2476551702798333e-23 0.085691063766879308 0.99632175605599449 2.4714551089551406e-16 -2.1178204054158045e-17 -2.4623644577691359e-16 1 1.2913281555171352e-13 9.73388036840106e-14 -5.7902622220737071e-18 2.0618097162612745e-22 1.1996430859827915e-15 9.7079900956806409 
1 -0.13221311939246777 0.04215394533365132 0.2000000152587891 1 0 0 0 1 0 0 0 1 -7.4880449101109862e-17 -2.3485767889117066e-16 -0 0 0 1.7763568393996352e-15 
2 0.070999977111819448 0.16000001418590398 0.20000001525878908 0.98417014797568503 -0.17722618269747373 2.6144697282631768e-23 0.17722618269747373 0.98417014797568503 2.4714544247144714e-16 -4.3800669071123267e-17 -2.4323316205511537e-16 1 4.9404924595819466e-14 4.4089731865426529e-14 -6.2093714645172949e-18 1.1457513203123604e-22 1.0830770536123522e-15 8.7646937186590481 
1 -0.13221311939246777 0.04215394533365132 0.2000000152587891 1 0 0 0 1 0 0 0 1 0 0 -0 0 0 0 
2 0.070999977111817714 0.16000001418590543 0.20000001525878908 0.96611658820838153 -0.25810605957357263 1.5196738591378326e-23 0.25810605957357263 0.96611658820838153 2.4714539187074185e-16 -6.3789737919344882e-17 -2.3877125886321431e-16 1 1.7610912728116546e-14 1.7617851622020453e-14 -6.2803144507505534e-18 5.9364141540816813e-23 9.654422844180474e-16 7.8127476066636756 
1 -0.13221311939246777 0.04215394533365132 0.2000000152587891 1 0 0 0 1 0 0 0 1 -3.6129083156445715e-17 1.9265971142491377e-16 -0 0 0 -8.881784197000779e-16 
2 0.070999977111816909 0.16000001418590604 0.20000001525878908 0.94460853354671459 -0.32819920528655372 8.2259152886821094e-24 0.32819920528655372 0.94460853354671459 2.4714535586826743e-16 -8.1112917156497649e-17 -2.3345560947986614e-16 1 5.4609095023749887e-15 6.0368376963992887e-15 -6.055895201372187e-18 2.818647395312795e-23 8.4685483417850161e-16 6.8530912199692651 
1 -0.13221311939246777 0.04215394533365132 0.2000000152587891 1 0 0 0 1 0 0 0 1 1.2163737510312312e-16 -9.9242197296071688e-17 -0 0 0 8.8817841970011005e-16 
2 0.070999977111816576 0.16000001418590626 0.20000001525878908 0.92179899196763782 -0.38766818080343751 4.0644593880086377e-24 0.38766818080343751 0.92179899196763782 2.4714533146298523e-16 -9.5810384788932613e-17 -2.2781831583642594e-16 1 1.4849232954361469e-15 1.8249290967276011e-15 -5.5874446735354383e-18 1.1963068897707046e-23 7.274317053575414e-16 5.8866716279970541 
1 -0.13221311939246777 0.04215394533365132 0.2000000152587891 1 0 0 0 1 0 0 0 1 -3.6753295885166688e-17 1.9844370467894517e-16 -0 0 0 -8.8817841970012129e-16 
2 0.070999977111816465 0.16000001418590634 0.20000001525878908 0.89952705191537585 -0.43686506254498392 1.7788799237889345e-24 0.43686506254498392 0.89952705191537585 2.4714531592488176e-16 -1.079691554993739e-16 -2.2231389665147261e-16 1 3.8163916471489756e-16 4.7184478546569153e-16 -4.9227540171195125e-18 4.371101596530137e-24 6.0729073135537172e-16 4.9144425746669125 
1 -0.13221311939246777 0.04215394533365132 0.2000000152587891 1 0 0 0 1 0 0 0 1 0 0 -0 0 0 0 
2 0.070999977111816409 0.16000001418590637 0.20000001525878908 0.87931552511137023 -0.47623965321895989 6.5710387771680057e-25 0.47623965321895989 0.87931552511137023 2.4714530683636996e-16 -1.1770039580024791e-16 -2.1731870494669444e-16 1 7.9797279894933126e-17 1.3877787807814457e-17 -4.1049511079505236e-18 1.2936284451762623e-24 4.865504597592014e-16 3.9373635371626694 
1 -0.13221311939246777 0.04215394533365132 0.2000000152587891 1 0 0 0 1 0 0 0 1 -1.9989821353846957e-17 -1.4959901719763985e-17 -0 0 0 0 
2 0.070999977111816409 0.16000001418590637 0.20000001525878908 0.86237961997604262 -0.5062621761992262 1.8814428731943951e-25 0.5062621761992262 0.86237961997604262 2.4714530212797669e-16 -1.2512031865497652e-16 -2.1313307163273844e-16 1 -1.0408340855860843e-17 -1.0408340855860843e-17 -3.1721683201738287e-18 2.7811476102841432e-25 3.6533003472824659e-16 2.9563987790394783 
1 -0.13221311939246777 0.04215394533365132 0.2000000152587891 1 0 0 0 1 0 0 0 1 1.7359464409018204e-17 2.284533767000398e-17 -0 0 0 0 
2 0.070999977111816409 0.1600000141859064 0.20000001525878908 0.84964132515330537 -0.5273609945679858 3.5137195921321426e-26 0.5273609945679858 0.84964132515330537 2.4714530010819596e-16 -1.3033479129771557e-16 -2.0998486027080897e-16 1 -4.3368086899420177e-17 2.4286128663675299e-17 -2.1578430929274737e-18 3.4654339091616303e-26 2.4374907865110059e-16 1.9725163986075513 
1 -0.13221311939246777 0.04215394533365132 0.2000000152587891 1 0 0 0 1 0 0 0 1 -2.7145463099702496e-17 7.3009750034734073e-19 -0 0 0 0 
2 0.070999977111816409 0.16000001418590637 0.20000001525878908 0.84174510861015417 -0.53987514494638467 2.7400220726236763e-27 0.53987514494638467 0.84174510861015417 2.4714529948742855e-16 -1.3342760438589954e-16 -2.0803334695805536e-16 1 -2.688821387764051e-17 0 -1.0914994579624486e-18 1.3517686278786021e-27 1.2192757321596164e-16 0.98668737353156677 
1 -0.13221311939246777 0.04215394533365132 0.2000000152587891 1 0 0 0 1 0 0 0 1 4.9547005720809039e-21 1.4502482831521795e-21 -0 0 0 0 
2 0.070999977111900162 0.16000001418584608 0.20000001525878908 0.83907152911310379 -0.54402111083284055 3.7090997430482487e-24 0.54402111083284055 0.83907152911310379 2.4714605125501529e-16 -1.3445267245390356e-16 -2.0737321312298263e-16 1 -1.4001878134587212e-17 -1.9259411638194654e-17 1.2812196358625804e-22 -2.1401025475093154e-28 -1.4260007297245456e-20 -0.0001153974115696585 
1 -0.13221311939246777 0.04215394533365132 0.2000000152587891 1 0 0 0 1 0 0 0 1 -3.6879651639229728e-19 2.0286295349378129e-17 -0 0 0 -1.1102230246148622e-16 
2 0.070999977111898802 0.16000001418584392 0.20000001525878908 0.84174635440689771 -0.53987320256028393 -3.7143042282184287e-24 0.53987320256028393 0.84174635440689771 2.4714605195856453e-16 -1.3342752744449851e-16 -2.0803429024743272e-16 1 -1.2243157876401511e-13 -1.6323747908941755e-13 1.0917560849746595e-18 1.8328569485307609e-24 -1.2195645038568182e-16 -0.98691805448001668 
1 -0.13221311939246777 0.04215394533365132 0.2000000152587891 1 0 0 0 1 0 0 0 1 4.6448830720865449e-17 1.4738969728496633e-18 -0 0 0 0 
2 0.070999977111816409 0.16000001418590637 0.20000001525878908 0.84964375778665546 -0.52735707528596909 -2.7421174844031693e-27 0.52735707528596909 0.84964375778665546 2.4714529948748623e-16 -1.3033382230606584e-16 -2.0998546097730226e-16 1 4.6837533851373792e-17 6.9388939039072284e-18 2.1580874472094779e-18 2.7047575249699679e-27 -2.4377754168893763e-16 -1.9727467380077024 
1 -0.13221311939246777 0.04215394533365132 0.2000000152587891 1 0 0 0 1 0 0 0 1 7.7947414706214405e-18 -1.3463966192716688e-17 -0 0 0 0 
2 0.070999977111816409 0.16000001418590637 0.20000001525878908 0.86238312004903583 -0.50625621404037136 -3.515358943700805e-26 0.50625621404037136 0.86238312004903583 2.4714530010846265e-16 -1.2511884392046583e-16 -2.1313393503078806e-16 1 1.3877787807814457e-17 -1.3877787807814457e-17 3.172397167735591e-18 5.1968036372277476e-26 -3.6535842509787498e-16 -2.9566285495822346 
1 -0.13221311939246777 0.04215394533365132 0.2000000152587891 1 0 0 0 1 0 0 0 1 -4.4634629780412607e-17 -2.1355276472194929e-17 -0 0 0 0 
2 0.070999977111816409 0.16000001418590637 0.20000001525878908 0.87931991005779209 -0.47623155688798735 -1.8820692780569471e-25 0.47623155688798735 0.87931991005779209 2.4714530212870515e-16 -1.1769839184481117e-16 -2.1731978492864895e-16 1 -4.163336342344337e-17 -3.4694469519536142e-17 4.1051570857421328e-18 3.7054108199485854e-25 -4.8657874553025272e-16 -3.9375925120911948 
1 -0.13221311939246777 0.04215394533365132 0.2000000152587891 1 0 0 0 1 0 0 0 1 3.4200430944418306e-17 1.6228569796293751e-16 -0 0 0 -8.8817841970012444e-16 
2 0.070999977111816409 0.16000001418590634 0.20000001525878908 0.89953207245962619 -0.43685472484166837 -6.5727359374498789e-25 0.43685472484166837 0.89953207245962619 2.4714530683790967e-16 -1.0796659442334606e-16 -2.223151303457082e-16 1 -2.0816681711721685e-17 -5.5511151231257827e-17 4.922928704762506e-18 1.6151415507406987e-24 -6.0731887782607169e-16 -4.9146705280095153 
1 -0.13221311939246777 0.04215394533365132 0.2000000152587891 1 0 0 0 1 0 0 0 1 2.5242767508316987e-17 -7.7068382718511434e-18 -0 0 0 0 
2 0.070999977111816437 0.16000001418590631 0.20000001525878908 0.92180432845528393 -0.3876554914367949 -1.7792546881856968e-24 0.3876554914367949 0.92180432845528393 2.4714531592767369e-16 -9.58072372621196e-17 -2.2781962266931612e-16 1 -5.2041704279304213e-16 -3.7470027081099033e-16 5.587578443512044e-18 5.2371457620536206e-24 -7.2745967439291321e-16 -5.8868983347902271 
1 -0.13221311939246777 0.04215394533365132 0.2000000152587891 1 0 0 0 1 0 0 0 1 -3.7440224550567257e-17 -1.1742883944562401e-16 -0 0 0 8.8817841970011005e-16 
2 0.070999977111816492 0.1600000141859062 0.20000001525878908 0.94461379305865867 -0.32818406719908511 -4.0651813189964314e-24 0.32818406719908511 0.94461379305865867 2.4714533146755505e-16 -8.1109156230261904e-17 -2.3345689032843437e-16 1 -2.1926904736346842e-15 -1.2628786905111156e-15 6.0559771914734302e-18 1.3929987044001531e-23 -8.4688258364435111e-16 -6.8533164564796047 
1 -0.13221311939246777 0.04215394533365132 0.2000000152587891 1 0 0 0 1 0 0 0 1 2.7453842008088362e-17 -3.4736144869723829e-16 -0 0 0 1.7763568394001558e-15 
2 0.070999977111816603 0.16000001418590581 0.20000001525878908 0.96612130359868686 -0.2580884087532293 -8.2271760794609031e-24 0.2580884087532293 0.96612130359868686 2.4714535587521862e-16 -6.3785343680135665e-17 -2.3877239551986638e-16 1 -8.2989171090730451e-15 -4.2257863874795021e-15 6.2803326931545986e-18 3.2139344695150901e-23 -9.6546976772998976e-16 -7.8129711506086039 
1 -0.13221311939246777 0.04215394533365132 0.2000000152587891 1 0 0 0 1 0 0 0 1 7.4880449101125023e-17 2.3485767889121824e-16 -0 0 0 -1.7763568393999949e-15 
2 0.070999977111816742 0.16000001418590479 0.20000001525878908 0.98417378017517254 -0.177206011229053 -1.5198783642400886e-23 0.177206011229053 0.98417378017517254 2.4714539188074638e-16 -4.3795634130583893e-17 -2.4323401727346442e-16 1 -2.5743296383495817e-14 -1.0318135235110049e-14 6.2093132077301424e-18 6.6608026013672924e-23 -1.0831042194177355e-15 -8.7649153494260528 
1 -0.13221311939246777 0.04215394533365132 0.2000000152587891 1 0 0 0 1 0 0 0 1 -7.5100086544283993e-17 6.369657279836787e-17 -0 0 0 0 
2 0.070999977111816742 0.16000001418590251 0.20000001525878908 0.99632370113274638 -0.085668445539451188 -2.6147827556659395e-23 0.085668445539451188 0.99632370113274638 2.4714544248523486e-16 -2.1172539828169581e-17 -2.4623686421502325e-16 1 -7.1331829332166308e-14 -1.9408086249228518e-14 5.7901144818671026e-18 1.2692429517405636e-22 -1.1996698779915744e-15 -9.7082095945446873 
1 -0.13221311939246777 0.04215394533365132 0.2000000152587891 1 0 0 0 1 0 0 0 1 1.6136705304158472e-16 4.4440689072631629e-16 -0 0 0 -1.7763568393988968e-15 
2 0.070999977111815979 0.16000001418589788 0.20000001525878908 0.99987223539538816 0.015984770421542289 -4.2481124003390299e-23 -0.015984770421542289 0.99987223539538816 2.471455109138611e-16 3.9506067283692635e-18 -2.4711393378632657e-16 1 -1.7506829319557937e-13 -2.6006974351844292e-14 4.9715954055098268e-18 2.2604042453674118e-22 -1.3150517440314839e-15 -10.641922964077835 
1 -0.13221311939246777 0.04215394533365132 0.2000000152587891 1 0 0 0 1 0 0 0 1 0 0 -0 0 0 0 
2 0.070999977111813051 0.16000001418588938 0.20000001525878908 0.99194254988889841 0.1266885066606683 -6.5840572673253483e-23 -0.1266885066606683 0.99194254988889841 2.471456005636662e-16 3.131057237323044e-17 -2.451542288757024e-16 1 -3.9188097211706463e-13 -7.6987027863850699e-15 3.7085534484791145e-18 3.8072752252571157e-22 -1.4291359929459353e-15 -11.56513399135164 
1 -0.13221311939246777 0.04215394533365132 0.2000000152587891 1 0 0 0 1 0 0 0 1 -3.4679973537014777e-16 2.5753186643362663e-16 -0 0 0 -1.7763568393949485e-15 
