1 -0.121 -8.796847998598882e-19 -0.08 1 0 0 0 1 0 0 0 1 -0 -0 0 -0 0 0 
2 -0.04869259570202728 -0.001985390890606622 -0.02810879162419696 0.9990678575462876 0.001558253989975219 0.04313916854059263 2.168404344971009e-18 0.9993482542271943 -0.03609801619284766 -0.04316730264761665 0.03606436769945951 0.9984167192933857 0 -0 -0 0 0 0 
3 0.0922534106532278 -0.001895145850124541 -0.009155819605617083 0.9990537652981445 -0.005530477486285016 0.04313916854059265 0.007090681752166227 0.9993230986318842 -0.03609801619284764 -0.04291032831253404 0.03636974511243224 0.9984167192933857 0 0 0 0 0 -0 
4 0.2310424585814532 -7.816912863716824e-17 7.816912871471643e-17 1 0 0 0 1 0 0 0 1 0 0 0 0 0 0 
1 -0.121 -8.796847998598882e-19 -0.08 1 0 0 0 1 0 0 0 1 -0 -0 0 -0 0 0 
2 -0.04869259570202728 -0.001985390890606622 -0.02810879162419695 0.9990678575462876 0.001558253989975216 0.04313916854059258 3.469446951953614e-18 0.9993482542271943 -0.03609801619284765 -0.04316730264761659 0.0360643676994595 0.9984167192933857 0 -0 -0 0 0 0 
3 0.09225341065322781 -0.001895145850124542 -0.009155819605617056 0.9990537652981445 -0.00553047748628502 0.04313916854059259 0.007090681752166229 0.9993230986318842 -0.03609801619284766 -0.04291032831253398 0.03636974511243225 0.9984167192933857 0 0 0 0 0 -0 
4 0.2310424585814533 -7.816912863716824e-17 7.816912871471643e-17 1 0 0 0 1 0 0 0 1 0 0 0 0 0 0 
1 -0.121 -8.796847998598882e-19 -0.08 1 0 0 0 1 0 0 0 1 -0 -0 0 -0 0 0 
2 -0.04869259570202727 -0.001985390890606623 -0.02810879162419695 0.9990678575462876 0.001558253989975217 0.04313916854059247 -1.084202172485504e-18 0.9993482542271943 -0.03609801619284767 -0.04316730264761648 0.03606436769945952 0.9984167192933857 0 -0 -0 0 0 0 
3 0.09225341065322781 -0.001895145850124542 -0.009155819605617056 0.9990537652981445 -0.005530477486285023 0.04313916854059251 0.007090681752166229 0.9993230986318842 -0.03609801619284766 -0.0429103283125339 0.03636974511243225 0.9984167192933857 0 0 0 0 0 -0 
4 0.2310424585814533 -7.816912863716824e-17 7.816912871471643e-17 1 0 0 0 1 0 0 0 1 0 0 0 0 0 0 
1 -0.121 -8.796847998598882e-19 -0.08 1 0 0 0 1 0 0 0 1 -0 -0 0 -0 0 0 
2 -0.04869259570202728 -0.001985390890606622 -0.02810879162419695 0.9990678575462876 0.001558253989975214 0.04313916854059258 5.204170427930421e-18 0.9993482542271943 -0.03609801619284765 -0.04316730264761659 0.0360643676994595 0.9984167192933857 0 -0 -0 0 0 0 
3 0.0922534106532278 -0.001895145850124542 -0.009155819605617063 0.9990537652981445 -0.005530477486285021 0.04313916854059257 0.007090681752166229 0.9993230986318842 -0.03609801619284766 -0.04291032831253396 0.03636974511243225 0.9984167192933857 0 0 0 0 0 -0 
4 0.2310424585814533 -7.816912863716824e-17 7.816912871471643e-17 1 0 0 0 1 0 0 0 1 0 0 0 0 0 0 
1 -0.121 -8.796847998598882e-19 -0.08 1 0 0 0 1 0 0 0 1 -0 -0 0 -0 0 0 
2 -0.04869259570202728 -0.001985390890606622 -0.02810879162419696 0.9990678575462876 0.001558253989975221 0.04313916854059258 -1.301042606982605e-18 0.9993482542271943 -0.03609801619284767 -0.04316730264761659 0.03606436769945952 0.9984167192933857 0 -0 -0 0 0 0 
3 0.09225341065322783 -0.001895145850124541 -0.009155819605617063 0.9990537652981445 -0.005530477486285021 0.04313916854059256 0.007090681752166228 0.9993230986318842 -0.03609801619284764 -0.04291032831253395 0.03636974511243224 0.9984167192933857 0 0 0 0 0 -0 
4 0.2310424585814533 -7.816912863716824e-17 7.816912871471643e-17 1 0 0 0 1 0 0 0 1 0 0 0 0 0 0 
1 -0.121 -8.796847998598882e-19 -0.08 1 0 0 0 1 0 0 0 1 -0 -0 0 -0 0 0 
2 -0.04869259570202728 -0.001985390890606623 -0.02810879162419695 0.9990678575462876 0.001558253989975222 0.04313916854059258 -1.517883041479706e-18 0.9993482542271943 -0.03609801619284768 -0.04316730264761659 0.03606436769945953 0.9984167192933857 0 -0 -0 0 0 0 
3 0.09225341065322783 -0.001895145850124542 -0.009155819605617049 0.9990537652981445 -0.005530477486285022 0.04313916854059257 0.00709068175216623 0.9993230986318842 -0.03609801619284766 -0.04291032831253396 0.03636974511243225 0.9984167192933857 0 0 0 0 0 -0 
4 0.2310424585814533 -7.816912863716824e-17 7.816912871471643e-17 1 0 0 0 1 0 0 0 1 0 0 0 0 0 0 
1 -0.121 -8.796847998598882e-19 -0.08 1 0 0 0 1 0 0 0 1 -0 -0 0 -0 0 0 
2 -0.04869259570202727 -0.001985390890606623 -0.02810879162419695 0.9990678575462876 0.001558253989975214 0.04313916854059247 1.517883041479706e-18 0.9993482542271943 -0.03609801619284767 -0.04316730264761648 0.03606436769945952 0.9984167192933857 0 -0 -0 0 0 0 
3 0.09225341065322781 -0.001895145850124542 -0.009155819605617042 0.9990537652981445 -0.005530477486285025 0.04313916854059247 0.00709068175216623 0.9993230986318842 -0.03609801619284766 -0.04291032831253386 0.03636974511243225 0.9984167192933857 0 0 0 0 0 -0 
4 0.2310424585814533 -7.816912863716824e-17 7.816912871471643e-17 1 0 0 0 1 0 0 0 1 0 0 0 0 0 0 
1 -0.121 -8.796847998598882e-19 -0.08 1 0 0 0 1 0 0 0 1 -0 -0 0 -0 0 0 
2 -0.0486925957020273 -0.001985390890606622 -0.02810879162419695 0.9990678575462876 0.001558253989975217 0.04313916854059252 2.168404344971009e-19 0.9993482542271943 -0.03609801619284767 -0.04316730264761653 0.03606436769945952 0.9984167192933857 0 -0 -0 0 0 0 
3 0.0922534106532278 -0.001895145850124542 -0.009155819605617056 0.9990537652981445 -0.005530477486285023 0.04313916854059251 0.00709068175216623 0.9993230986318842 -0.03609801619284766 -0.04291032831253391 0.03636974511243225 0.9984167192933857 0 0 0 0 0 -0 
4 0.2310424585814533 -7.816912863716824e-17 7.816912871471643e-17 1 0 0 0 1 0 0 0 1 0 0 0 0 0 0 
1 -0.121 -8.796847998598882e-19 -0.08 1 0 0 0 1 0 0 0 1 -0 -0 0 -0 0 0 
2 -0.04869259570202728 -0.001985390890606622 -0.02810879162419695 0.9990678575462876 0.001558253989975217 0.04313916854059258 2.168404344971009e-18 0.9993482542271943 -0.03609801619284767 -0.04316730264761659 0.03606436769945952 0.9984167192933857 0 -0 -0 0 0 0 
3 0.09225341065322781 -0.001895145850124542 -0.009155819605617056 0.9990537652981445 -0.005530477486285022 0.04313916854059258 0.007090681752166231 0.9993230986318842 -0.03609801619284766 -0.04291032831253397 0.03636974511243225 0.9984167192933857 0 0 0 0 0 -0 
4 0.2310424585814533 -7.816912863716824e-17 7.816912871471643e-17 1 0 0 0 1 0 0 0 1 0 0 0 0 0 0 
1 -0.121 -8.796847998598882e-19 -0.08 1 0 0 0 1 0 0 0 1 -0 -0 0 -0 0 0 
2 -0.04869259570202727 -0.001985390890606623 -0.02810879162419695 0.9990678575462876 0.001558253989975217 0.04313916854059247 -1.084202172485504e-18 0.9993482542271943 -0.03609801619284767 -0.04316730264761648 0.03606436769945952 0.9984167192933857 0 -0 -0 0 0 0 
3 0.09225341065322781 -0.001895145850124542 -0.009155819605617056 0.9990537652981445 -0.005530477486285022 0.04313916854059251 0.007090681752166228 0.9993230986318842 -0.03609801619284766 -0.04291032831253391 0.03636974511243225 0.9984167192933857 0 0 0 0 0 -0 
4 0.2310424585814533 -7.816912863716824e-17 7.816912871471643e-17 1 0 0 0 1 0 0 0 1 0 0 0 0 0 0 
1 -0.121 -8.796847998598882e-19 -0.08 1 0 0 0 1 0 0 0 1 -0 -0 0 -0 0 0 
2 -0.04869259570202728 -0.001985390890606622 -0.02810879162419695 0.9990678575462876 0.001558253989975215 0.04313916854059258 4.77048955893622e-18 0.9993482542271943 -0.03609801619284767 -0.04316730264761659 0.03606436769945952 0.9984167192933857 0 -0 -0 0 0 0 
3 0.0922534106532278 -0.001895145850124542 -0.009155819605617063 0.9990537652981445 -0.005530477486285021 0.04313916854059257 0.007090681752166229 0.9993230986318842 -0.03609801619284766 -0.04291032831253396 0.03636974511243225 0.9984167192933857 0 0 0 0 0 -0 
4 0.2310424585814533 -7.816912863716824e-17 7.816912871471643e-17 1 0 0 0 1 0 0 0 1 0 0 0 0 0 0 
1 -0.121 -8.796847998598882e-19 -0.08 1 0 0 0 1 0 0 0 1 -0 -0 0 -0 0 0 
2 -0.04869259570202727 -0.001985390890606622 -0.02810879162419696 0.9990678575462876 0.001558253989975215 0.04313916854059252 2.168404344971009e-18 0.9993482542271943 -0.03609801619284766 -0.04316730264761653 0.03606436769945951 0.9984167192933857 0 -0 -0 0 0 0 
3 0.09225341065322783 -0.001895145850124542 -0.009155819605617063 0.9990537652981445 -0.005530477486285022 0.04313916854059256 0.00709068175216623 0.9993230986318842 -0.03609801619284766 -0.04291032831253395 0.03636974511243225 0.9984167192933857 0 0 0 0 0 -0 
4 0.2310424585814533 -7.816912863716824e-17 7.816912871471643e-17 1 0 0 0 1 0 0 0 1 0 0 0 0 0 0 
1 -0.121 -8.796847998598882e-19 -0.08 1 0 0 0 1 0 0 0 1 -0 -0 0 -0 0 0 
2 -0.04869259570202728 -0.001985390890606622 -0.02810879162419696 0.9990678575462876 0.001558253989975218 0.04313916854059258 1.301042606982605e-18 0.9993482542271943 -0.03609801619284767 -0.04316730264761659 0.03606436769945952 0.9984167192933857 0 -0 -0 0 0 0 
3 0.0922534106532278 -0.001895145850124541 -0.009155819605617069 0.9990537652981445 -0.00553047748628502 0.04313916854059258 0.007090681752166228 0.9993230986318842 -0.03609801619284766 -0.04291032831253397 0.03636974511243225 0.9984167192933857 0 0 0 0 0 -0 
4 0.2310424585814533 -7.816912863716824e-17 7.816912871471643e-17 1 0 0 0 1 0 0 0 1 0 0 0 0 0 0 
1 -0.121 -8.796847998598882e-19 -0.08 1 0 0 0 1 0 0 0 1 -0 -0 0 -0 0 0 
2 -0.04869259570202728 -0.001985390890606622 -0.02810879162419696 0.9990678575462876 0.001558253989975219 0.04313916854059263 2.602085213965211e-18 0.9993482542271943 -0.03609801619284767 -0.04316730264761665 0.03606436769945952 0.9984167192933857 0 -0 -0 0 0 0 
3 0.09225341065322783 -0.001895145850124542 -0.009155819605617069 0.9990537652981445 -0.00553047748628502 0.0431391685405926 0.007090681752166229 0.9993230986318842 -0.03609801619284766 -0.042910328312534 0.03636974511243225 0.9984167192933857 0 0 0 0 0 -0 
4 0.2310424585814533 -7.816912863716824e-17 7.816912871471643e-17 1 0 0 0 1 0 0 0 1 0 0 0 0 0 0 
1 -0.121 -8.796847998598882e-19 -0.08 1 0 0 0 1 0 0 0 1 -0 -0 0 -0 0 0 
2 -0.04869259570202728 -0.001985390890606622 -0.02810879162419696 0.9990678575462876 0.00155825398997522 0.04313916854059258 -4.336808689942018e-19 0.9993482542271943 -0.03609801619284767 -0.04316730264761659 0.03606436769945952 0.9984167192933857 0 -0 -0 0 0 0 
3 0.09225341065322781 -0.001895145850124542 -0.009155819605617063 0.9990537652981445 -0.005530477486285022 0.0431391685405926 0.007090681752166231 0.9993230986318842 -0.03609801619284766 -0.04291032831253399 0.03636974511243225 0.9984167192933857 0 0 0 0 0 -0 
4 0.2310424585814533 -7.816912863716824e-17 7.816912871471643e-17 1 0 0 0 1 0 0 0 1 0 0 0 0 0 0 
1 -0.121 -8.796847998598882e-19 -0.08 1 0 0 0 1 0 0 0 1 -0 -0 0 -0 0 0 
2 -0.04869259570202727 -0.001985390890606623 -0.02810879162419695 0.9990678575462876 0.001558253989975219 0.04313916854059252 -8.673617379884035e-19 0.9993482542271943 -0.03609801619284767 -0.04316730264761653 0.03606436769945952 0.9984167192933857 0 -0 -0 0 0 0 
3 0.09225341065322783 -0.001895145850124542 -0.009155819605617056 0.9990537652981445 -0.005530477486285022 0.04313916854059256 0.00709068175216623 0.9993230986318842 -0.03609801619284766 -0.04291032831253395 0.03636974511243225 0.9984167192933857 0 0 0 0 0 -0 
4 0.2310424585814533 -7.816912863716824e-17 7.816912871471643e-17 1 0 0 0 1 0 0 0 1 0 0 0 0 0 0 
1 -0.121 -8.796847998598882e-19 -0.08 1 0 0 0 1 0 0 0 1 -0 -0 0 -0 0 0 
2 -0.04869259570202728 -0.001985390890606622 -0.02810879162419695 0.9990678575462876 0.00155825398997522 0.04313916854059258 -4.336808689942018e-19 0.9993482542271943 -0.03609801619284767 -0.04316730264761659 0.03606436769945952 0.9984167192933857 0 -0 -0 0 0 0 
3 0.0922534106532278 -0.001895145850124542 -0.009155819605617063 0.9990537652981445 -0.005530477486285022 0.04313916854059258 0.00709068175216623 0.9993230986318842 -0.03609801619284766 -0.04291032831253397 0.03636974511243225 0.9984167192933857 0 0 0 0 0 -0 
4 0.2310424585814533 -7.816912863716824e-17 7.816912871471643e-17 1 0 0 0 1 0 0 0 1 0 0 0 0 0 0 
1 -0.121 -8.796847998598882e-19 -0.08 1 0 0 0 1 0 0 0 1 -0 -0 0 -0 0 0 
2 -0.04869259570202727 -0.001985390890606623 -0.02810879162419695 0.9990678575462876 0.001558253989975218 0.04313916854059252 0 0.9993482542271943 -0.03609801619284767 -0.04316730264761653 0.03606436769945952 0.9984167192933857 0 -0 -0 0 0 0 
3 0.09225341065322783 -0.001895145850124542 -0.009155819605617063 0.9990537652981445 -0.005530477486285022 0.04313916854059256 0.007090681752166229 0.9993230986318842 -0.03609801619284766 -0.04291032831253395 0.03636974511243225 0.9984167192933857 0 0 0 0 0 -0 
4 0.2310424585814533 -7.816912863716824e-17 7.816912871471643e-17 1 0 0 0 1 0 0 0 1 0 0 0 0 0 0 
1 -0.121 -8.796847998598882e-19 -0.08 1 0 0 0 1 0 0 0 1 -0 -0 0 -0 0 0 
2 -0.04869259570202728 -0.001985390890606622 -0.02810879162419695 0.9990678575462876 0.001558253989975218 0.04313916854059263 3.469446951953614e-18 0.9993482542271943 -0.03609801619284767 -0.04316730264761665 0.03606436769945952 0.9984167192933857 0 -0 -0 0 0 0 
3 0.0922534106532278 -0.001895145850124542 -0.009155819605617063 0.9990537652981445 -0.005530477486285019 0.0431391685405926 0.007090681752166229 0.9993230986318842 -0.03609801619284767 -0.04291032831253399 0.03636974511243227 0.9984167192933857 0 0 0 0 0 -0 
4 0.2310424585814533 -7.816912863716824e-17 7.816912871471643e-17 1 0 0 0 1 0 0 0 1 0 0 0 0 0 0 
1 -0.121 -8.796847998598882e-19 -0.08 1 0 0 0 1 0 0 0 1 -0 -0 0 -0 0 0 
2 -0.04869259570202728 -0.001985390890606622 -0.02810879162419696 0.9990678575462876 0.001558253989975215 0.04313916854059258 4.336808689942018e-18 0.9993482542271943 -0.03609801619284765 -0.04316730264761659 0.0360643676994595 0.9984167192933857 0 -0 -0 0 0 0 
3 0.09225341065322781 -0.001895145850124541 -0.009155819605617069 0.9990537652981445 -0.005530477486285019 0.04313916854059258 0.007090681752166228 0.9993230986318842 -0.03609801619284766 -0.04291032831253398 0.03636974511243225 0.9984167192933857 0 0 0 0 0 -0 
4 0.2310424585814533 -7.816912863716824e-17 7.816912871471643e-17 1 0 0 0 1 0 0 0 1 0 0 0 0 0 0 
1 -0.121 -8.796847998598882e-19 -0.08 1 0 0 0 1 0 0 0 1 -0 -0 0 -0 0 0 
2 -0.04869259570202728 -0.001985390890606622 -0.02810879162419695 0.9990678575462876 0.001558253989975221 0.04313916854059263 8.673617379884035e-19 0.9993482542271943 -0.03609801619284767 -0.04316730264761665 0.03606436769945952 0.9984167192933857 0 -0 -0 0 0 0 
3 0.09225341065322783 -0.001895145850124542 -0.009155819605617063 0.9990537652981445 -0.005530477486285019 0.04313916854059261 0.007090681752166228 0.9993230986318842 -0.03609801619284766 -0.042910328312534 0.03636974511243225 0.9984167192933857 0 0 0 0 0 -0 
4 0.2310424585814533 -7.816912863716824e-17 7.816912871471643e-17 1 0 0 0 1 0 0 0 1 0 0 0 0 0 0 
1 -0.121 -8.796847998598882e-19 -0.08 1 0 0 0 1 0 0 0 1 -0 -0 0 -0 0 0 
2 -0.04869259570202728 -0.001985390890606622 -0.02810879162419696 0.9990678575462876 0.00155825398997522 0.04313916854059258 -4.336808689942018e-19 0.9993482542271943 -0.03609801619284767 -0.04316730264761659 0.03606436769945952 0.9984167192933857 0 -0 -0 0 0 0 
3 0.09225341065322781 -0.001895145850124542 -0.009155819605617063 0.9990537652981445 -0.005530477486285021 0.04313916854059255 0.007090681752166228 0.9993230986318842 -0.03609801619284766 -0.04291032831253394 0.03636974511243225 0.9984167192933857 0 0 0 0 0 -0 
4 0.2310424585814533 -7.816912863716824e-17 7.816912871471643e-17 1 0 0 0 1 0 0 0 1 0 0 0 0 0 0 
1 -0.121 -8.796847998598882e-19 -0.08 1 0 0 0 1 0 0 0 1 -0 -0 0 -0 0 0 
2 -0.04869259570202728 -0.001985390890606622 -0.02810879162419695 0.9990678575462876 0.00155825398997522 0.04313916854059263 1.734723475976807e-18 0.9993482542271943 -0.03609801619284767 -0.04316730264761665 0.03606436769945952 0.9984167192933857 0 -0 -0 0 0 0 
3 0.09225341065322783 -0.001895145850124542 -0.009155819605617056 0.9990537652981445 -0.005530477486285022 0.04313916854059258 0.00709068175216623 0.9993230986318842 -0.03609801619284766 -0.04291032831253398 0.03636974511243225 0.9984167192933857 0 0 0 0 0 -0 
4 0.2310424585814533 -7.816912863716824e-17 7.816912871471643e-17 1 0 0 0 1 0 0 0 1 0 0 0 0 0 0 
1 -0.121 -8.796847998598882e-19 -0.08 1 0 0 0 1 0 0 0 1 -0 -0 0 -0 0 0 
2 -0.04869259570202728 -0.001985390890606623 -0.02810879162419696 0.9990678575462876 0.001558253989975217 0.04313916854059252 8.673617379884035e-19 0.9993482542271943 -0.03609801619284768 -0.04316730264761653 0.03606436769945953 0.9984167192933857 0 -0 -0 0 0 0 
3 0.09225341065322781 -0.001895145850124542 -0.009155819605617056 0.9990537652981445 -0.005530477486285025 0.04313916854059252 0.007090681752166232 0.9993230986318842 -0.03609801619284766 -0.04291032831253391 0.03636974511243225 0.9984167192933857 0 0 0 0 0 -0 
4 0.2310424585814533 -7.816912863716824e-17 7.816912871471643e-17 1 0 0 0 1 0 0 0 1 0 0 0 0 0 0 
1 -0.121 -8.796847998598882e-19 -0.08 1 0 0 0 1 0 0 0 1 -0 -0 0 -0 0 0 
2 -0.04869259570202728 -0.001985390890606623 -0.02810879162419696 0.9990678575462876 0.001558253989975217 0.04313916854059258 2.818925648462312e-18 0.9993482542271943 -0.03609801619284768 -0.04316730264761659 0.03606436769945953 0.9984167192933857 0 -0 -0 0 0 0 
3 0.09225341065322781 -0.001895145850124542 -0.009155819605617056 0.9990537652981445 -0.005530477486285024 0.04313916854059253 0.007090681752166232 0.9993230986318842 -0.03609801619284767 -0.04291032831253392 0.03636974511243227 0.9984167192933857 0 0 0 0 0 -0 
4 0.2310424585814533 -7.816912863716824e-17 7.816912871471643e-17 1 0 0 0 1 0 0 0 1 0 0 0 0 0 0 
1 -0.121 -8.796847998598882e-19 -0.08 1 0 0 0 1 0 0 0 1 -0 -0 0 -0 0 0 
2 -0.04869259570202727 -0.001985390890606623 -0.02810879162419694 0.9990678575462876 0.001558253989975219 0.04313916854059252 -8.673617379884035e-19 0.9993482542271943 -0.03609801619284767 -0.04316730264761653 0.03606436769945952 0.9984167192933857 0 -0 -0 0 0 0 
3 0.09225341065322781 -0.001895145850124542 -0.009155819605617049 0.9990537652981445 -0.005530477486285022 0.04313916854059253 0.00709068175216623 0.9993230986318842 -0.03609801619284767 -0.04291032831253393 0.03636974511243227 0.9984167192933857 0 0 0 0 0 -0 
4 0.2310424585814533 -7.816912863716824e-17 7.816912871471643e-17 1 0 0 0 1 0 0 0 1 0 0 0 0 0 0 
1 -0.121 -8.796847998598882e-19 -0.08 1 0 0 0 1 0 0 0 1 -0 -0 0 -0 0 0 
2 -0.0486925957020273 -0.001985390890606623 -0.02810879162419696 0.9990678575462876 0.001558253989975221 0.04313916854059258 -6.505213034913027e-19 0.9993482542271943 -0.03609801619284768 -0.04316730264761659 0.03606436769945953 0.9984167192933857 0 -0 -0 0 0 0 
3 0.0922534106532278 -0.001895145850124542 -0.009155819605617063 0.9990537652981445 -0.005530477486285021 0.04313916854059255 0.007090681752166228 0.9993230986318842 -0.03609801619284766 -0.04291032831253394 0.03636974511243225 0.9984167192933857 0 0 0 0 0 -0 
4 0.2310424585814533 -7.816912863716824e-17 7.816912871471643e-17 1 0 0 0 1 0 0 0 1 0 0 0 0 0 0 
1 -0.121 -8.796847998598882e-19 -0.08 1 0 0 0 1 0 0 0 1 -0 -0 0 -0 0 0 
2 -0.04869259570202728 -0.001985390890606623 -0.02810879162419696 0.9990678575462876 0.00155825398997522 0.04313916854059258 -4.336808689942018e-19 0.9993482542271943 -0.03609801619284767 -0.04316730264761659 0.03606436769945952 0.9984167192933857 0 -0 -0 0 0 0 
3 0.09225341065322783 -0.001895145850124542 -0.009155819605617063 0.9990537652981445 -0.005530477486285022 0.04313916854059258 0.007090681752166231 0.9993230986318842 -0.03609801619284766 -0.04291032831253397 0.03636974511243225 0.9984167192933857 0 0 0 0 0 -0 
4 0.2310424585814533 -7.816912863716824e-17 7.816912871471643e-17 1 0 0 0 1 0 0 0 1 0 0 0 0 0 0 
1 -0.121 -8.796847998598882e-19 -0.08 1 0 0 0 1 0 0 0 1 -0 -0 0 -0 0 0 
2 -0.04869259570202727 -0.001985390890606624 -0.02810879162419694 0.9990678575462876 0.001558253989975219 0.04313916854059252 -2.168404344971009e-19 0.9993482542271943 -0.03609801619284769 -0.04316730264761653 0.03606436769945954 0.9984167192933857 0 -0 -0 0 0 0 
3 0.09225341065322781 -0.001895145850124543 -0.009155819605617049 0.9990537652981445 -0.005530477486285024 0.04313916854059253 0.007090681752166232 0.9993230986318842 -0.03609801619284767 -0.04291032831253393 0.03636974511243227 0.9984167192933857 0 0 0 0 0 -0 
4 0.2310424585814533 -7.816912863716824e-17 7.816912871471643e-17 1 0 0 0 1 0 0 0 1 0 0 0 0 0 0 
1 -0.121 -8.796847998598882e-19 -0.08 1 0 0 0 1 0 0 0 1 -0 -0 0 -0 0 0 
2 -0.0486925957020273 -0.001985390890606622 -0.02810879162419696 0.9990678575462876 0.001558253989975216 0.04313916854059258 3.035766082959412e-18 0.9993482542271943 -0.03609801619284767 -0.04316730264761659 0.03606436769945952 0.9984167192933857 0 -0 -0 0 0 0 
3 0.0922534106532278 -0.001895145850124542 -0.009155819605617063 0.9990537652981445 -0.005530477486285022 0.04313916854059255 0.00709068175216623 0.9993230986318842 -0.03609801619284767 -0.04291032831253394 0.03636974511243227 0.9984167192933857 0 0 0 0 0 -0 
4 0.2310424585814533 -7.816912863716824e-17 7.816912871471643e-17 1 0 0 0 1 0 0 0 1 0 0 0 0 0 0 
1 -0.121 -8.796847998598882e-19 -0.08 1 0 0 0 1 0 0 0 1 -0 -0 0 -0 0 0 
2 -0.04869259570202728 -0.001985390890606623 -0.02810879162419696 0.9990678575462876 0.00155825398997522 0.04313916854059258 2.168404344971009e-19 0.9993482542271943 -0.03609801619284768 -0.04316730264761659 0.03606436769945953 0.9984167192933857 0 -0 -0 0 0 0 
3 0.09225341065322783 -0.001895145850124542 -0.009155819605617063 0.9990537652981445 -0.005530477486285021 0.04313916854059258 0.00709068175216623 0.9993230986318842 -0.03609801619284767 -0.04291032831253397 0.03636974511243227 0.9984167192933857 0 0 0 0 0 -0 
4 0.2310424585814533 -7.816912863716824e-17 7.816912871471643e-17 1 0 0 0 1 0 0 0 1 0 0 0 0 0 0 
1 -0.121 -8.796847998598882e-19 -0.08 1 0 0 0 1 0 0 0 1 -0 -0 0 -0 0 0 
2 -0.04869259570202727 -0.001985390890606623 -0.02810879162419694 0.9990678575462876 0.001558253989975219 0.04313916854059252 -8.673617379884035e-19 0.9993482542271943 -0.03609801619284767 -0.04316730264761653 0.03606436769945952 0.9984167192933857 0 -0 -0 0 0 0 
3 0.09225341065322781 -0.001895145850124543 -0.009155819605617049 0.9990537652981445 -0.005530477486285024 0.04313916854059253 0.007090681752166232 0.9993230986318842 -0.03609801619284767 -0.04291032831253393 0.03636974511243227 0.9984167192933857 0 0 0 0 0 -0 
4 0.2310424585814533 -7.816912863716824e-17 7.816912871471643e-17 1 0 0 0 1 0 0 0 1 0 0 0 0 0 0 
1 -0.121 -8.796847998598882e-19 -0.08 1 0 0 0 1 0 0 0 1 -0 -0 0 -0 0 0 
2 -0.0486925957020273 -0.001985390890606622 -0.02810879162419696 0.9990678575462876 0.00155825398997522 0.04313916854059258 -4.336808689942018e-19 0.9993482542271943 -0.03609801619284767 -0.04316730264761659 0.03606436769945952 0.9984167192933857 0 -0 -0 0 0 0 
3 0.0922534106532278 -0.001895145850124542 -0.009155819605617063 0.9990537652981445 -0.005530477486285021 0.04313916854059255 0.007090681752166229 0.9993230986318842 -0.03609801619284767 -0.04291032831253394 0.03636974511243227 0.9984167192933857 0 0 0 0 0 -0 
4 0.2310424585814533 -7.816912863716824e-17 7.816912871471643e-17 1 0 0 0 1 0 0 0 1 0 0 0 0 0 0 
1 -0.121 -8.796847998598882e-19 -0.08 1 0 0 0 1 0 0 0 1 -0 -0 0 -0 0 0 
2 -0.04869259570202728 -0.001985390890606622 -0.02810879162419696 0.9990678575462876 0.001558253989975219 0.04313916854059258 4.336808689942018e-19 0.9993482542271943 -0.03609801619284767 -0.04316730264761659 0.03606436769945952 0.9984167192933857 0 -0 -0 0 0 0 
3 0.09225341065322783 -0.001895145850124542 -0.009155819605617063 0.9990537652981445 -0.005530477486285022 0.04313916854059258 0.00709068175216623 0.9993230986318842 -0.03609801619284766 -0.04291032831253397 0.03636974511243225 0.9984167192933857 0 0 0 0 0 -0 
4 0.2310424585814533 -7.816912863716824e-17 7.816912871471643e-17 1 0 0 0 1 0 0 0 1 0 0 0 0 0 0 
1 -0.121 -8.796847998598882e-19 -0.08 1 0 0 0 1 0 0 0 1 -0 -0 0 -0 0 0 
2 -0.04869259570202727 -0.001985390890606624 -0.02810879162419694 0.9990678575462876 0.00155825398997522 0.04313916854059252 -1.951563910473908e-18 0.9993482542271943 -0.03609801619284769 -0.04316730264761653 0.03606436769945954 0.9984167192933857 0 -0 -0 0 0 0 
3 0.09225341065322781 -0.001895145850124542 -0.009155819605617049 0.9990537652981445 -0.005530477486285024 0.04313916854059253 0.007090681752166232 0.9993230986318842 -0.03609801619284766 -0.04291032831253393 0.03636974511243225 0.9984167192933857 0 0 0 0 0 -0 
4 0.2310424585814533 -7.816912863716824e-17 7.816912871471643e-17 1 0 0 0 1 0 0 0 1 0 0 0 0 0 0 
1 -0.121 -8.796847998598882e-19 -0.08 1 0 0 0 1 0 0 0 1 -0 -0 0 -0 0 0 
2 -0.0486925957020273 -0.001985390890606622 -0.02810879162419696 0.9990678575462876 0.001558253989975216 0.04313916854059258 3.903127820947816e-18 0.9993482542271943 -0.03609801619284767 -0.04316730264761659 0.03606436769945952 0.9984167192933857 0 -0 -0 0 0 0 
3 0.0922534106532278 -0.001895145850124542 -0.009155819605617063 0.9990537652981445 -0.005530477486285022 0.04313916854059255 0.00709068175216623 0.9993230986318842 -0.03609801619284766 -0.04291032831253394 0.03636974511243225 0.9984167192933857 0 0 0 0 0 -0 
4 0.2310424585814533 -7.816912863716824e-17 7.816912871471643e-17 1 0 0 0 1 0 0 0 1 0 0 0 0 0 0 
1 -0.121 -8.796847998598882e-19 -0.08 1 0 0 0 1 0 0 0 1 -0 -0 0 -0 0 0 
2 -0.04869259570202728 -0.001985390890606622 -0.02810879162419696 0.9990678575462876 0.001558253989975217 0.04313916854059258 2.168404344971009e-18 0.9993482542271943 -0.03609801619284767 -0.04316730264761659 0.03606436769945952 0.9984167192933857 0 -0 -0 0 0 0 
3 0.09225341065322783 -0.001895145850124542 -0.009155819605617063 0.9990537652981445 -0.005530477486285022 0.04313916854059258 0.00709068175216623 0.9993230986318842 -0.03609801619284766 -0.04291032831253397 0.03636974511243225 0.9984167192933857 0 0 0 0 0 -0 
4 0.2310424585814533 -7.816912863716824e-17 7.816912871471643e-17 1 0 0 0 1 0 0 0 1 0 0 0 0 0 0 
1 -0.121 -8.796847998598882e-19 -0.08 1 0 0 0 1 0 0 0 1 -0 -0 0 -0 0 0 
2 -0.04869259570202727 -0.001985390890606624 -0.02810879162419694 0.9990678575462876 0.00155825398997522 0.04313916854059252 -1.951563910473908e-18 0.9993482542271943 -0.03609801619284769 -0.04316730264761653 0.03606436769945954 0.9984167192933857 0 -0 -0 0 0 0 
3 0.09225341065322781 -0.001895145850124542 -0.009155819605617049 0.9990537652981445 -0.005530477486285024 0.04313916854059253 0.007090681752166232 0.9993230986318842 -0.03609801619284766 -0.04291032831253393 0.03636974511243225 0.9984167192933857 0 0 0 0 0 -0 
4 0.2310424585814533 -7.816912863716824e-17 7.816912871471643e-17 1 0 0 0 1 0 0 0 1 0 0 0 0 0 0 
1 -0.121 -8.796847998598882e-19 -0.08 1 0 0 0 1 0 0 0 1 -0 -0 0 -0 0 0 
2 -0.0486925957020273 -0.001985390890606622 -0.02810879162419696 0.9990678575462876 0.001558253989975216 0.04313916854059258 3.903127820947816e-18 0.9993482542271943 -0.03609801619284767 -0.04316730264761659 0.03606436769945952 0.9984167192933857 0 -0 -0 0 0 0 
3 0.0922534106532278 -0.001895145850124542 -0.009155819605617063 0.9990537652981445 -0.005530477486285022 0.04313916854059255 0.007090681752166229 0.9993230986318842 -0.03609801619284766 -0.04291032831253394 0.03636974511243225 0.9984167192933857 0 0 0 0 0 -0 
4 0.2310424585814533 -7.816912863716824e-17 7.816912871471643e-17 1 0 0 0 1 0 0 0 1 0 0 0 0 0 0 
1 -0.121 -8.796847998598882e-19 -0.08 1 0 0 0 1 0 0 0 1 -0 -0 0 -0 0 0 
2 -0.04869259570202728 -0.001985390890606622 -0.02810879162419696 0.9990678575462876 0.001558253989975217 0.04313916854059258 2.168404344971009e-18 0.9993482542271943 -0.03609801619284767 -0.04316730264761659 0.03606436769945952 0.9984167192933857 0 -0 -0 0 0 0 
3 0.09225341065322783 -0.001895145850124542 -0.009155819605617063 0.9990537652981445 -0.005530477486285022 0.04313916854059258 0.00709068175216623 0.9993230986318842 -0.03609801619284766 -0.04291032831253397 0.03636974511243225 0.9984167192933857 0 0 0 0 0 -0 
4 0.2310424585814533 -7.816912863716824e-17 7.816912871471643e-17 1 0 0 0 1 0 0 0 1 0 0 0 0 0 0 
1 -0.121 -8.796847998598882e-19 -0.08 1 0 0 0 1 0 0 0 1 -0 -0 0 -0 0 0 
2 -0.04869259570202727 -0.001985390890606624 -0.02810879162419694 0.9990678575462876 0.00155825398997522 0.04313916854059252 -1.951563910473908e-18 0.9993482542271943 -0.03609801619284769 -0.04316730264761653 0.03606436769945954 0.9984167192933857 0 -0 -0 0 0 0 
3 0.09225341065322781 -0.001895145850124542 -0.009155819605617049 0.9990537652981445 -0.005530477486285024 0.04313916854059253 0.007090681752166232 0.9993230986318842 -0.03609801619284766 -0.04291032831253393 0.03636974511243225 0.9984167192933857 0 0 0 0 0 -0 
4 0.2310424585814533 -7.816912863716824e-17 7.816912871471643e-17 1 0 0 0 1 0 0 0 1 0 0 0 0 0 0 
1 -0.121 -8.796847998598882e-19 -0.08 1 0 0 0 1 0 0 0 1 -0 -0 0 -0 0 0 
2 -0.0486925957020273 -0.001985390890606622 -0.02810879162419696 0.9990678575462876 0.001558253989975216 0.04313916854059258 3.903127820947816e-18 0.9993482542271943 -0.03609801619284767 -0.04316730264761659 0.03606436769945952 0.9984167192933857 0 -0 -0 0 0 0 
3 0.0922534106532278 -0.001895145850124542 -0.009155819605617063 0.9990537652981445 -0.005530477486285022 0.04313916854059255 0.007090681752166229 0.9993230986318842 -0.03609801619284766 -0.04291032831253394 0.03636974511243225 0.9984167192933857 0 0 0 0 0 -0 
4 0.2310424585814533 -7.816912863716824e-17 7.816912871471643e-17 1 0 0 0 1 0 0 0 1 0 0 0 0 0 0 
1 -0.121 -8.796847998598882e-19 -0.08 1 0 0 0 1 0 0 0 1 -0 -0 0 -0 0 0 
2 -0.04869259570202728 -0.001985390890606622 -0.02810879162419696 0.9990678575462876 0.001558253989975217 0.04313916854059258 2.168404344971009e-18 0.9993482542271943 -0.03609801619284767 -0.04316730264761659 0.03606436769945952 0.9984167192933857 0 -0 -0 0 0 0 
3 0.09225341065322783 -0.001895145850124542 -0.009155819605617063 0.9990537652981445 -0.005530477486285022 0.04313916854059258 0.00709068175216623 0.9993230986318842 -0.03609801619284766 -0.04291032831253397 0.03636974511243225 0.9984167192933857 0 0 0 0 0 -0 
4 0.2310424585814533 -7.816912863716824e-17 7.816912871471643e-17 1 0 0 0 1 0 0 0 1 0 0 0 0 0 0 
1 -0.121 -8.796847998598882e-19 -0.08 1 0 0 0 1 0 0 0 1 -0 -0 0 -0 0 0 
2 -0.04869259570202727 -0.001985390890606624 -0.02810879162419694 0.9990678575462876 0.00155825398997522 0.04313916854059252 -1.951563910473908e-18 0.9993482542271943 -0.03609801619284769 -0.04316730264761653 0.03606436769945954 0.9984167192933857 0 -0 -0 0 0 0 
3 0.09225341065322781 -0.001895145850124542 -0.009155819605617049 0.9990537652981445 -0.005530477486285024 0.04313916854059253 0.007090681752166232 0.9993230986318842 -0.03609801619284766 -0.04291032831253393 0.03636974511243225 0.9984167192933857 0 0 0 0 0 -0 
4 0.2310424585814533 -7.816912863716824e-17 7.816912871471643e-17 1 0 0 0 1 0 0 0 1 0 0 0 0 0 0 
1 -0.121 -8.796847998598882e-19 -0.08 1 0 0 0 1 0 0 0 1 -0 -0 0 -0 0 0 
2 -0.0486925957020273 -0.001985390890606622 -0.02810879162419696 0.9990678575462876 0.001558253989975216 0.04313916854059258 3.903127820947816e-18 0.9993482542271943 -0.03609801619284767 -0.04316730264761659 0.03606436769945952 0.9984167192933857 0 -0 -0 0 0 0 
3 0.0922534106532278 -0.001895145850124542 -0.009155819605617063 0.9990537652981445 -0.005530477486285022 0.04313916854059255 0.007090681752166229 0.9993230986318842 -0.03609801619284766 -0.04291032831253394 0.03636974511243225 0.9984167192933857 0 0 0 0 0 -0 
4 0.2310424585814533 -7.816912863716824e-17 7.816912871471643e-17 1 0 0 0 1 0 0 0 1 0 0 0 0 0 0 
1 -0.121 -8.796847998598882e-19 -0.08 1 0 0 0 1 0 0 0 1 -0 -0 0 -0 0 0 
2 -0.04869259570202728 -0.001985390890606622 -0.02810879162419696 0.9990678575462876 0.001558253989975217 0.04313916854059258 2.168404344971009e-18 0.9993482542271943 -0.03609801619284767 -0.04316730264761659 0.03606436769945952 0.9984167192933857 0 -0 -0 0 0 0 
3 0.09225341065322783 -0.001895145850124542 -0.009155819605617063 0.9990537652981445 -0.005530477486285022 0.04313916854059258 0.00709068175216623 0.9993230986318842 -0.03609801619284766 -0.04291032831253397 0.03636974511243225 0.9984167192933857 0 0 0 0 0 -0 
4 0.2310424585814533 -7.816912863716824e-17 7.816912871471643e-17 1 0 0 0 1 0 0 0 1 0 0 0 0 0 0 
1 -0.121 -8.796847998598882e-19 -0.08 1 0 0 0 1 0 0 0 1 -0 -0 0 -0 0 0 
2 -0.04869259570202727 -0.001985390890606624 -0.02810879162419694 0.9990678575462876 0.00155825398997522 0.04313916854059252 -1.951563910473908e-18 0.9993482542271943 -0.03609801619284769 -0.04316730264761653 0.03606436769945954 0.9984167192933857 0 -0 -0 0 0 0 
3 0.09225341065322781 -0.001895145850124542 -0.009155819605617049 0.9990537652981445 -0.005530477486285024 0.04313916854059253 0.007090681752166232 0.9993230986318842 -0.03609801619284766 -0.04291032831253393 0.03636974511243225 0.9984167192933857 0 0 0 0 0 -0 
4 0.2310424585814533 -7.816912863716824e-17 7.816912871471643e-17 1 0 0 0 1 0 0 0 1 0 0 0 0 0 0 
1 -0.121 -8.796847998598882e-19 -0.08 1 0 0 0 1 0 0 0 1 -0 -0 0 -0 0 0 
2 -0.0486925957020273 -0.001985390890606622 -0.02810879162419696 0.9990678575462876 0.001558253989975216 0.04313916854059258 3.903127820947816e-18 0.9993482542271943 -0.03609801619284767 -0.04316730264761659 0.03606436769945952 0.9984167192933857 0 -0 -0 0 0 0 
3 0.0922534106532278 -0.001895145850124542 -0.009155819605617063 0.9990537652981445 -0.005530477486285022 0.04313916854059255 0.007090681752166229 0.9993230986318842 -0.03609801619284766 -0.04291032831253394 0.03636974511243225 0.9984167192933857 0 0 0 0 0 -0 
4 0.2310424585814533 -7.816912863716824e-17 7.816912871471643e-17 1 0 0 0 1 0 0 0 1 0 0 0 0 0 0 
1 -0.121 -8.796847998598882e-19 -0.08 1 0 0 0 1 0 0 0 1 -0 -0 0 -0 0 0 
2 -0.04869259570202728 -0.001985390890606622 -0.02810879162419696 0.9990678575462876 0.001558253989975217 0.04313916854059258 2.168404344971009e-18 0.9993482542271943 -0.03609801619284767 -0.04316730264761659 0.03606436769945952 0.9984167192933857 0 -0 -0 0 0 0 
3 0.09225341065322783 -0.001895145850124542 -0.009155819605617063 0.9990537652981445 -0.005530477486285022 0.04313916854059258 0.00709068175216623 0.9993230986318842 -0.03609801619284766 -0.04291032831253397 0.03636974511243225 0.9984167192933857 0 0 0 0 0 -0 
4 0.2310424585814533 -7.816912863716824e-17 7.816912871471643e-17 1 0 0 0 1 0 0 0 1 0 0 0 0 0 0 
1 -0.121 -8.796847998598882e-19 -0.08 1 0 0 0 1 0 0 0 1 -0 -0 0 -0 0 0 
2 -0.04869259570202727 -0.001985390890606624 -0.02810879162419694 0.9990678575462876 0.00155825398997522 0.04313916854059252 -1.951563910473908e-18 0.9993482542271943 -0.03609801619284769 -0.04316730264761653 0.03606436769945954 0.9984167192933857 0 -0 -0 0 0 0 
3 0.09225341065322781 -0.001895145850124542 -0.009155819605617049 0.9990537652981445 -0.005530477486285024 0.04313916854059253 0.007090681752166232 0.9993230986318842 -0.03609801619284766 -0.04291032831253393 0.03636974511243225 0.9984167192933857 0 0 0 0 0 -0 
4 0.2310424585814533 -7.816912863716824e-17 7.816912871471643e-17 1 0 0 0 1 0 0 0 1 0 0 0 0 0 0 
1 -0.121 -8.796847998598882e-19 -0.08 1 0 0 0 1 0 0 0 1 -0 -0 0 -0 0 0 
2 -0.0486925957020273 -0.001985390890606622 -0.02810879162419696 0.9990678575462876 0.001558253989975216 0.04313916854059258 3.903127820947816e-18 0.9993482542271943 -0.03609801619284767 -0.04316730264761659 0.03606436769945952 0.9984167192933857 0 -0 -0 0 0 0 
3 0.0922534106532278 -0.001895145850124542 -0.009155819605617063 0.9990537652981445 -0.005530477486285022 0.04313916854059255 0.007090681752166229 0.9993230986318842 -0.03609801619284766 -0.04291032831253394 0.03636974511243225 0.9984167192933857 0 0 0 0 0 -0 
4 0.2310424585814533 -7.816912863716824e-17 7.816912871471643e-17 1 0 0 0 1 0 0 0 1 0 0 0 0 0 0 
1 -0.121 -8.796847998598882e-19 -0.08 1 0 0 0 1 0 0 0 1 -0 -0 0 -0 0 0 
2 -0.04869259570202728 -0.001985390890606622 -0.02810879162419696 0.9990678575462876 0.001558253989975217 0.04313916854059258 2.168404344971009e-18 0.9993482542271943 -0.03609801619284767 -0.04316730264761659 0.03606436769945952 0.9984167192933857 0 -0 -0 0 0 0 
3 0.09225341065322783 -0.001895145850124542 -0.009155819605617063 0.9990537652981445 -0.005530477486285022 0.04313916854059258 0.00709068175216623 0.9993230986318842 -0.03609801619284766 -0.04291032831253397 0.03636974511243225 0.9984167192933857 0 0 0 0 0 -0 
4 0.2310424585814533 -7.816912863716824e-17 7.816912871471643e-17 1 0 0 0 1 0 0 0 1 0 0 0 0 0 0 
1 -0.121 -8.796847998598882e-19 -0.08 1 0 0 0 1 0 0 0 1 -0 -0 0 -0 0 0 
2 -0.04869259570202727 -0.001985390890606624 -0.02810879162419694 0.9990678575462876 0.00155825398997522 0.04313916854059252 -1.951563910473908e-18 0.9993482542271943 -0.03609801619284769 -0.04316730264761653 0.03606436769945954 0.9984167192933857 0 -0 -0 0 0 0 
3 0.09225341065322781 -0.001895145850124542 -0.009155819605617049 0.9990537652981445 -0.005530477486285024 0.04313916854059253 0.007090681752166232 0.9993230986318842 -0.03609801619284766 -0.04291032831253393 0.03636974511243225 0.9984167192933857 0 0 0 0 0 -0 
4 0.2310424585814533 -7.816912863716824e-17 7.816912871471643e-17 1 0 0 0 1 0 0 0 1 0 0 0 0 0 0 
1 -0.121 -8.796847998598882e-19 -0.08 1 0 0 0 1 0 0 0 1 -0 -0 0 -0 0 0 
2 -0.0486925957020273 -0.001985390890606622 -0.02810879162419696 0.9990678575462876 0.001558253989975216 0.04313916854059258 3.903127820947816e-18 0.9993482542271943 -0.03609801619284767 -0.04316730264761659 0.03606436769945952 0.9984167192933857 0 -0 -0 0 0 0 
3 0.0922534106532278 -0.001895145850124542 -0.009155819605617063 0.9990537652981445 -0.005530477486285022 0.04313916854059255 0.007090681752166229 0.9993230986318842 -0.03609801619284766 -0.04291032831253394 0.03636974511243225 0.9984167192933857 0 0 0 0 0 -0 
4 0.2310424585814533 -7.816912863716824e-17 7.816912871471643e-17 1 0 0 0 1 0 0 0 1 0 0 0 0 0 0 
1 -0.121 -8.796847998598882e-19 -0.08 1 0 0 0 1 0 0 0 1 -0 -0 0 -0 0 0 
2 -0.04869259570202728 -0.001985390890606622 -0.02810879162419696 0.9990678575462876 0.001558253989975217 0.04313916854059258 2.168404344971009e-18 0.9993482542271943 -0.03609801619284767 -0.04316730264761659 0.03606436769945952 0.9984167192933857 0 -0 -0 0 0 0 
3 0.09225341065322783 -0.001895145850124542 -0.009155819605617063 0.9990537652981445 -0.005530477486285022 0.04313916854059258 0.00709068175216623 0.9993230986318842 -0.03609801619284766 -0.04291032831253397 0.03636974511243225 0.9984167192933857 0 0 0 0 0 -0 
4 0.2310424585814533 -7.816912863716824e-17 7.816912871471643e-17 1 0 0 0 1 0 0 0 1 0 0 0 0 0 0 
1 -0.121 -8.796847998598882e-19 -0.08 1 0 0 0 1 0 0 0 1 -0 -0 0 -0 0 0 
2 -0.04869259570202727 -0.001985390890606624 -0.02810879162419694 0.9990678575462876 0.00155825398997522 0.04313916854059252 -1.951563910473908e-18 0.9993482542271943 -0.03609801619284769 -0.04316730264761653 0.03606436769945954 0.9984167192933857 0 -0 -0 0 0 0 
3 0.09225341065322781 -0.001895145850124542 -0.009155819605617049 0.9990537652981445 -0.005530477486285024 0.04313916854059253 0.007090681752166232 0.9993230986318842 -0.03609801619284766 -0.04291032831253393 0.03636974511243225 0.9984167192933857 0 0 0 0 0 -0 
4 0.2310424585814533 -7.816912863716824e-17 7.816912871471643e-17 1 0 0 0 1 0 0 0 1 0 0 0 0 0 0 
1 -0.121 -8.796847998598882e-19 -0.08 1 0 0 0 1 0 0 0 1 -0 -0 0 -0 0 0 
2 -0.0486925957020273 -0.001985390890606622 -0.02810879162419696 0.9990678575462876 0.001558253989975216 0.04313916854059258 3.903127820947816e-18 0.9993482542271943 -0.03609801619284767 -0.04316730264761659 0.03606436769945952 0.9984167192933857 0 -0 -0 0 0 0 
3 0.0922534106532278 -0.001895145850124542 -0.009155819605617063 0.9990537652981445 -0.005530477486285022 0.04313916854059255 0.007090681752166229 0.9993230986318842 -0.03609801619284766 -0.04291032831253394 0.03636974511243225 0.9984167192933857 0 0 0 0 0 -0 
4 0.2310424585814533 -7.816912863716824e-17 7.816912871471643e-17 1 0 0 0 1 0 0 0 1 0 0 0 0 0 0 
1 -0.121 -8.796847998598882e-19 -0.08 1 0 0 0 1 0 0 0 1 -0 -0 0 -0 0 0 
2 -0.04869259570202728 -0.001985390890606622 -0.02810879162419696 0.9990678575462876 0.001558253989975217 0.04313916854059258 2.168404344971009e-18 0.9993482542271943 -0.03609801619284767 -0.04316730264761659 0.03606436769945952 0.9984167192933857 0 -0 -0 0 0 0 
