1 -0.07783416000000026 0.004000000000000012 -0.1783206000000001 5.549534576630243e-17 -0.9063077746978223 -0.4226182882013996 -1 -1.129881533480654e-16 1.109906915326049e-16 -1.483425866100842e-16 0.4226182882013996 -0.9063077746978223 0 0 0 0 0 0 
2 -0.07783416000000026 0.004000000000000012 -0.1783206000000001 2.567360975395647e-16 -0.9063077746978223 -0.4226182882013996 -1 -3.350327582730967e-16 1.109906915326049e-16 -2.42182697447857e-16 0.4226182882013996 -0.9063077746978223 -0 0 0 0 -0 0 
3 -0.1623578176402802 0.004000000000000004 -0.3595821549395646 -7.494676613267466e-16 -0.9063077746978223 0.4226182882013997 1 -7.104623336690872e-16 2.498001805406602e-16 7.385852954188131e-17 0.4226182882013997 0.9063077746978223 -0 0 -0 0 0 0 
4 -0.3774260372090185 0.005111341297416513 -0.3475644242031221 0.9999989720024605 -2.039997760377497e-06 -0.001433872330696279 2.087382849998566e-06 0.9999999994518208 3.304544198290733e-05 0.001433872262497633 -3.304840105278647e-05 0.9999989714585401 0 0 0 0 0 0 
5 -0.3353657947202684 0.004146092616606794 -1.043191529529891 -0.02294079677044434 0.9979134106408049 -0.06035349788349816 -0.9997368252912948 -0.02289894656463879 0.001385064154822237 1.42571671717627e-07 0.06036938884456312 0.9981761051490431 0 0 0 0 0 0 
6 -0.3290884276063346 0.07899986805773915 -1.1681094160873 0.9999982745309729 -0.001435552901386804 0.00117903475112873 0.001181126585549814 0.001457188108636348 -0.999998240769855 0.001433832300499851 0.9999979078931533 0.00145888116400019 0 0 0 0 0 0 
7 -0.2540000521297395 0.004088427700436553 -1.168 6.123233995736766e-17 0 -1 -0.9999999993966664 3.473711597053197e-05 -6.123233992042413e-17 3.473711597053197e-05 0.9999999993966664 2.127034894246119e-21 0 0 0 0 0 0 
8 -0.329 0.003999999999999993 -1.273 1 0 0 0 1 4.440892098500624e-18 0 -4.440892098500624e-18 1 0 0 0 0 0 0 
9 -0.329 0.004 -1.473 1 0 0 0 1 -3.552713678800501e-17 0 3.552713678800501e-17 1 0 0 0 0 0 0 
10 -0.329 0.004 -1.473 1 0 0 0 1 -3.552713678800501e-17 0 3.552713678800501e-17 1 0 0 0 0 0 0 
1 -0.07783416000000026 0.004000000000000012 -0.1783206000000001 5.549534576630243e-17 -0.9063077746978223 -0.4226182882013996 -1 -1.129881533480654e-16 1.109906915326049e-16 -1.483425866100842e-16 0.4226182882013996 -0.9063077746978223 0 0 0 0 0 0 
2 -0.07783416000000026 0.004000000000000012 -0.1783206000000001 2.567360975395647e-16 -0.9063077746978223 -0.4226182882013996 -1 -3.350327582730967e-16 1.109906915326049e-16 -2.42182697447857e-16 0.4226182882013996 -0.9063077746978223 -0 0 0 0 -0 0 
3 -0.1623578176402802 0.004000000000000004 -0.3595821549395646 -7.494676613267466e-16 -0.9063077746978223 0.4226182882013998 1 -7.363476105743472e-16 1.942890293094024e-16 1.351083089005172e-16 0.4226182882013998 0.9063077746978223 -0 0 -0 0 0 0 
4 -0.3774260372090185 0.0051113412974165 -0.347564424203122 0.9999989720024605 -2.03999776037811e-06 -0.001433872330696316 2.087382849999169e-06 0.9999999994518208 3.304544198289913e-05 0.00143387226249767 -3.304840105277826e-05 0.9999989714585401 0 0 0 0 0 0 
5 -0.3353657947202683 0.004146092616606803 -1.043191529529891 -0.02294079677044434 0.9979134106408049 -0.0603534978834982 -0.9997368252912948 -0.02289894656463879 0.001385064154822226 1.425716717061345e-07 0.06036938884456317 0.9981761051490431 0 0 0 0 0 0 
6 -0.3290884276063346 0.07899986805773916 -1.1681094160873 0.9999982745309729 -0.001435552901386847 0.00117903475112873 0.001181126585549814 0.001457188108636347 -0.999998240769855 0.001433832300499894 0.9999979078931533 0.00145888116400019 0 0 0 0 0 0 
7 -0.2540000521297394 0.004088427700436556 -1.168 6.123233995736766e-17 0 -1 -0.9999999993966664 3.473711597030993e-05 -6.123233992042413e-17 3.473711597030993e-05 0.9999999993966664 2.127034894232523e-21 0 0 0 0 -0 0 
8 -0.329 0.003999999999999993 -1.273 1 0 0 0 1 4.440892098500624e-18 0 -4.440892098500624e-18 1 0 0 0 0 0 0 
9 -0.329 0.004 -1.473 1 0 0 0 1 -3.552713678800501e-17 0 3.552713678800501e-17 1 0 0 0 0 0 0 
10 -0.329 0.004 -1.473 1 0 0 0 1 -3.552713678800501e-17 0 3.552713678800501e-17 1 0 0 0 0 0 0 
1 -0.07783416000000026 0.004000000000000012 -0.1783206000000001 5.549534576630243e-17 -0.9063077746978223 -0.4226182882013996 -1 -1.129881533480654e-16 1.109906915326049e-16 -1.483425866100842e-16 0.4226182882013996 -0.9063077746978223 0 0 0 0 0 0 
2 -0.07783416000000026 0.004000000000000013 -0.1783206000000001 2.567360975395647e-16 -0.9063077746978223 -0.4226182882013996 -1 -3.350327582730967e-16 1.109906915326049e-16 -2.42182697447857e-16 0.4226182882013996 -0.9063077746978223 -0 0 0 0 -0 0 
3 -0.1623578176402802 0.004000000000000004 -0.3595821549395646 -7.494676613267466e-16 -0.9063077746978223 0.4226182882013997 1 -7.104623336690872e-16 2.498001805406602e-16 7.385852954188131e-17 0.4226182882013997 0.9063077746978223 -0 0 -0 0 0 0 
4 -0.3774260372090184 0.005111341297416513 -0.347564424203122 0.9999989720024605 -2.039997760381059e-06 -0.00143387233069632 2.087382850002117e-06 0.9999999994518208 3.304544198289813e-05 0.001433872262497673 -3.304840105277727e-05 0.9999989714585401 0 0 0 0 0 0 
5 -0.3353657947202683 0.004146092616606801 -1.043191529529891 -0.02294079677044434 0.9979134106408049 -0.0603534978834982 -0.9997368252912948 -0.02289894656463879 0.00138506415482223 1.425716717096039e-07 0.06036938884456317 0.9981761051490431 0 0 0 0 0 0 
6 -0.3290884276063346 0.07899986805773916 -1.1681094160873 0.9999982745309729 -0.001435552901386848 0.00117903475112873 0.001181126585549814 0.001457188108636347 -0.999998240769855 0.001433832300499895 0.9999979078931533 0.00145888116400019 0 0 0 0 0 0 
7 -0.2540000521297395 0.004088427700436552 -1.168 6.123233995736766e-17 0 -1 -0.9999999993966664 3.473711597053197e-05 -6.123233992042413e-17 3.473711597053197e-05 0.9999999993966664 2.127034894246119e-21 0 0 0 0 -0 0 
8 -0.329 0.003999999999999993 -1.273 1 0 0 0 1 4.440892098500624e-18 0 -4.440892098500624e-18 1 0 0 0 0 0 0 
9 -0.329 0.004 -1.473 1 0 0 0 1 -3.552713678800501e-17 0 3.552713678800501e-17 1 0 0 0 0 0 0 
10 -0.329 0.004 -1.473 1 0 0 0 1 -3.552713678800501e-17 0 3.552713678800501e-17 1 0 0 0 0 0 0 
1 -0.07783416000000026 0.004000000000000012 -0.1783206000000001 5.549534576630243e-17 -0.9063077746978223 -0.4226182882013996 -1 -1.129881533480654e-16 1.109906915326049e-16 -1.483425866100842e-16 0.4226182882013996 -0.9063077746978223 0 0 0 0 0 0 
2 -0.07783416000000026 0.004000000000000012 -0.1783206000000001 2.567360975395647e-16 -0.9063077746978223 -0.4226182882013996 -1 -3.350327582730967e-16 1.109906915326049e-16 -2.42182697447857e-16 0.4226182882013996 -0.9063077746978223 -0 0 0 0 -0 0 
3 -0.1623578176402802 0.004000000000000004 -0.3595821549395646 -7.494676613267466e-16 -0.9063077746978223 0.4226182882013998 1 -7.363476105743472e-16 1.942890293094024e-16 1.351083089005172e-16 0.4226182882013998 0.9063077746978223 -0 0 -0 0 0 0 
4 -0.3774260372090185 0.0051113412974165 -0.3475644242031219 0.9999989720024605 -2.039997760380842e-06 -0.001433872330696464 2.087382850001899e-06 0.9999999994518208 3.304544198289393e-05 0.001433872262497817 -3.304840105277307e-05 0.9999989714585401 0 0 0 0 0 0 
5 -0.3353657947202683 0.004146092616606792 -1.043191529529891 -0.02294079677044434 0.9979134106408049 -0.06035349788349834 -0.9997368252912948 -0.02289894656463879 0.001385064154822223 1.425716716996293e-07 0.0603693888445633 0.9981761051490431 0 0 0 0 0 0 
6 -0.3290884276063346 0.07899986805773915 -1.1681094160873 0.9999982745309729 -0.001435552901386988 0.00117903475112873 0.001181126585549814 0.001457188108636347 -0.999998240769855 0.001433832300500036 0.9999979078931533 0.00145888116400019 0 0 0 0 0 0 
7 -0.2540000521297394 0.004088427700436555 -1.168 6.123233995736766e-17 0 -1 -0.9999999993966664 3.473711597030993e-05 -6.123233992042413e-17 3.473711597030993e-05 0.9999999993966664 2.127034894232523e-21 0 0 0 0 -0 0 
8 -0.329 0.003999999999999993 -1.273 1 0 0 0 1 4.440892098500624e-18 0 -4.440892098500624e-18 1 0 0 0 0 0 0 
9 -0.329 0.004 -1.473 1 0 0 0 1 -3.552713678800501e-17 0 3.552713678800501e-17 1 0 0 0 0 0 0 
10 -0.329 0.004 -1.473 1 0 0 0 1 -3.552713678800501e-17 0 3.552713678800501e-17 1 0 0 0 0 0 0 
1 -0.07783416000000026 0.004000000000000012 -0.1783206000000001 5.549534576630243e-17 -0.9063077746978223 -0.4226182882013996 -1 -1.129881533480654e-16 1.109906915326049e-16 -1.483425866100842e-16 0.4226182882013996 -0.9063077746978223 0 0 0 0 0 0 
2 -0.07783416000000026 0.004000000000000012 -0.1783206000000001 2.567360975395647e-16 -0.9063077746978223 -0.4226182882013996 -1 -3.350327582730967e-16 1.109906915326049e-16 -2.42182697447857e-16 0.4226182882013996 -0.9063077746978223 -0 0 0 0 -0 0 
3 -0.1623578176402802 0.004000000000000004 -0.3595821549395646 -7.494676613267466e-16 -0.9063077746978223 0.4226182882013997 1 -7.104623336690872e-16 2.498001805406602e-16 7.385852954188131e-17 0.4226182882013997 0.9063077746978223 -0 0 -0 0 0 0 
4 -0.3774260372090184 0.005111341297416513 -0.3475644242031221 0.9999989720024605 -2.039997760379342e-06 -0.001433872330696276 2.08738285000039e-06 0.9999999994518208 3.304544198289273e-05 0.00143387226249763 -3.304840105277186e-05 0.9999989714585401 0 0 0 0 0 0 
5 -0.3353657947202684 0.004146092616606804 -1.043191529529891 -0.02294079677044434 0.9979134106408049 -0.06035349788349816 -0.9997368252912948 -0.02289894656463879 0.001385064154822223 1.425716717037492e-07 0.06036938884456312 0.9981761051490431 0 0 0 0 0 0 
6 -0.3290884276063346 0.07899986805773916 -1.1681094160873 0.9999982745309729 -0.001435552901386803 0.00117903475112873 0.001181126585549814 0.001457188108636348 -0.999998240769855 0.001433832300499851 0.9999979078931533 0.00145888116400019 0 0 0 0 0 0 
7 -0.2540000521297395 0.004088427700436552 -1.168 6.123233995736766e-17 0 -1 -0.9999999993966664 3.473711597053197e-05 -6.123233992042413e-17 3.473711597053197e-05 0.9999999993966664 2.127034894246119e-21 0 0 0 0 -0 0 
8 -0.329 0.003999999999999993 -1.273 1 0 0 0 1 4.440892098500624e-18 0 -4.440892098500624e-18 1 0 0 0 0 0 0 
9 -0.329 0.004 -1.473 1 0 0 0 1 -3.552713678800501e-17 0 3.552713678800501e-17 1 0 0 0 0 0 0 
10 -0.329 0.004 -1.473 1 0 0 0 1 -3.552713678800501e-17 0 3.552713678800501e-17 1 0 0 0 0 0 0 
1 -0.07783416000000026 0.004000000000000012 -0.1783206000000001 5.549534576630243e-17 -0.9063077746978223 -0.4226182882013996 -1 -1.129881533480654e-16 1.109906915326049e-16 -1.483425866100842e-16 0.4226182882013996 -0.9063077746978223 0 0 0 0 0 0 
2 -0.07783416000000026 0.004000000000000012 -0.1783206000000001 2.567360975395647e-16 -0.9063077746978223 -0.4226182882013996 -1 -3.350327582730967e-16 1.109906915326049e-16 -2.42182697447857e-16 0.4226182882013996 -0.9063077746978223 -0 0 0 0 -0 0 
3 -0.1623578176402802 0.004000000000000004 -0.3595821549395646 -7.494676613267466e-16 -0.9063077746978223 0.4226182882013998 1 -7.363476105743472e-16 1.942890293094024e-16 1.351083089005172e-16 0.4226182882013998 0.9063077746978223 -0 0 -0 0 0 0 
4 -0.3774260372090184 0.0051113412974165 -0.3475644242031219 0.9999989720024605 -2.039997760378352e-06 -0.001433872330696399 2.087382849999404e-06 0.9999999994518208 3.304544198289261e-05 0.001433872262497752 -3.304840105277174e-05 0.9999989714585401 0 0 0 0 0 0 
5 -0.3353657947202683 0.004146092616606793 -1.043191529529891 -0.02294079677044434 0.9979134106408049 -0.06035349788349827 -0.9997368252912948 -0.02289894656463879 0.001385064154822223 1.425716717011472e-07 0.06036938884456323 0.9981761051490431 0 0 0 0 0 0 
6 -0.3290884276063346 0.07899986805773915 -1.1681094160873 0.9999982745309729 -0.001435552901386925 0.00117903475112873 0.001181126585549814 0.001457188108636347 -0.999998240769855 0.001433832300499972 0.9999979078931533 0.00145888116400019 0 0 0 0 0 0 
7 -0.2540000521297394 0.004088427700436555 -1.168 6.123233995736766e-17 0 -1 -0.9999999993966664 3.473711597030993e-05 -6.123233992042413e-17 3.473711597030993e-05 0.9999999993966664 2.127034894232523e-21 0 0 0 0 -0 0 
8 -0.329 0.003999999999999993 -1.273 1 0 0 0 1 4.440892098500624e-18 0 -4.440892098500624e-18 1 0 0 0 0 0 0 
9 -0.329 0.004 -1.473 1 0 0 0 1 -3.552713678800501e-17 0 3.552713678800501e-17 1 0 0 0 0 0 0 
10 -0.329 0.004 -1.473 1 0 0 0 1 -3.552713678800501e-17 0 3.552713678800501e-17 1 0 0 0 0 0 0 
1 -0.07783416000000026 0.004000000000000012 -0.1783206000000001 5.549534576630243e-17 -0.9063077746978223 -0.4226182882013996 -1 -1.129881533480654e-16 1.109906915326049e-16 -1.483425866100842e-16 0.4226182882013996 -0.9063077746978223 0 0 0 0 0 0 
2 -0.07783416000000026 0.004000000000000013 -0.1783206000000001 2.567360975395647e-16 -0.9063077746978223 -0.4226182882013996 -1 -3.350327582730967e-16 1.109906915326049e-16 -2.42182697447857e-16 0.4226182882013996 -0.9063077746978223 -0 0 0 0 -0 0 
3 -0.1623578176402802 0.004000000000000004 -0.3595821549395646 -7.494676613267466e-16 -0.9063077746978223 0.4226182882013997 1 -7.104623336690872e-16 2.498001805406602e-16 7.385852954188131e-17 0.4226182882013997 0.9063077746978223 -0 0 -0 0 0 0 
4 -0.3774260372090185 0.005111341297416513 -0.3475644242031221 0.9999989720024605 -2.039997760387334e-06 -0.001433872330696329 2.087382850008405e-06 0.9999999994518208 3.304544198290773e-05 0.001433872262497683 -3.304840105278688e-05 0.9999989714585401 0 0 0 0 0 0 
5 -0.3353657947202683 0.004146092616606799 -1.043191529529891 -0.02294079677044434 0.9979134106408049 -0.0603534978834982 -0.9997368252912948 -0.02289894656463879 0.00138506415482223 1.425716717096039e-07 0.06036938884456317 0.9981761051490431 0 0 0 0 0 0 
6 -0.3290884276063347 0.07899986805773915 -1.1681094160873 0.9999982745309729 -0.001435552901386858 0.00117903475112873 0.001181126585549814 0.001457188108636347 -0.999998240769855 0.001433832300499906 0.9999979078931533 0.00145888116400019 0 0 0 0 0 0 
7 -0.2540000521297395 0.004088427700436554 -1.168 6.123233995736766e-17 0 -1 -0.9999999993966664 3.473711597053197e-05 -6.123233992042413e-17 3.473711597053197e-05 0.9999999993966664 2.127034894246119e-21 0 0 0 0 -0 0 
8 -0.329 0.003999999999999993 -1.273 1 0 0 0 1 4.440892098500624e-18 0 -4.440892098500624e-18 1 0 0 0 0 0 0 
9 -0.329 0.004 -1.473 1 0 0 0 1 -3.552713678800501e-17 0 3.552713678800501e-17 1 0 0 0 0 0 0 
10 -0.329 0.004 -1.473 1 0 0 0 1 -3.552713678800501e-17 0 3.552713678800501e-17 1 0 0 0 0 0 0 
1 -0.07783416000000026 0.004000000000000012 -0.1783206000000001 5.549534576630243e-17 -0.9063077746978223 -0.4226182882013996 -1 -1.129881533480654e-16 1.109906915326049e-16 -1.483425866100842e-16 0.4226182882013996 -0.9063077746978223 0 0 0 0 0 0 
2 -0.07783416000000026 0.004000000000000012 -0.1783206000000001 2.567360975395647e-16 -0.9063077746978223 -0.4226182882013996 -1 -3.350327582730967e-16 1.109906915326049e-16 -2.42182697447857e-16 0.4226182882013996 -0.9063077746978223 -0 0 0 0 -0 0 
3 -0.1623578176402802 0.004000000000000004 -0.3595821549395646 -7.494676613267466e-16 -0.9063077746978223 0.4226182882013998 1 -7.363476105743472e-16 1.942890293094024e-16 1.351083089005172e-16 0.4226182882013998 0.9063077746978223 -0 0 -0 0 0 0 
4 -0.3774260372090185 0.0051113412974165 -0.3475644242031219 0.9999989720024605 -2.039997760377265e-06 -0.00143387233069646 2.087382849998332e-06 0.9999999994518208 3.304544198290102e-05 0.001433872262497813 -3.304840105278015e-05 0.9999989714585401 0 0 0 0 0 0 
5 -0.3353657947202683 0.004146092616606802 -1.043191529529891 -0.02294079677044434 0.9979134106408049 -0.06035349788349834 -0.9997368252912948 -0.02289894656463879 0.00138506415482223 1.425716717063513e-07 0.06036938884456331 0.9981761051490431 0 0 0 0 0 0 
6 -0.3290884276063346 0.07899986805773916 -1.1681094160873 0.9999982745309729 -0.001435552901386989 0.00117903475112873 0.001181126585549814 0.001457188108636347 -0.999998240769855 0.001433832300500036 0.9999979078931533 0.00145888116400019 0 0 0 0 0 0 
7 -0.2540000521297394 0.004088427700436555 -1.168 6.123233995736766e-17 0 -1 -0.9999999993966664 3.473711597030993e-05 -6.123233992042413e-17 3.473711597030993e-05 0.9999999993966664 2.127034894232523e-21 0 0 0 0 -0 0 
8 -0.329 0.003999999999999993 -1.273 1 0 0 0 1 4.440892098500624e-18 0 -4.440892098500624e-18 1 0 0 0 0 0 0 
9 -0.329 0.004 -1.473 1 0 0 0 1 -3.552713678800501e-17 0 3.552713678800501e-17 1 0 0 0 0 0 0 
10 -0.329 0.004 -1.473 1 0 0 0 1 -3.552713678800501e-17 0 3.552713678800501e-17 1 0 0 0 0 0 0 
1 -0.07783416000000026 0.004000000000000012 -0.1783206000000001 5.549534576630243e-17 -0.9063077746978223 -0.4226182882013996 -1 -1.129881533480654e-16 1.109906915326049e-16 -1.483425866100842e-16 0.4226182882013996 -0.9063077746978223 0 0 0 0 0 0 
2 -0.07783416000000026 0.004000000000000012 -0.1783206000000001 2.567360975395647e-16 -0.9063077746978223 -0.4226182882013996 -1 -3.350327582730967e-16 1.109906915326049e-16 -2.42182697447857e-16 0.4226182882013996 -0.9063077746978223 -0 0 0 0 -0 0 
3 -0.1623578176402802 0.004000000000000004 -0.3595821549395646 -7.494676613267466e-16 -0.9063077746978223 0.4226182882013997 1 -7.104623336690872e-16 2.498001805406602e-16 7.385852954188131e-17 0.4226182882013997 0.9063077746978223 -0 0 -0 0 0 0 
4 -0.3774260372090184 0.005111341297416513 -0.3475644242031221 0.9999989720024605 -2.039997760380307e-06 -0.001433872330696273 2.08738285000136e-06 0.9999999994518208 3.30454419828961e-05 0.001433872262497626 -3.304840105277524e-05 0.9999989714585401 0 0 0 0 0 0 
5 -0.3353657947202684 0.004146092616606799 -1.043191529529891 -0.02294079677044434 0.9979134106408049 -0.06035349788349815 -0.9997368252912948 -0.02289894656463879 0.00138506415482223 1.42571671710905e-07 0.06036938884456312 0.9981761051490431 0 0 0 0 0 0 
6 -0.3290884276063346 0.07899986805773916 -1.1681094160873 0.9999982745309729 -0.001435552901386803 0.00117903475112873 0.001181126585549814 0.001457188108636348 -0.999998240769855 0.001433832300499851 0.9999979078931533 0.00145888116400019 0 0 0 0 0 0 
7 -0.2540000521297395 0.004088427700436553 -1.168 6.123233995736766e-17 0 -1 -0.9999999993966664 3.473711597053197e-05 -6.123233992042413e-17 3.473711597053197e-05 0.9999999993966664 2.127034894246119e-21 0 0 0 0 -0 0 
8 -0.329 0.003999999999999993 -1.273 1 0 0 0 1 4.440892098500624e-18 0 -4.440892098500624e-18 1 0 0 0 0 0 0 
9 -0.329 0.004 -1.473 1 0 0 0 1 -3.552713678800501e-17 0 3.552713678800501e-17 1 0 0 0 0 0 0 
10 -0.329 0.004 -1.473 1 0 0 0 1 -3.552713678800501e-17 0 3.552713678800501e-17 1 0 0 0 0 0 0 
1 -0.07783416000000026 0.004000000000000012 -0.1783206000000001 5.549534576630243e-17 -0.9063077746978223 -0.4226182882013996 -1 -1.129881533480654e-16 1.109906915326049e-16 -1.483425866100842e-16 0.4226182882013996 -0.9063077746978223 0 0 0 0 0 0 
2 -0.07783416000000026 0.004000000000000012 -0.1783206000000001 2.567360975395647e-16 -0.9063077746978223 -0.4226182882013996 -1 -3.350327582730967e-16 1.109906915326049e-16 -2.42182697447857e-16 0.4226182882013996 -0.9063077746978223 -0 0 0 0 -0 0 
3 -0.1623578176402802 0.004000000000000004 -0.3595821549395646 -7.494676613267466e-16 -0.9063077746978223 0.4226182882013998 1 -7.363476105743472e-16 1.942890293094024e-16 1.351083089005172e-16 0.4226182882013998 0.9063077746978223 -0 0 -0 0 0 0 
4 -0.3774260372090184 0.0051113412974165 -0.3475644242031219 0.9999989720024605 -2.039997760380152e-06 -0.001433872330696395 2.087382850001208e-06 0.9999999994518208 3.304544198289509e-05 0.001433872262497748 -3.304840105277423e-05 0.9999989714585401 0 0 0 0 0 0 
5 -0.3353657947202683 0.00414609261660679 -1.043191529529891 -0.02294079677044434 0.9979134106408049 -0.06035349788349827 -0.9997368252912948 -0.02289894656463879 0.001385064154822226 1.425716717046166e-07 0.06036938884456323 0.9981761051490431 0 0 0 0 0 0 
6 -0.3290884276063346 0.07899986805773915 -1.1681094160873 0.9999982745309729 -0.001435552901386925 0.00117903475112873 0.001181126585549814 0.001457188108636347 -0.999998240769855 0.001433832300499973 0.9999979078931533 0.00145888116400019 0 0 0 0 0 0 
7 -0.2540000521297394 0.004088427700436555 -1.168 6.123233995736766e-17 0 -1 -0.9999999993966664 3.473711597030993e-05 -6.123233992042413e-17 3.473711597030993e-05 0.9999999993966664 2.127034894232523e-21 0 0 0 0 -0 0 
8 -0.329 0.003999999999999993 -1.273 1 0 0 0 1 4.440892098500624e-18 0 -4.440892098500624e-18 1 0 0 0 0 0 0 
9 -0.329 0.004 -1.473 1 0 0 0 1 -3.552713678800501e-17 0 3.552713678800501e-17 1 0 0 0 0 0 0 
10 -0.329 0.004 -1.473 1 0 0 0 1 -3.552713678800501e-17 0 3.552713678800501e-17 1 0 0 0 0 0 0 
1 -0.07783416000000026 0.004000000000000012 -0.1783206000000001 5.549534576630243e-17 -0.9063077746978223 -0.4226182882013996 -1 -1.129881533480654e-16 1.109906915326049e-16 -1.483425866100842e-16 0.4226182882013996 -0.9063077746978223 0 0 0 0 0 0 
2 -0.07783416000000026 0.004000000000000013 -0.1783206000000001 2.567360975395647e-16 -0.9063077746978223 -0.4226182882013996 -1 -3.350327582730967e-16 1.109906915326049e-16 -2.42182697447857e-16 0.4226182882013996 -0.9063077746978223 -0 0 0 0 -0 0 
3 -0.1623578176402802 0.004000000000000004 -0.3595821549395646 -7.494676613267466e-16 -0.9063077746978223 0.4226182882013997 1 -7.104623336690872e-16 2.498001805406602e-16 7.385852954188131e-17 0.4226182882013997 0.9063077746978223 -0 0 -0 0 0 0 
4 -0.3774260372090185 0.005111341297416513 -0.3475644242031221 0.9999989720024605 -2.039997760379322e-06 -0.001433872330696335 2.087382850000395e-06 0.9999999994518208 3.304544198290766e-05 0.001433872262497689 -3.30484010527868e-05 0.9999989714585401 0 0 0 0 0 0 
5 -0.3353657947202683 0.004146092616606795 -1.043191529529891 -0.02294079677044434 0.9979134106408049 -0.06035349788349821 -0.9997368252912948 -0.02289894656463879 0.001385064154822237 1.42571671716326e-07 0.06036938884456318 0.9981761051490431 0 0 0 0 0 0 
6 -0.3290884276063346 0.07899986805773915 -1.1681094160873 0.9999982745309729 -0.001435552901386861 0.00117903475112873 0.001181126585549814 0.001457188108636347 -0.999998240769855 0.001433832300499908 0.9999979078931533 0.00145888116400019 0 0 0 0 0 0 
7 -0.2540000521297395 0.004088427700436554 -1.168 6.123233995736766e-17 0 -1 -0.9999999993966664 3.473711597053197e-05 -6.123233992042413e-17 3.473711597053197e-05 0.9999999993966664 2.127034894246119e-21 0 0 0 0 -0 0 
8 -0.329 0.003999999999999993 -1.273 1 0 0 0 1 4.440892098500624e-18 0 -4.440892098500624e-18 1 0 0 0 0 0 0 
9 -0.329 0.004 -1.473 1 0 0 0 1 -3.552713678800501e-17 0 3.552713678800501e-17 1 0 0 0 0 0 0 
10 -0.329 0.004 -1.473 1 0 0 0 1 -3.552713678800501e-17 0 3.552713678800501e-17 1 0 0 0 0 0 0 
1 -0.07783416000000026 0.004000000000000012 -0.1783206000000001 5.549534576630243e-17 -0.9063077746978223 -0.4226182882013996 -1 -1.129881533480654e-16 1.109906915326049e-16 -1.483425866100842e-16 0.4226182882013996 -0.9063077746978223 0 0 0 0 0 0 
2 -0.07783416000000026 0.004000000000000012 -0.1783206000000001 2.567360975395647e-16 -0.9063077746978223 -0.4226182882013996 -1 -3.350327582730967e-16 1.109906915326049e-16 -2.42182697447857e-16 0.4226182882013996 -0.9063077746978223 -0 0 0 0 -0 0 
3 -0.1623578176402802 0.004000000000000004 -0.3595821549395646 -7.494676613267466e-16 -0.9063077746978223 0.4226182882013998 1 -7.363476105743472e-16 1.942890293094024e-16 1.351083089005172e-16 0.4226182882013998 0.9063077746978223 -0 0 -0 0 0 0 
4 -0.3774260372090185 0.0051113412974165 -0.3475644242031219 0.9999989720024605 -2.039997760376945e-06 -0.001433872330696398 2.087382849998013e-06 0.9999999994518208 3.304544198290332e-05 0.001433872262497751 -3.304840105278245e-05 0.9999989714585401 0 0 0 0 0 0 
5 -0.3353657947202684 0.004146092616606797 -1.043191529529891 -0.02294079677044434 0.9979134106408049 -0.06035349788349828 -0.9997368252912948 -0.02289894656463879 0.001385064154822237 1.425716717148081e-07 0.06036938884456325 0.9981761051490431 0 0 0 0 0 0 
6 -0.3290884276063346 0.07899986805773916 -1.1681094160873 0.9999982745309729 -0.001435552901386928 0.00117903475112873 0.001181126585549814 0.001457188108636347 -0.999998240769855 0.001433832300499975 0.9999979078931533 0.00145888116400019 0 0 0 0 0 0 
7 -0.2540000521297394 0.004088427700436556 -1.168 6.123233995736766e-17 0 -1 -0.9999999993966664 3.473711597030993e-05 -6.123233992042413e-17 3.473711597030993e-05 0.9999999993966664 2.127034894232523e-21 0 0 0 0 -0 0 
8 -0.329 0.003999999999999993 -1.273 1 0 0 0 1 4.440892098500624e-18 0 -4.440892098500624e-18 1 0 0 0 0 0 0 
9 -0.329 0.004 -1.473 1 0 0 0 1 -3.552713678800501e-17 0 3.552713678800501e-17 1 0 0 0 0 0 0 
10 -0.329 0.004 -1.473 1 0 0 0 1 -3.552713678800501e-17 0 3.552713678800501e-17 1 0 0 0 0 0 0 
1 -0.07783416000000026 0.004000000000000012 -0.1783206000000001 5.549534576630243e-17 -0.9063077746978223 -0.4226182882013996 -1 -1.129881533480654e-16 1.109906915326049e-16 -1.483425866100842e-16 0.4226182882013996 -0.9063077746978223 0 0 0 0 0 0 
2 -0.07783416000000026 0.004000000000000012 -0.1783206000000001 2.567360975395647e-16 -0.9063077746978223 -0.4226182882013996 -1 -3.350327582730967e-16 1.109906915326049e-16 -2.42182697447857e-16 0.4226182882013996 -0.9063077746978223 -0 0 0 0 -0 0 
3 -0.1623578176402802 0.004000000000000004 -0.3595821549395646 -7.494676613267466e-16 -0.9063077746978223 0.4226182882013997 1 -7.104623336690872e-16 2.498001805406602e-16 7.385852954188131e-17 0.4226182882013997 0.9063077746978223 -0 0 -0 0 0 0 
4 -0.3774260372090185 0.005111341297416513 -0.3475644242031221 0.9999989720024605 -2.03999776037703e-06 -0.001433872330696194 2.087382849998085e-06 0.9999999994518208 3.304544198289916e-05 0.001433872262497547 -3.304840105277829e-05 0.9999989714585401 0 0 0 0 0 0 
5 -0.3353657947202684 0.004146092616606799 -1.043191529529891 -0.02294079677044434 0.9979134106408049 -0.06035349788349807 -0.9997368252912948 -0.02289894656463879 0.00138506415482223 1.425716717126397e-07 0.06036938884456304 0.9981761051490431 0 0 0 0 0 0 
6 -0.3290884276063346 0.07899986805773916 -1.1681094160873 0.9999982745309729 -0.001435552901386724 0.00117903475112873 0.001181126585549814 0.001457188108636348 -0.999998240769855 0.001433832300499771 0.9999979078931533 0.00145888116400019 0 0 0 0 0 0 
7 -0.2540000521297395 0.004088427700436553 -1.168 6.123233995736766e-17 0 -1 -0.9999999993966664 3.473711597053197e-05 -6.123233992042413e-17 3.473711597053197e-05 0.9999999993966664 2.127034894246119e-21 0 0 0 0 -0 0 
8 -0.329 0.003999999999999993 -1.273 1 0 0 0 1 4.440892098500624e-18 0 -4.440892098500624e-18 1 0 0 0 0 0 0 
9 -0.329 0.004 -1.473 1 0 0 0 1 -3.552713678800501e-17 0 3.552713678800501e-17 1 0 0 0 0 0 0 
10 -0.329 0.004 -1.473 1 0 0 0 1 -3.552713678800501e-17 0 3.552713678800501e-17 1 0 0 0 0 0 0 
1 -0.07783416000000026 0.004000000000000012 -0.1783206000000001 5.549534576630243e-17 -0.9063077746978223 -0.4226182882013996 -1 -1.129881533480654e-16 1.109906915326049e-16 -1.483425866100842e-16 0.4226182882013996 -0.9063077746978223 0 0 0 0 0 0 
2 -0.07783416000000026 0.004000000000000012 -0.1783206000000001 2.567360975395647e-16 -0.9063077746978223 -0.4226182882013996 -1 -3.350327582730967e-16 1.109906915326049e-16 -2.42182697447857e-16 0.4226182882013996 -0.9063077746978223 -0 0 0 0 -0 0 
3 -0.1623578176402802 0.004000000000000004 -0.3595821549395646 -7.494676613267466e-16 -0.9063077746978223 0.4226182882013998 1 -7.363476105743472e-16 1.942890293094024e-16 1.351083089005172e-16 0.4226182882013998 0.9063077746978223 -0 0 -0 0 0 0 
4 -0.3774260372090184 0.0051113412974165 -0.347564424203122 0.9999989720024605 -2.039997760380513e-06 -0.001433872330696317 2.08738285000157e-06 0.9999999994518208 3.304544198289728e-05 0.00143387226249767 -3.304840105277642e-05 0.9999989714585401 0 0 0 0 0 0 
5 -0.3353657947202684 0.004146092616606791 -1.043191529529891 -0.02294079677044434 0.9979134106408049 -0.06035349788349818 -0.9997368252912948 -0.02289894656463879 0.001385064154822223 1.425716717030987e-07 0.06036938884456315 0.9981761051490431 0 0 0 0 0 0 
6 -0.3290884276063346 0.07899986805773915 -1.1681094160873 0.9999982745309729 -0.001435552901386843 0.00117903475112873 0.001181126585549814 0.001457188108636347 -0.999998240769855 0.00143383230049989 0.9999979078931533 0.00145888116400019 0 0 0 0 0 0 
7 -0.2540000521297394 0.004088427700436555 -1.168 6.123233995736766e-17 0 -1 -0.9999999993966664 3.473711597030993e-05 -6.123233992042413e-17 3.473711597030993e-05 0.9999999993966664 2.127034894232523e-21 0 0 0 0 -0 0 
8 -0.329 0.003999999999999993 -1.273 1 0 0 0 1 4.440892098500624e-18 0 -4.440892098500624e-18 1 0 0 0 0 0 0 
9 -0.329 0.004 -1.473 1 0 0 0 1 -3.552713678800501e-17 0 3.552713678800501e-17 1 0 0 0 0 0 0 
10 -0.329 0.004 -1.473 1 0 0 0 1 -3.552713678800501e-17 0 3.552713678800501e-17 1 0 0 0 0 0 0 
1 -0.07783416000000026 0.004000000000000012 -0.1783206000000001 5.549534576630243e-17 -0.9063077746978223 -0.4226182882013996 -1 -1.129881533480654e-16 1.109906915326049e-16 -1.483425866100842e-16 0.4226182882013996 -0.9063077746978223 0 0 0 0 0 0 
2 -0.07783416000000026 0.004000000000000013 -0.1783206000000001 2.567360975395647e-16 -0.9063077746978223 -0.4226182882013996 -1 -3.350327582730967e-16 1.109906915326049e-16 -2.42182697447857e-16 0.4226182882013996 -0.9063077746978223 -0 0 0 0 -0 0 
3 -0.1623578176402802 0.004000000000000004 -0.3595821549395646 -7.494676613267466e-16 -0.9063077746978223 0.4226182882013997 1 -7.104623336690872e-16 2.498001805406602e-16 7.385852954188131e-17 0.4226182882013997 0.9063077746978223 -0 0 -0 0 0 0 
4 -0.3774260372090185 0.005111341297416513 -0.347564424203122 0.9999989720024605 -2.039997760379476e-06 -0.001433872330696319 2.087382850000553e-06 0.9999999994518208 3.304544198291176e-05 0.001433872262497672 -3.30484010527909e-05 0.9999989714585401 0 0 0 0 0 0 
5 -0.3353657947202683 0.00414609261660679 -1.043191529529891 -0.02294079677044434 0.9979134106408049 -0.0603534978834982 -0.9997368252912948 -0.02289894656463879 0.00138506415482224 1.425716717200123e-07 0.06036938884456317 0.9981761051490431 0 0 0 0 0 0 
6 -0.3290884276063346 0.07899986805773915 -1.1681094160873 0.9999982745309729 -0.001435552901386846 0.00117903475112873 0.001181126585549814 0.001457188108636347 -0.999998240769855 0.001433832300499894 0.9999979078931533 0.00145888116400019 0 0 0 0 0 0 
7 -0.2540000521297395 0.004088427700436554 -1.168 6.123233995736766e-17 0 -1 -0.9999999993966664 3.473711597053197e-05 -6.123233992042413e-17 3.473711597053197e-05 0.9999999993966664 2.127034894246119e-21 0 0 0 0 -0 0 
8 -0.329 0.003999999999999993 -1.273 1 0 0 0 1 4.440892098500624e-18 0 -4.440892098500624e-18 1 0 0 0 0 0 0 
9 -0.329 0.004 -1.473 1 0 0 0 1 -3.552713678800501e-17 0 3.552713678800501e-17 1 0 0 0 0 0 0 
10 -0.329 0.004 -1.473 1 0 0 0 1 -3.552713678800501e-17 0 3.552713678800501e-17 1 0 0 0 0 0 0 
1 -0.07783416000000026 0.004000000000000012 -0.1783206000000001 5.549534576630243e-17 -0.9063077746978223 -0.4226182882013996 -1 -1.129881533480654e-16 1.109906915326049e-16 -1.483425866100842e-16 0.4226182882013996 -0.9063077746978223 0 0 0 0 0 0 
2 -0.07783416000000026 0.004000000000000012 -0.1783206000000001 2.567360975395647e-16 -0.9063077746978223 -0.4226182882013996 -1 -3.350327582730967e-16 1.109906915326049e-16 -2.42182697447857e-16 0.4226182882013996 -0.9063077746978223 -0 0 0 0 -0 0 
3 -0.1623578176402802 0.004000000000000004 -0.3595821549395646 -7.494676613267466e-16 -0.9063077746978223 0.4226182882013998 1 -7.363476105743472e-16 1.942890293094024e-16 1.351083089005172e-16 0.4226182882013998 0.9063077746978223 -0 0 -0 0 0 0 
4 -0.3774260372090185 0.0051113412974165 -0.3475644242031219 0.9999989720024605 -2.039997760377033e-06 -0.001433872330696471 2.087382849998105e-06 0.9999999994518208 3.30454419829047e-05 0.001433872262497824 -3.304840105278384e-05 0.9999989714585401 0 0 0 0 0 0 
5 -0.3353657947202683 0.0041460926166068 -1.043191529529891 -0.02294079677044434 0.9979134106408049 -0.06035349788349834 -0.9997368252912948 -0.02289894656463879 0.00138506415482223 1.425716717063513e-07 0.06036938884456331 0.9981761051490431 0 0 0 0 0 0 
6 -0.3290884276063346 0.07899986805773916 -1.1681094160873 0.9999982745309729 -0.001435552901386997 0.00117903475112873 0.001181126585549814 0.001457188108636347 -0.999998240769855 0.001433832300500044 0.9999979078931533 0.00145888116400019 0 0 0 0 0 0 
7 -0.2540000521297394 0.004088427700436556 -1.168 6.123233995736766e-17 0 -1 -0.9999999993966664 3.473711597030993e-05 -6.123233992042413e-17 3.473711597030993e-05 0.9999999993966664 2.127034894232523e-21 0 0 0 0 -0 0 
8 -0.329 0.003999999999999993 -1.273 1 0 0 0 1 4.440892098500624e-18 0 -4.440892098500624e-18 1 0 0 0 0 0 0 
9 -0.329 0.004 -1.473 1 0 0 0 1 -3.552713678800501e-17 0 3.552713678800501e-17 1 0 0 0 0 0 0 
10 -0.329 0.004 -1.473 1 0 0 0 1 -3.552713678800501e-17 0 3.552713678800501e-17 1 0 0 0 0 0 0 
1 -0.07783416000000026 0.004000000000000012 -0.1783206000000001 5.549534576630243e-17 -0.9063077746978223 -0.4226182882013996 -1 -1.129881533480654e-16 1.109906915326049e-16 -1.483425866100842e-16 0.4226182882013996 -0.9063077746978223 0 0 0 0 0 0 
2 -0.07783416000000026 0.004000000000000012 -0.1783206000000001 2.567360975395647e-16 -0.9063077746978223 -0.4226182882013996 -1 -3.350327582730967e-16 1.109906915326049e-16 -2.42182697447857e-16 0.4226182882013996 -0.9063077746978223 -0 0 0 0 -0 0 
3 -0.1623578176402802 0.004000000000000004 -0.3595821549395646 -7.494676613267466e-16 -0.9063077746978223 0.4226182882013997 1 -7.104623336690872e-16 2.498001805406602e-16 7.385852954188131e-17 0.4226182882013997 0.9063077746978223 -0 0 -0 0 0 0 
4 -0.3774260372090185 0.005111341297416513 -0.3475644242031221 0.9999989720024605 -2.039997760377037e-06 -0.001433872330696275 2.087382849998117e-06 0.9999999994518208 3.304544198291487e-05 0.001433872262497628 -3.3048401052794e-05 0.9999989714585401 0 0 0 0 0 0 
5 -0.3353657947202684 0.0041460926166068 -1.043191529529891 -0.02294079677044434 0.9979134106408049 -0.06035349788349815 -0.9997368252912948 -0.02289894656463879 0.001385064154822247 1.425716717282522e-07 0.06036938884456312 0.9981761051490431 0 0 0 0 0 0 
6 -0.3290884276063346 0.07899986805773916 -1.1681094160873 0.9999982745309729 -0.001435552901386801 0.00117903475112873 0.001181126585549814 0.001457188108636348 -0.999998240769855 0.001433832300499848 0.9999979078931533 0.00145888116400019 0 0 0 0 0 0 
7 -0.2540000521297395 0.004088427700436555 -1.168 6.123233995736766e-17 0 -1 -0.9999999993966664 3.473711597053197e-05 -6.123233992042413e-17 3.473711597053197e-05 0.9999999993966664 2.127034894246119e-21 0 0 0 0 -0 0 
8 -0.329 0.003999999999999993 -1.273 1 0 0 0 1 4.440892098500624e-18 0 -4.440892098500624e-18 1 0 0 0 0 0 0 
9 -0.329 0.004 -1.473 1 0 0 0 1 -3.552713678800501e-17 0 3.552713678800501e-17 1 0 0 0 0 0 0 
10 -0.329 0.004 -1.473 1 0 0 0 1 -3.552713678800501e-17 0 3.552713678800501e-17 1 0 0 0 0 0 0 
1 -0.07783416000000026 0.004000000000000012 -0.1783206000000001 5.549534576630243e-17 -0.9063077746978223 -0.4226182882013996 -1 -1.129881533480654e-16 1.109906915326049e-16 -1.483425866100842e-16 0.4226182882013996 -0.9063077746978223 0 0 0 0 0 0 
2 -0.07783416000000026 0.004000000000000012 -0.1783206000000001 2.567360975395647e-16 -0.9063077746978223 -0.4226182882013996 -1 -3.350327582730967e-16 1.109906915326049e-16 -2.42182697447857e-16 0.4226182882013996 -0.9063077746978223 -0 0 0 0 -0 0 
3 -0.1623578176402802 0.004000000000000004 -0.3595821549395646 -7.494676613267466e-16 -0.9063077746978223 0.4226182882013998 1 -7.363476105743472e-16 1.942890293094024e-16 1.351083089005172e-16 0.4226182882013998 0.9063077746978223 -0 0 -0 0 0 0 
4 -0.3774260372090184 0.0051113412974165 -0.347564424203122 0.9999989720024605 -2.039997760378758e-06 -0.001433872330696321 2.087382849999831e-06 0.9999999994518208 3.304544198290896e-05 0.001433872262497674 -3.30484010527881e-05 0.9999989714585401 0 0 0 0 0 0 
5 -0.3353657947202683 0.004146092616606796 -1.043191529529891 -0.02294079677044434 0.9979134106408049 -0.06035349788349819 -0.9997368252912948 -0.02289894656463879 0.00138506415482224 1.425716717202291e-07 0.06036938884456316 0.9981761051490431 0 0 0 0 0 0 
6 -0.3290884276063346 0.07899986805773915 -1.1681094160873 0.9999982745309729 -0.001435552901386849 0.00117903475112873 0.001181126585549814 0.001457188108636347 -0.999998240769855 0.001433832300499896 0.9999979078931533 0.00145888116400019 0 0 0 0 0 0 
7 -0.2540000521297394 0.004088427700436556 -1.168 6.123233995736766e-17 0 -1 -0.9999999993966664 3.473711597030993e-05 -6.123233992042413e-17 3.473711597030993e-05 0.9999999993966664 2.127034894232523e-21 0 0 0 0 -0 0 
8 -0.329 0.003999999999999993 -1.273 1 0 0 0 1 4.440892098500624e-18 0 -4.440892098500624e-18 1 0 0 0 0 0 0 
9 -0.329 0.004 -1.473 1 0 0 0 1 -3.552713678800501e-17 0 3.552713678800501e-17 1 0 0 0 0 0 0 
10 -0.329 0.004 -1.473 1 0 0 0 1 -3.552713678800501e-17 0 3.552713678800501e-17 1 0 0 0 0 0 0 
1 -0.07783416000000026 0.004000000000000012 -0.1783206000000001 5.549534576630243e-17 -0.9063077746978223 -0.4226182882013996 -1 -1.129881533480654e-16 1.109906915326049e-16 -1.483425866100842e-16 0.4226182882013996 -0.9063077746978223 0 0 0 0 0 0 
2 -0.07783416000000026 0.004000000000000013 -0.1783206000000001 2.567360975395647e-16 -0.9063077746978223 -0.4226182882013996 -1 -3.350327582730967e-16 1.109906915326049e-16 -2.42182697447857e-16 0.4226182882013996 -0.9063077746978223 -0 0 0 0 -0 0 
3 -0.1623578176402802 0.004000000000000004 -0.3595821549395646 -7.494676613267466e-16 -0.9063077746978223 0.4226182882013997 1 -7.104623336690872e-16 2.498001805406602e-16 7.385852954188131e-17 0.4226182882013997 0.9063077746978223 -0 0 -0 0 0 0 
4 -0.3774260372090184 0.005111341297416513 -0.3475644242031219 0.9999989720024605 -2.039997760379527e-06 -0.001433872330696382 2.087382850000596e-06 0.9999999994518208 3.304544198290446e-05 0.001433872262497735 -3.304840105278361e-05 0.9999989714585401 0 0 0 0 0 0 
5 -0.3353657947202684 0.004146092616606811 -1.043191529529891 -0.02294079677044434 0.9979134106408049 -0.06035349788349827 -0.9997368252912948 -0.02289894656463879 0.001385064154822237 1.425716717150249e-07 0.06036938884456323 0.9981761051490431 0 0 0 0 0 0 
6 -0.3290884276063346 0.07899986805773916 -1.1681094160873 0.9999982745309729 -0.001435552901386913 0.00117903475112873 0.001181126585549814 0.001457188108636347 -0.999998240769855 0.00143383230049996 0.9999979078931533 0.00145888116400019 0 0 0 0 0 0 
7 -0.2540000521297395 0.004088427700436554 -1.168 6.123233995736766e-17 0 -1 -0.9999999993966664 3.473711597053197e-05 -6.123233992042413e-17 3.473711597053197e-05 0.9999999993966664 2.127034894246119e-21 0 0 0 0 -0 0 
8 -0.329 0.003999999999999993 -1.273 1 0 0 0 1 4.440892098500624e-18 0 -4.440892098500624e-18 1 0 0 0 0 0 0 
9 -0.329 0.004 -1.473 1 0 0 0 1 -3.552713678800501e-17 0 3.552713678800501e-17 1 0 0 0 0 0 0 
10 -0.329 0.004 -1.473 1 0 0 0 1 -3.552713678800501e-17 0 3.552713678800501e-17 1 0 0 0 0 0 0 
1 -0.07783416000000026 0.004000000000000012 -0.1783206000000001 5.549534576630243e-17 -0.9063077746978223 -0.4226182882013996 -1 -1.129881533480654e-16 1.109906915326049e-16 -1.483425866100842e-16 0.4226182882013996 -0.9063077746978223 0 0 0 0 0 0 
2 -0.07783416000000026 0.004000000000000012 -0.1783206000000001 2.567360975395647e-16 -0.9063077746978223 -0.4226182882013996 -1 -3.350327582730967e-16 1.109906915326049e-16 -2.42182697447857e-16 0.4226182882013996 -0.9063077746978223 -0 0 0 0 -0 0 
3 -0.1623578176402802 0.004000000000000004 -0.3595821549395646 -7.494676613267466e-16 -0.9063077746978223 0.4226182882013998 1 -7.363476105743472e-16 1.942890293094024e-16 1.351083089005172e-16 0.4226182882013998 0.9063077746978223 -0 0 -0 0 0 0 
4 -0.3774260372090186 0.0051113412974165 -0.3475644242031221 0.9999989720024605 -2.039997760376618e-06 -0.001433872330696345 2.087382849997678e-06 0.9999999994518208 3.304544198289916e-05 0.001433872262497698 -3.304840105277829e-05 0.9999989714585401 0 0 0 0 0 0 
