       1 -1.322131e-01 4.215395e-02 2.000000e-01 1.000000e+00 0.000000e+00 0.000000e+00 0.000000e+00 1.000000e+00 0.000000e+00 0.000000e+00 0.000000e+00 1.000000e+00 0.000000e+00 0.000000e+00 0.000000e+00 0.000000e+00 0.000000e+00 0.000000e+00
       2 7.099998e-02 1.600000e-01 2.000000e-01 1.000000e+00 1.457853e-05 -1.807527e-06 -1.457853e-05 1.000000e+00 -4.155410e-07 1.807521e-06 4.155674e-07 1.000000e+00 0.000000e+00 0.000000e+00 0.000000e+00 0.000000e+00 0.000000e+00 0.000000e+00
       1 -1.322131e-01 4.215395e-02 2.000000e-01 1.000000e+00 0.000000e+00 0.000000e+00 0.000000e+00 1.000000e+00 0.000000e+00 0.000000e+00 0.000000e+00 1.000000e+00 0.000000e+00 0.000000e+00 0.000000e+00 0.000000e+00 0.000000e+00 0.000000e+00
       2 7.099998e-02 1.600000e-01 2.000000e-01 1.000000e+00 2.550188e-16 -4.928461e-17 -2.697431e-16 1.000000e+00 2.598614e-16 1.577917e-17 -2.194709e-16 1.000000e+00 0.000000e+00 2.145094e-21 -1.332278e-16 -8.311084e-05 3.615049e-04 2.915706e-03
       1 -1.322131e-01 4.215395e-02 2.000000e-01 1.000000e+00 0.000000e+00 0.000000e+00 0.000000e+00 1.000000e+00 0.000000e+00 0.000000e+00 0.000000e+00 1.000000e+00 0.000000e+00 0.000000e+00 0.000000e+00 0.000000e+00 0.000000e+00 0.000000e+00
       2 7.099998e-02 1.600000e-01 2.000000e-01 1.000000e+00 -7.091671e-15 8.615977e-16 7.076953e-15 1.000000e+00 4.692762e-16 -8.951021e-16 -4.288854e-16 1.000000e+00 -8.580377e-21 1.287057e-20 -1.165742e-15 2.077771e-05 -9.037622e-05 -7.289265e-04
       1 -1.322131e-01 4.215395e-02 2.000000e-01 1.000000e+00 0.000000e+00 0.000000e+00 0.000000e+00 1.000000e+00 0.000000e+00 0.000000e+00 0.000000e+00 1.000000e+00 0.000000e+00 0.000000e+00 0.000000e+00 0.000000e+00 0.000000e+00 0.000000e+00
       2 7.099998e-02 1.600000e-01 2.000000e-01 1.000000e+00 -1.679973e-14 2.065256e-15 1.678501e-14 1.000000e+00 7.460018e-16 -2.098761e-15 -7.056108e-16 1.000000e+00 -1.372860e-19 9.223905e-20 -1.765324e-15 -3.103811e-14 1.350049e-13 1.088874e-12
       1 -1.322131e-01 4.215395e-02 2.000000e-01 1.000000e+00 0.000000e+00 0.000000e+00 0.000000e+00 1.000000e+00 0.000000e+00 0.000000e+00 0.000000e+00 1.000000e+00 0.000000e+00 0.000000e+00 0.000000e+00 0.000000e+00 0.000000e+00 0.000000e+00
       2 7.099998e-02 1.600000e-01 2.000000e-01 1.000000e+00 1.207403e-15 -1.673665e-16 -1.222120e-15 1.000000e+00 2.327152e-16 1.338613e-16 -1.923242e-16 1.000000e+00 -1.119739e-18 8.151358e-19 7.654579e-16 9.082929e-14 -3.950764e-13 -3.186472e-12
       1 -1.322131e-01 4.215395e-02 2.000000e-01 1.000000e+00 0.000000e+00 0.000000e+00 0.000000e+00 1.000000e+00 0.000000e+00 0.000000e+00 0.000000e+00 1.000000e+00 0.000000e+00 0.000000e+00 0.000000e+00 0.000000e+00 0.000000e+00 0.000000e+00
       2 7.099998e-02 1.600000e-01 2.000000e-01 1.000000e+00 -7.358453e-18 -1.675245e-17 -7.358222e-18 1.000000e+00 2.673412e-16 -1.675279e-17 -2.269503e-16 1.000000e+00 -9.630431e-18 6.971196e-18 1.360458e-15 -3.085824e-14 1.342232e-13 1.082571e-12
       1 -1.322131e-01 4.215395e-02 2.000000e-01 1.000000e+00 0.000000e+00 0.000000e+00 0.000000e+00 1.000000e+00 0.000000e+00 0.000000e+00 0.000000e+00 1.000000e+00 0.000000e+00 0.000000e+00 0.000000e+00 0.000000e+00 0.000000e+00 0.000000e+00
       2 7.099998e-02 1.600000e-01 2.000000e-01 1.000000e+00 -7.359976e-18 -1.675271e-17 -7.356698e-18 1.000000e+00 2.673408e-16 -1.675253e-17 -2.269498e-16 1.000000e+00 -8.264048e-17 5.984529e-17 -2.042309e-15 1.731365e-15 -7.530742e-15 -6.073787e-14
       1 -1.322131e-01 4.215395e-02 2.000000e-01 1.000000e+00 0.000000e+00 0.000000e+00 0.000000e+00 1.000000e+00 0.000000e+00 0.000000e+00 0.000000e+00 1.000000e+00 0.000000e+00 0.000000e+00 0.000000e+00 0.000000e+00 0.000000e+00 0.000000e+00
       2 7.099998e-02 1.600000e-01 2.000000e-01 1.000000e+00 -3.285369e-14 4.055718e-15 3.283897e-14 1.000000e+00 1.203612e-15 -4.089223e-15 -1.163221e-15 1.000000e+00 -7.092760e-16 5.136183e-16 -9.536179e-15 -1.404408e-13 6.108706e-13 4.926950e-12
       1 -1.322131e-01 4.215395e-02 2.000000e-01 1.000000e+00 0.000000e+00 0.000000e+00 0.000000e+00 1.000000e+00 0.000000e+00 0.000000e+00 0.000000e+00 1.000000e+00 0.000000e+00 0.000000e+00 0.000000e+00 0.000000e+00 0.000000e+00 0.000000e+00
       2 7.099998e-02 1.600000e-01 2.000000e-01 1.000000e+00 -4.177787e-14 5.162184e-15 4.176315e-14 1.000000e+00 1.457992e-15 -5.195689e-15 -1.417601e-15 1.000000e+00 -6.087410e-15 4.408173e-15 -2.965756e-14 8.656655e-15 -3.765361e-14 -3.036899e-13
       1 -1.322131e-01 4.215395e-02 2.000000e-01 1.000000e+00 0.000000e+00 0.000000e+00 0.000000e+00 1.000000e+00 0.000000e+00 0.000000e+00 0.000000e+00 1.000000e+00 0.000000e+00 0.000000e+00 0.000000e+00 0.000000e+00 0.000000e+00 0.000000e+00
       2 7.099998e-02 1.600000e-01 2.000000e-01 1.000000e+00 -1.213940e-13 1.503344e-14 1.213793e-13 1.000000e+00 3.727420e-15 -1.506694e-14 -3.687029e-15 1.000000e+00 4.597759e-15 9.411766e-15 -2.914598e-14 -3.276952e-13 1.425365e-12 1.149622e-11
       1 -1.322131e-01 4.215395e-02 2.000000e-01 1.000000e+00 0.000000e+00 0.000000e+00 0.000000e+00 1.000000e+00 0.000000e+00 0.000000e+00 0.000000e+00 1.000000e+00 0.000000e+00 0.000000e+00 0.000000e+00 0.000000e+00 0.000000e+00 0.000000e+00
       2 7.099998e-02 1.600000e-01 2.000000e-01 1.000000e+00 -1.140119e-13 1.411816e-14 1.139972e-13 1.000000e+00 3.516995e-15 -1.415166e-14 -3.476604e-15 1.000000e+00 -2.207669e-14 1.206986e-14 -6.881682e-14 1.450351e-13 -6.308545e-13 -5.088121e-12
       1 -1.322131e-01 4.215395e-02 2.000000e-01 1.000000e+00 0.000000e+00 0.000000e+00 0.000000e+00 1.000000e+00 0.000000e+00 0.000000e+00 0.000000e+00 1.000000e+00 0.000000e+00 0.000000e+00 0.000000e+00 0.000000e+00 0.000000e+00 0.000000e+00
       2 7.099998e-02 1.600000e-01 2.000000e-01 1.000000e+00 -2.824487e-13 3.500188e-14 2.824340e-13 1.000000e+00 8.318219e-15 -3.503538e-14 -8.277828e-15 1.000000e+00 3.111640e-14 1.509195e-15 4.270000e-14 -7.307048e-13 3.178322e-12 2.563461e-11
       1 -1.322131e-01 4.215395e-02 2.000000e-01 1.000000e+00 0.000000e+00 0.000000e+00 0.000000e+00 1.000000e+00 0.000000e+00 0.000000e+00 0.000000e+00 1.000000e+00 0.000000e+00 0.000000e+00 0.000000e+00 0.000000e+00 0.000000e+00 0.000000e+00
       2 7.099998e-02 1.600000e-01 2.000000e-01 1.000000e+00 -1.886758e-13 2.337538e-14 1.886611e-13 1.000000e+00 5.645256e-15 -2.340889e-14 -5.604865e-15 1.000000e+00 -4.619331e-14 4.400117e-14 -8.774926e-14 6.410055e-13 -2.788161e-12 -2.248777e-11
       1 -1.322131e-01 4.215395e-02 2.000000e-01 1.000000e+00 0.000000e+00 0.000000e+00 0.000000e+00 1.000000e+00 0.000000e+00 0.000000e+00 0.000000e+00 1.000000e+00 0.000000e+00 0.000000e+00 0.000000e+00 0.000000e+00 0.000000e+00 0.000000e+00
       2 7.099998e-02 1.600000e-01 2.000000e-01 1.000000e+00 -7.358338e-18 -1.675262e-17 -7.358337e-18 1.000000e+00 2.673408e-16 -1.675262e-17 -2.269498e-16 1.000000e+00 5.287763e-14 -1.015203e-13 2.733520e-13 6.730392e-13 -2.927495e-12 -2.361162e-11
       1 -1.322131e-01 4.215395e-02 2.000000e-01 1.000000e+00 0.000000e+00 0.000000e+00 0.000000e+00 1.000000e+00 0.000000e+00 0.000000e+00 0.000000e+00 1.000000e+00 0.000000e+00 0.000000e+00 0.000000e+00 0.000000e+00 0.000000e+00 0.000000e+00
       2 7.099998e-02 1.600000e-01 2.000000e-01 1.000000e+00 5.624134e-13 -6.974883e-14 -5.624281e-13 1.000000e+00 -1.576425e-14 6.971532e-14 1.580464e-14 1.000000e+00 -1.347952e-13 6.154265e-14 -1.846063e-13 2.135843e-12 -9.290205e-12 -7.492969e-11
       1 -1.322131e-01 4.215395e-02 2.000000e-01 1.000000e+00 0.000000e+00 0.000000e+00 0.000000e+00 1.000000e+00 0.000000e+00 0.000000e+00 0.000000e+00 1.000000e+00 0.000000e+00 0.000000e+00 0.000000e+00 0.000000e+00 0.000000e+00 0.000000e+00
       2 7.099998e-02 1.600000e-01 2.000000e-01 1.000000e+00 -7.358337e-18 -1.675262e-17 -7.358338e-18 1.000000e+00 2.673408e-16 -1.675262e-17 -2.269498e-16 1.000000e+00 1.665757e-13 -4.207227e-14 1.394991e-13 -3.206318e-12 1.394642e-11 1.124842e-10
       1 -1.322131e-01 4.215395e-02 2.000000e-01 1.000000e+00 0.000000e+00 0.000000e+00 0.000000e+00 1.000000e+00 0.000000e+00 0.000000e+00 0.000000e+00 1.000000e+00 0.000000e+00 0.000000e+00 0.000000e+00 0.000000e+00 0.000000e+00 0.000000e+00
       2 7.099998e-02 1.600000e-01 2.000000e-01 1.000000e+00 8.103868e-13 -1.004940e-13 -8.104015e-13 1.000000e+00 -2.283265e-14 1.004605e-13 2.287304e-14 1.000000e+00 -3.361305e-13 2.269304e-13 -6.312684e-13 4.266578e-12 -1.855819e-11 -1.496802e-10
       1 -1.322131e-01 4.215395e-02 2.000000e-01 1.000000e+00 0.000000e+00 0.000000e+00 0.000000e+00 1.000000e+00 0.000000e+00 0.000000e+00 0.000000e+00 1.000000e+00 0.000000e+00 0.000000e+00 0.000000e+00 0.000000e+00 0.000000e+00 0.000000e+00
       2 7.099998e-02 1.600000e-01 2.000000e-01 1.000000e+00 -7.358337e-18 -1.675262e-17 -7.358338e-18 1.000000e+00 2.673408e-16 -1.675262e-17 -2.269498e-16 1.000000e+00 3.928687e-13 -2.910122e-13 8.002372e-13 -4.619998e-12 2.009545e-11 1.620788e-10
       1 -1.322131e-01 4.215395e-02 2.000000e-01 1.000000e+00 0.000000e+00 0.000000e+00 0.000000e+00 1.000000e+00 0.000000e+00 0.000000e+00 0.000000e+00 1.000000e+00 0.000000e+00 0.000000e+00 0.000000e+00 0.000000e+00 0.000000e+00 0.000000e+00
       2 7.099998e-02 1.600000e-01 2.000000e-01 1.000000e+00 -7.358337e-18 -1.675262e-17 -7.358338e-18 1.000000e+00 2.673408e-16 -1.675262e-17 -2.269498e-16 1.000000e+00 -1.015076e-13 7.398565e-14 -2.005656e-13 1.154999e-12 -5.023863e-12 -4.051971e-11
       1 -1.322131e-01 4.215395e-02 2.000000e-01 1.000000e+00 0.000000e+00 0.000000e+00 0.000000e+00 1.000000e+00 0.000000e+00 0.000000e+00 0.000000e+00 1.000000e+00 0.000000e+00 0.000000e+00 0.000000e+00 0.000000e+00 0.000000e+00 0.000000e+00
       2 7.099998e-02 1.600000e-01 2.000000e-01 1.000000e+00 -7.358337e-18 -1.675262e-17 -7.358338e-18 1.000000e+00 2.673408e-16 -1.675262e-17 -2.269498e-16 1.000000e+00 2.480546e-15 -1.364939e-15 -1.520786e-15 -1.372797e-22 2.155839e-23 -1.757759e-24
       1 -1.322131e-01 4.215395e-02 2.000000e-01 1.000000e+00 0.000000e+00 0.000000e+00 0.000000e+00 1.000000e+00 0.000000e+00 0.000000e+00 0.000000e+00 1.000000e+00 0.000000e+00 0.000000e+00 0.000000e+00 0.000000e+00 0.000000e+00 0.000000e+00
       2 7.099998e-02 1.600000e-01 2.000000e-01 1.000000e+00 -7.358337e-18 -1.675262e-17 -7.358337e-18 1.000000e+00 2.673408e-16 -1.675262e-17 -2.269498e-16 1.000000e+00 3.580293e-15 9.618063e-16 7.596374e-16 3.423671e-23 -4.230253e-23 2.489297e-23
       1 -1.322131e-01 4.215395e-02 2.000000e-01 1.000000e+00 0.000000e+00 0.000000e+00 0.000000e+00 1.000000e+00 0.000000e+00 0.000000e+00 0.000000e+00 1.000000e+00 0.000000e+00 0.000000e+00 0.000000e+00 0.000000e+00 0.000000e+00 0.000000e+00
       2 7.099998e-02 1.600000e-01 2.000000e-01 1.000000e+00 -7.358337e-18 -1.675262e-17 -7.358338e-18 1.000000e+00 2.673408e-16 -1.675262e-17 -2.269498e-16 1.000000e+00 2.683422e-14 8.697548e-16 -1.526829e-15 -2.496610e-22 6.490298e-23 -2.394813e-23
       1 -1.322131e-01 4.215395e-02 2.000000e-01 1.000000e+00 0.000000e+00 0.000000e+00 0.000000e+00 1.000000e+00 0.000000e+00 0.000000e+00 0.000000e+00 1.000000e+00 0.000000e+00 0.000000e+00 0.000000e+00 0.000000e+00 0.000000e+00 0.000000e+00
       2 7.099998e-02 1.600000e-01 2.000000e-01 1.000000e+00 -7.358338e-18 -1.675262e-17 -7.358337e-18 1.000000e+00 2.673408e-16 -1.675262e-17 -2.269498e-16 1.000000e+00 1.941243e-14 1.176707e-14 -8.416445e-15 2.254648e-22 -1.130022e-22 5.303048e-23
       1 -1.322131e-01 4.215395e-02 2.000000e-01 1.000000e+00 0.000000e+00 0.000000e+00 0.000000e+00 1.000000e+00 0.000000e+00 0.000000e+00 0.000000e+00 1.000000e+00 0.000000e+00 0.000000e+00 0.000000e+00 0.000000e+00 0.000000e+00 0.000000e+00
       2 7.099998e-02 1.600000e-01 2.000000e-01 1.000000e+00 -7.358337e-18 -1.675262e-17 -7.358338e-18 1.000000e+00 2.673408e-16 -1.675262e-17 -2.269498e-16 1.000000e+00 7.630775e-14 1.322020e-14 -1.812229e-14 -5.644486e-22 1.842771e-22 -7.969042e-23
       1 -1.322131e-01 4.215395e-02 2.000000e-01 1.000000e+00 0.000000e+00 0.000000e+00 0.000000e+00 1.000000e+00 0.000000e+00 0.000000e+00 0.000000e+00 1.000000e+00 0.000000e+00 0.000000e+00 0.000000e+00 0.000000e+00 0.000000e+00 0.000000e+00
       2 7.099998e-02 1.600000e-01 2.000000e-01 1.000000e+00 -7.358338e-18 -1.675262e-17 -7.358337e-18 1.000000e+00 2.673408e-16 -1.675262e-17 -2.269498e-16 1.000000e+00 2.540317e-14 2.248842e-14 -4.495199e-14 7.540366e-22 -3.104178e-22 1.370879e-22
       1 -1.322131e-01 4.215395e-02 2.000000e-01 1.000000e+00 0.000000e+00 0.000000e+00 0.000000e+00 1.000000e+00 0.000000e+00 0.000000e+00 0.000000e+00 1.000000e+00 0.000000e+00 0.000000e+00 0.000000e+00 0.000000e+00 0.000000e+00 0.000000e+00
       2 7.099998e-02 1.600000e-01 2.000000e-01 1.000000e+00 -7.358337e-18 -1.675262e-17 -7.358338e-18 1.000000e+00 2.673408e-16 -1.675262e-17 -2.269498e-16 1.000000e+00 1.584385e-13 4.705640e-14 -2.390170e-14 -1.441476e-21 5.148444e-22 -2.286325e-22
       1 -1.322131e-01 4.215395e-02 2.000000e-01 1.000000e+00 0.000000e+00 0.000000e+00 0.000000e+00 1.000000e+00 0.000000e+00 0.000000e+00 0.000000e+00 1.000000e+00 0.000000e+00 0.000000e+00 0.000000e+00 0.000000e+00 0.000000e+00 0.000000e+00
       2 7.099998e-02 1.600000e-01 2.000000e-01 9.510723e-01 -3.089685e-01 -2.217250e-17 3.089685e-01 9.510723e-01 2.611743e-16 -9.311222e-17 -2.148552e-16 1.000000e+00 -4.269667e-13 -1.247866e-13 1.403591e-13 3.510022e-19 1.145400e-14 4.634528e+01
       1 -1.322131e-01 4.215395e-02 2.000000e-01 1.000000e+00 0.000000e+00 0.000000e+00 0.000000e+00 1.000000e+00 0.000000e+00 0.000000e+00 0.000000e+00 1.000000e+00 0.000000e+00 0.000000e+00 0.000000e+00 0.000000e+00 0.000000e+00 0.000000e+00
       2 7.099998e-02 1.600000e-01 2.000000e-01 8.092590e-01 -5.874520e-01 -2.542071e-17 5.874520e-01 8.092590e-01 2.536462e-16 -1.619383e-16 -1.798079e-16 1.000000e+00 1.222600e-13 3.549783e-14 -4.185489e-14 -9.609055e-16 6.948372e-15 3.074790e+01
       1 -1.322131e-01 4.215395e-02 2.000000e-01 1.000000e+00 0.000000e+00 0.000000e+00 0.000000e+00 1.000000e+00 0.000000e+00 0.000000e+00 0.000000e+00 1.000000e+00 0.000000e+00 0.000000e+00 0.000000e+00 0.000000e+00 0.000000e+00 0.000000e+00
       2 7.099998e-02 1.600000e-01 2.000000e-01 5.889112e-01 -8.081977e-01 -2.618912e-17 8.081977e-01 5.889112e-01 2.455020e-16 -2.164963e-16 -1.253539e-16 1.000000e+00 4.347725e-15 1.799731e-15 -1.686237e-17 8.492511e-16 5.106605e-15 2.490068e+01
       1 -1.322131e-01 4.215395e-02 2.000000e-01 1.000000e+00 0.000000e+00 0.000000e+00 0.000000e+00 1.000000e+00 0.000000e+00 0.000000e+00 0.000000e+00 1.000000e+00 0.000000e+00 0.000000e+00 0.000000e+00 0.000000e+00 0.000000e+00 0.000000e+00
       2 7.099998e-02 1.600000e-01 2.000000e-01 3.121555e-01 -9.500310e-01 -2.441189e-17 9.500310e-01 3.121555e-01 2.375325e-16 -2.515482e-16 -5.694816e-17 1.000000e+00 -9.150363e-16 2.862348e-16 -1.742135e-15 8.891253e-16 6.627777e-15 2.995070e+01
       1 -1.322131e-01 4.215395e-02 2.000000e-01 1.000000e+00 0.000000e+00 0.000000e+00 0.000000e+00 1.000000e+00 0.000000e+00 0.000000e+00 0.000000e+00 1.000000e+00 0.000000e+00 0.000000e+00 0.000000e+00 0.000000e+00 0.000000e+00 0.000000e+00
       2 7.099998e-02 1.600000e-01 2.000000e-01 6.448004e-03 -9.999792e-01 -2.030184e-17 9.999792e-01 6.448004e-03 2.305229e-16 -2.638924e-16 1.860315e-17 1.000000e+00 1.894541e-15 -1.229201e-15 -2.031007e-15 9.739205e-16 7.751661e-15 3.038788e+01
       1 -1.322131e-01 4.215395e-02 2.000000e-01 1.000000e+00 0.000000e+00 0.000000e+00 0.000000e+00 1.000000e+00 0.000000e+00 0.000000e+00 0.000000e+00 1.000000e+00 0.000000e+00 0.000000e+00 0.000000e+00 0.000000e+00 0.000000e+00 0.000000e+00
       2 7.099998e-02 1.600000e-01 2.000000e-01 -2.984051e-01 -9.544393e-01 -1.427731e-17 9.544393e-01 -2.984051e-01 2.251301e-16 -2.526386e-16 9.394410e-17 1.000000e+00 6.228257e-16 -1.624144e-16 -2.784534e-16 2.069315e-16 7.952699e-15 3.061770e+01
       1 -1.322131e-01 4.215395e-02 2.000000e-01 1.000000e+00 0.000000e+00 0.000000e+00 0.000000e+00 1.000000e+00 0.000000e+00 0.000000e+00 0.000000e+00 1.000000e+00 0.000000e+00 0.000000e+00 0.000000e+00 0.000000e+00 0.000000e+00 0.000000e+00
       2 7.099998e-02 1.600000e-01 2.000000e-01 -5.733928e-01 -8.192806e-01 -6.941292e-18 8.192806e-01 -5.733928e-01 2.218342e-16 -2.192298e-16 1.619023e-16 1.000000e+00 -2.229884e-15 8.663143e-16 -9.252666e-17 -7.403924e-19 7.261736e-15 3.031205e+01
       1 -1.322131e-01 4.215395e-02 2.000000e-01 1.000000e+00 0.000000e+00 0.000000e+00 0.000000e+00 1.000000e+00 0.000000e+00 0.000000e+00 0.000000e+00 1.000000e+00 0.000000e+00 0.000000e+00 0.000000e+00 0.000000e+00 0.000000e+00 0.000000e+00
       2 7.099998e-02 1.600000e-01 2.000000e-01 -7.932379e-01 -6.089119e-01 9.916116e-19 6.089119e-01 -7.932379e-01 2.209213e-16 -1.672402e-16 2.162379e-16 1.000000e+00 -5.009047e-16 1.948493e-15 1.831019e-15 7.877483e-16 7.035609e-15 3.006156e+01
       1 -1.322131e-01 4.215395e-02 2.000000e-01 1.000000e+00 0.000000e+00 0.000000e+00 0.000000e+00 1.000000e+00 0.000000e+00 0.000000e+00 0.000000e+00 1.000000e+00 0.000000e+00 0.000000e+00 0.000000e+00 0.000000e+00 0.000000e+00 0.000000e+00
       2 7.099998e-02 1.600000e-01 2.000000e-01 -9.387970e-01 -3.444710e-01 8.772099e-18 3.444710e-01 -9.387970e-01 2.224105e-16 -1.018840e-16 2.522110e-16 1.000000e+00 1.518419e-15 -9.063935e-16 1.495674e-15 1.150806e-15 7.917531e-15 2.982737e+01
       1 -1.322131e-01 4.215395e-02 2.000000e-01 1.000000e+00 0.000000e+00 0.000000e+00 0.000000e+00 1.000000e+00 0.000000e+00 0.000000e+00 0.000000e+00 1.000000e+00 0.000000e+00 0.000000e+00 0.000000e+00 0.000000e+00 0.000000e+00 0.000000e+00
       2 7.099998e-02 1.600000e-01 2.000000e-01 -9.986785e-01 -5.139307e-02 1.569561e-17 5.139307e-02 -9.986785e-01 2.261118e-16 -2.945095e-17 2.670106e-16 1.000000e+00 -4.575580e-15 -1.669044e-15 1.039656e-16 2.719999e-16 8.576378e-15 2.954518e+01
       1 -1.322131e-01 4.215395e-02 2.000000e-01 1.000000e+00 0.000000e+00 0.000000e+00 0.000000e+00 1.000000e+00 0.000000e+00 0.000000e+00 0.000000e+00 1.000000e+00 0.000000e+00 0.000000e+00 0.000000e+00 0.000000e+00 0.000000e+00 0.000000e+00
       2 7.099998e-02 1.600000e-01 2.000000e-01 -9.699444e-01 2.433267e-01 2.116669e-17 -2.433267e-01 -9.699444e-01 2.316307e-16 4.338719e-17 2.599094e-16 1.000000e+00 3.573983e-15 -1.238806e-15 -2.164155e-16 -6.502441e-16 7.903058e-15 2.923244e+01
       1 -1.322131e-01 4.215395e-02 2.000000e-01 1.000000e+00 0.000000e+00 0.000000e+00 0.000000e+00 1.000000e+00 0.000000e+00 0.000000e+00 0.000000e+00 1.000000e+00 0.000000e+00 0.000000e+00 0.000000e+00 0.000000e+00 0.000000e+00 0.000000e+00
       2 7.099998e-02 1.600000e-01 2.000000e-01 -8.578829e-01 5.138453e-01 2.475327e-17 -5.138453e-01 -8.578829e-01 2.384270e-16 1.102448e-16 2.322141e-16 1.000000e+00 -1.762573e-16 -1.601205e-15 -1.411335e-15 -2.927792e-16 6.942823e-15 2.889375e+01
       1 -1.322131e-01 4.215395e-02 2.000000e-01 1.000000e+00 0.000000e+00 0.000000e+00 0.000000e+00 1.000000e+00 0.000000e+00 0.000000e+00 0.000000e+00 1.000000e+00 0.000000e+00 0.000000e+00 0.000000e+00 0.000000e+00 0.000000e+00 0.000000e+00
       2 7.099998e-02 1.600000e-01 2.000000e-01 -6.749532e-01 7.378605e-01 2.621284e-17 -7.378605e-01 -6.749532e-01 2.458751e-16 1.656087e-16 1.870038e-16 1.000000e+00 -1.982821e-16 1.819861e-15 -8.258573e-17 5.293121e-16 7.174725e-15 2.852662e+01
       1 -1.322131e-01 4.215395e-02 2.000000e-01 1.000000e+00 0.000000e+00 0.000000e+00 0.000000e+00 1.000000e+00 0.000000e+00 0.000000e+00 0.000000e+00 1.000000e+00 0.000000e+00 0.000000e+00 0.000000e+00 0.000000e+00 0.000000e+00 0.000000e+00
       2 7.099998e-02 1.600000e-01 2.000000e-01 -4.390911e-01 8.984426e-01 2.550375e-17 -8.984426e-01 -4.390911e-01 2.533298e-16 2.052955e-16 1.287122e-16 1.000000e+00 -2.469251e-15 -1.776557e-15 4.094722e-16 2.162331e-16 8.025879e-15 2.813140e+01
       1 -1.322131e-01 4.215395e-02 2.000000e-01 1.000000e+00 0.000000e+00 0.000000e+00 0.000000e+00 1.000000e+00 0.000000e+00 0.000000e+00 0.000000e+00 1.000000e+00 0.000000e+00 0.000000e+00 0.000000e+00 0.000000e+00 0.000000e+00 0.000000e+00
       2 7.099998e-02 1.600000e-01 2.000000e-01 -1.716203e-01 9.851632e-01 2.277381e-17 -9.851632e-01 -1.716203e-01 2.601851e-16 2.267280e-16 6.260811e-17 1.000000e+00 1.796119e-15 -9.527807e-16 -1.500325e-15 -9.187853e-16 7.824502e-15 2.770872e+01
       1 -1.322131e-01 4.215395e-02 2.000000e-01 1.000000e+00 0.000000e+00 0.000000e+00 0.000000e+00 1.000000e+00 0.000000e+00 0.000000e+00 0.000000e+00 1.000000e+00 0.000000e+00 0.000000e+00 0.000000e+00 0.000000e+00 0.000000e+00 0.000000e+00
       2 7.099998e-02 1.600000e-01 2.000000e-01 1.049644e-01 9.944760e-01 1.832763e-17 -9.944760e-01 1.049644e-01 2.659275e-16 2.290295e-16 -5.748324e-18 1.000000e+00 2.019613e-15 1.537763e-16 -1.828413e-15 -1.184321e-15 6.592624e-15 2.725891e+01
       1 -1.322131e-01 4.215395e-02 2.000000e-01 1.000000e+00 0.000000e+00 0.000000e+00 0.000000e+00 1.000000e+00 0.000000e+00 0.000000e+00 0.000000e+00 1.000000e+00 0.000000e+00 0.000000e+00 0.000000e+00 0.000000e+00 0.000000e+00 0.000000e+00
       2 7.099998e-02 1.600000e-01 2.000000e-01 3.690958e-01 9.293914e-01 1.258755e-17 -9.293914e-01 3.690958e-01 2.701716e-16 2.129439e-16 -7.102697e-17 1.000000e+00 4.318316e-15 6.353014e-16 -1.512079e-15 -3.019693e-16 5.964937e-15 2.678232e+01
       1 -1.322131e-01 4.215395e-02 2.000000e-01 1.000000e+00 0.000000e+00 0.000000e+00 0.000000e+00 1.000000e+00 0.000000e+00 0.000000e+00 0.000000e+00 1.000000e+00 0.000000e+00 0.000000e+00 0.000000e+00 0.000000e+00 0.000000e+00 0.000000e+00
       2 7.099998e-02 1.600000e-01 2.000000e-01 6.019095e-01 7.985643e-01 6.044506e-18 -7.985643e-01 6.019095e-01 2.726818e-16 1.806105e-16 -1.285657e-16 1.000000e+00 -2.873711e-15 1.688773e-15 -6.218526e-16 2.350000e-16 6.494737e-15 2.627939e+01
       1 -1.322131e-01 4.215395e-02 2.000000e-01 1.000000e+00 0.000000e+00 0.000000e+00 0.000000e+00 1.000000e+00 0.000000e+00 0.000000e+00 0.000000e+00 1.000000e+00 0.000000e+00 0.000000e+00 0.000000e+00 0.000000e+00 0.000000e+00 0.000000e+00
       2 7.099998e-02 1.600000e-01 2.000000e-01 7.885554e-01 6.149637e-01 -7.910026e-19 -6.149637e-01 7.885554e-01 2.733751e-16 1.352343e-16 -1.746940e-16 1.000000e+00 4.492184e-15 3.103322e-17 -2.450399e-16 -3.466874e-16 6.891375e-15 2.575055e+01
       1 -1.322131e-01 4.215395e-02 2.000000e-01 1.000000e+00 0.000000e+00 0.000000e+00 0.000000e+00 1.000000e+00 0.000000e+00 0.000000e+00 0.000000e+00 1.000000e+00 0.000000e+00 0.000000e+00 0.000000e+00 0.000000e+00 0.000000e+00 0.000000e+00
       2 7.099998e-02 1.600000e-01 2.000000e-01 9.189759e-01 3.943137e-01 -7.432551e-18 -3.943137e-01 9.189759e-01 2.723124e-16 8.070159e-17 -2.069268e-16 1.000000e+00 -9.669626e-16 3.633533e-16 -1.106088e-15 -9.930338e-16 6.222634e-15 2.519628e+01
       1 -1.322131e-01 4.215395e-02 2.000000e-01 1.000000e+00 0.000000e+00 0.000000e+00 0.000000e+00 1.000000e+00 0.000000e+00 0.000000e+00 0.000000e+00 1.000000e+00 0.000000e+00 0.000000e+00 0.000000e+00 0.000000e+00 0.000000e+00 0.000000e+00
       2 7.099998e-02 1.600000e-01 2.000000e-01 9.881497e-01 1.534934e-01 -1.345522e-17 -1.534934e-01 9.881497e-01 2.696745e-16 2.118378e-17 -2.240225e-16 1.000000e+00 -1.927836e-15 -1.104899e-15 -1.947071e-15 -6.695423e-16 5.284966e-15 2.461706e+01
       1 -1.322131e-01 4.215395e-02 2.000000e-01 1.000000e+00 0.000000e+00 0.000000e+00 0.000000e+00 1.000000e+00 0.000000e+00 0.000000e+00 0.000000e+00 1.000000e+00 0.000000e+00 0.000000e+00 0.000000e+00 0.000000e+00 0.000000e+00 0.000000e+00
       2 7.099998e-02 1.600000e-01 2.000000e-01 9.958563e-01 -9.094122e-02 -1.852106e-17 9.094122e-02 9.958563e-01 2.657348e-16 -3.922717e-17 -2.259271e-16 1.000000e+00 2.279669e-15 1.309273e-15 -4.901694e-16 9.970340e-17 5.152303e-15 2.401340e+01
       1 -1.322131e-01 4.215395e-02 2.000000e-01 1.000000e+00 0.000000e+00 0.000000e+00 0.000000e+00 1.000000e+00 0.000000e+00 0.000000e+00 0.000000e+00 1.000000e+00 0.000000e+00 0.000000e+00 0.000000e+00 0.000000e+00 0.000000e+00 0.000000e+00
       2 7.099998e-02 1.600000e-01 2.000000e-01 9.460598e-01 -3.239920e-01 -2.239350e-17 3.239920e-01 9.460598e-01 2.608245e-16 -9.682468e-17 -2.136199e-16 1.000000e+00 4.435763e-15 7.850506e-16 -1.366552e-15 2.746020e-16 5.569766e-15 2.338585e+01
       1 -1.322131e-01 4.215395e-02 2.000000e-01 1.000000e+00 0.000000e+00 0.000000e+00 0.000000e+00 1.000000e+00 0.000000e+00 0.000000e+00 0.000000e+00 1.000000e+00 0.000000e+00 0.000000e+00 0.000000e+00 0.000000e+00 0.000000e+00 0.000000e+00
       2 7.099998e-02 1.600000e-01 2.000000e-01 8.460319e-01 -5.331323e-01 -2.494140e-17 5.331323e-01 8.460319e-01 2.553004e-16 -1.485129e-16 -1.888983e-16 1.000000e+00 -6.308066e-16 3.370698e-16 -1.093095e-15 -1.245854e-16 5.600473e-15 2.273495e+01
       1 -1.322131e-01 4.215395e-02 2.000000e-01 1.000000e+00 0.000000e+00 0.000000e+00 0.000000e+00 1.000000e+00 0.000000e+00 0.000000e+00 0.000000e+00 1.000000e+00 0.000000e+00 0.000000e+00 0.000000e+00 0.000000e+00 0.000000e+00 0.000000e+00
       2 7.099998e-02 1.600000e-01 2.000000e-01 7.053387e-01 -7.088705e-01 -2.613341e-17 7.088705e-01 7.053387e-01 2.495146e-16 -1.919459e-16 -1.541266e-16 1.000000e+00 4.779364e-16 -1.698800e-15 8.759893e-16 -3.105601e-16 5.087375e-15 2.206131e+01
       1 -1.322131e-01 4.215395e-02 2.000000e-01 1.000000e+00 0.000000e+00 0.000000e+00 0.000000e+00 1.000000e+00 0.000000e+00 0.000000e+00 0.000000e+00 1.000000e+00 0.000000e+00 0.000000e+00 0.000000e+00 0.000000e+00 0.000000e+00 0.000000e+00
       2 7.099998e-02 1.600000e-01 2.000000e-01 5.348095e-01 -8.449727e-01 -2.602503e-17 8.449727e-01 5.348095e-01 2.437904e-16 -2.255830e-16 -1.119809e-16 1.000000e+00 6.720555e-16 5.846858e-16 1.342599e-15 -8.879120e-18 4.649896e-15 2.136552e+01
       1 -1.322131e-01 4.215395e-02 2.000000e-01 1.000000e+00 0.000000e+00 0.000000e+00 0.000000e+00 1.000000e+00 0.000000e+00 0.000000e+00 0.000000e+00 1.000000e+00 0.000000e+00 0.000000e+00 0.000000e+00 0.000000e+00 0.000000e+00 0.000000e+00
       2 7.099998e-02 1.600000e-01 2.000000e-01 3.455810e-01 -9.383889e-01 -2.474138e-17 9.383889e-01 3.455810e-01 2.384037e-16 -2.486705e-16 -6.521384e-17 1.000000e+00 -5.558852e-16 3.459989e-16 -1.732448e-15 3.298136e-16 4.627556e-15 2.064822e+01
       1 -1.322131e-01 4.215395e-02 2.000000e-01 1.000000e+00 0.000000e+00 0.000000e+00 0.000000e+00 1.000000e+00 0.000000e+00 0.000000e+00 0.000000e+00 1.000000e+00 0.000000e+00 0.000000e+00 0.000000e+00 0.000000e+00 0.000000e+00 0.000000e+00
       2 7.099998e-02 1.600000e-01 2.000000e-01 1.482872e-01 -9.889443e-01 -2.245700e-17 9.889443e-01 1.482872e-01 2.335723e-16 -2.611651e-16 -1.645352e-17 1.000000e+00 -1.085404e-15 1.528908e-15 9.802405e-16 3.475748e-16 4.730035e-15 1.991006e+01
       1 -1.322131e-01 4.215395e-02 2.000000e-01 1.000000e+00 0.000000e+00 0.000000e+00 0.000000e+00 1.000000e+00 0.000000e+00 0.000000e+00 0.000000e+00 1.000000e+00 0.000000e+00 0.000000e+00 0.000000e+00 0.000000e+00 0.000000e+00 0.000000e+00
       2 7.099998e-02 1.600000e-01 2.000000e-01 -4.756360e-02 -9.988682e-01 -1.937622e-17 9.988682e-01 -4.756360e-02 2.294506e-16 -2.636178e-16 3.195019e-17 1.000000e+00 2.747363e-15 1.469345e-15 -1.020156e-15 1.949290e-16 4.623740e-15 1.915172e+01
       1 -1.322131e-01 4.215395e-02 2.000000e-01 1.000000e+00 0.000000e+00 0.000000e+00 0.000000e+00 1.000000e+00 0.000000e+00 0.000000e+00 0.000000e+00 1.000000e+00 0.000000e+00 0.000000e+00 0.000000e+00 0.000000e+00 0.000000e+00 0.000000e+00
       2 7.099998e-02 1.600000e-01 2.000000e-01 -2.340111e-01 -9.722339e-01 -1.571470e-17 9.722339e-01 -2.340111e-01 2.261315e-16 -2.570354e-16 7.802988e-17 1.000000e+00 4.059977e-15 -1.415459e-15 7.034433e-16 1.492202e-16 4.353329e-15 1.837390e+01
       1 -1.322131e-01 4.215395e-02 2.000000e-01 1.000000e+00 0.000000e+00 0.000000e+00 0.000000e+00 1.000000e+00 0.000000e+00 0.000000e+00 0.000000e+00 1.000000e+00 0.000000e+00 0.000000e+00 0.000000e+00 0.000000e+00 0.000000e+00 0.000000e+00
       2 7.099998e-02 1.600000e-01 2.000000e-01 -4.048702e-01 -9.143742e-01 -1.168375e-17 9.143742e-01 -4.048702e-01 2.236503e-16 -2.427357e-16 1.202570e-16 1.000000e+00 -1.303959e-15 1.877469e-16 3.269231e-16 2.319915e-16 4.127031e-15 1.757732e+01
       1 -1.322131e-01 4.215395e-02 2.000000e-01 1.000000e+00 0.000000e+00 0.000000e+00 0.000000e+00 1.000000e+00 0.000000e+00 0.000000e+00 0.000000e+00 1.000000e+00 0.000000e+00 0.000000e+00 0.000000e+00 0.000000e+00 0.000000e+00 0.000000e+00
       2 7.099998e-02 1.600000e-01 2.000000e-01 -5.557877e-01 -8.313242e-01 -7.478180e-18 8.313242e-01 -5.557877e-01 2.219938e-16 -2.222103e-16 1.575556e-16 1.000000e+00 3.262108e-15 -1.411708e-15 1.769422e-15 3.002757e-16 3.999093e-15 1.676273e+01
       1 -1.322131e-01 4.215395e-02 2.000000e-01 1.000000e+00 0.000000e+00 0.000000e+00 0.000000e+00 1.000000e+00 0.000000e+00 0.000000e+00 0.000000e+00 1.000000e+00 0.000000e+00 0.000000e+00 0.000000e+00 0.000000e+00 0.000000e+00 0.000000e+00
       2 7.099998e-02 1.600000e-01 2.000000e-01 -6.841597e-01 -7.293322e-01 -3.267784e-18 7.293322e-01 -6.841597e-01 2.211099e-16 -1.970035e-16 1.892822e-16 1.000000e+00 -2.959641e-15 -2.029330e-15 -1.063196e-15 2.890068e-16 3.880529e-15 1.593090e+01
       1 -1.322131e-01 4.215395e-02 2.000000e-01 1.000000e+00 0.000000e+00 0.000000e+00 0.000000e+00 1.000000e+00 0.000000e+00 0.000000e+00 0.000000e+00 1.000000e+00 0.000000e+00 0.000000e+00 0.000000e+00 0.000000e+00 0.000000e+00 0.000000e+00
       2 7.099998e-02 1.600000e-01 2.000000e-01 -7.889493e-01 -6.144583e-01 8.076829e-19 6.144583e-01 -7.889493e-01 2.209181e-16 -1.686130e-16 2.151805e-16 1.000000e+00 6.845094e-15 1.687655e-15 1.416994e-16 2.451289e-16 3.709110e-15 1.508261e+01
       1 -1.322131e-01 4.215395e-02 2.000000e-01 1.000000e+00 0.000000e+00 0.000000e+00 0.000000e+00 1.000000e+00 0.000000e+00 0.000000e+00 0.000000e+00 1.000000e+00 0.000000e+00 0.000000e+00 0.000000e+00 0.000000e+00 0.000000e+00 0.000000e+00
       2 7.099998e-02 1.600000e-01 2.000000e-01 -8.704399e-01 -4.922746e-01 4.640444e-18 4.922746e-01 -8.704399e-01 2.213193e-16 -1.384159e-16 2.353205e-16 1.000000e+00 -5.112508e-15 -8.097078e-16 -2.188890e-16 2.188244e-16 3.501624e-15 1.421869e+01
       1 -1.322131e-01 4.215395e-02 2.000000e-01 1.000000e+00 0.000000e+00 0.000000e+00 0.000000e+00 1.000000e+00 0.000000e+00 0.000000e+00 0.000000e+00 1.000000e+00 0.000000e+00 0.000000e+00 0.000000e+00 0.000000e+00 0.000000e+00 0.000000e+00
       2 7.099998e-02 1.600000e-01 2.000000e-01 -9.299586e-01 -3.676643e-01 8.154106e-18 3.676643e-01 -9.299586e-01 2.222049e-16 -1.076191e-16 2.500303e-16 1.000000e+00 -7.898656e-16 1.959992e-15 -1.242456e-15 2.106974e-16 3.291821e-15 1.333996e+01
       1 -1.322131e-01 4.215395e-02 2.000000e-01 1.000000e+00 0.000000e+00 0.000000e+00 0.000000e+00 1.000000e+00 0.000000e+00 0.000000e+00 0.000000e+00 1.000000e+00 0.000000e+00 0.000000e+00 0.000000e+00 0.000000e+00 0.000000e+00 0.000000e+00
       2 7.099998e-02 1.600000e-01 2.000000e-01 -9.695962e-01 -2.447103e-01 1.130126e-17 2.447103e-01 -9.695962e-01 2.234642e-16 -7.723158e-17 2.598266e-16 1.000000e+00 1.422753e-15 -8.587517e-16 1.256080e-15 2.018420e-16 3.086439e-15 1.244729e+01
       1 -1.322131e-01 4.215395e-02 2.000000e-01 1.000000e+00 0.000000e+00 0.000000e+00 0.000000e+00 1.000000e+00 0.000000e+00 0.000000e+00 0.000000e+00 1.000000e+00 0.000000e+00 0.000000e+00 0.000000e+00 0.000000e+00 0.000000e+00 0.000000e+00
       2 7.099998e-02 1.600000e-01 2.000000e-01 -9.919460e-01 -1.266617e-01 1.405972e-17 1.266617e-01 -9.919460e-01 2.249905e-16 -4.805643e-17 2.653502e-16 1.000000e+00 -2.615648e-15 -1.233666e-15 -5.268165e-16 1.857015e-16 2.876037e-15 1.154155e+01
       1 -1.322131e-01 4.215395e-02 2.000000e-01 1.000000e+00 0.000000e+00 0.000000e+00 0.000000e+00 1.000000e+00 0.000000e+00 0.000000e+00 0.000000e+00 1.000000e+00 0.000000e+00 0.000000e+00 0.000000e+00 0.000000e+00 0.000000e+00 0.000000e+00
       2 7.099998e-02 1.600000e-01 2.000000e-01 -9.998726e-01 -1.595989e-02 1.642818e-17 1.595989e-02 -9.998726e-01 2.266850e-16 -2.069701e-17 2.673093e-16 1.000000e+00 3.983355e-16 -1.673074e-15 1.866028e-15 1.670073e-16 2.655496e-15 1.062365e+01
       1 -1.322131e-01 4.215395e-02 2.000000e-01 1.000000e+00 0.000000e+00 0.000000e+00 0.000000e+00 1.000000e+00 0.000000e+00 0.000000e+00 0.000000e+00 1.000000e+00 0.000000e+00 0.000000e+00 0.000000e+00 0.000000e+00 0.000000e+00 0.000000e+00
       2 7.099998e-02 1.600000e-01 2.000000e-01 -9.963218e-01 8.569106e-02 1.842158e-17 -8.569106e-02 -9.963218e-01 2.284596e-16 4.425536e-18 2.664317e-16 1.000000e+00 -1.564884e-15 1.263760e-15 -3.957096e-16 1.500049e-16 2.426765e-15 9.694495e+00
       1 -1.322131e-01 4.215395e-02 2.000000e-01 1.000000e+00 0.000000e+00 0.000000e+00 0.000000e+00 1.000000e+00 0.000000e+00 0.000000e+00 0.000000e+00 1.000000e+00 0.000000e+00 0.000000e+00 0.000000e+00 0.000000e+00 0.000000e+00 0.000000e+00
       2 7.099998e-02 1.600000e-01 2.000000e-01 -9.841701e-01 1.772262e-01 2.006660e-17 -1.772262e-01 -9.841701e-01 2.302385e-16 2.704801e-17 2.634285e-16 1.000000e+00 3.683733e-15 1.744710e-15 1.801285e-15 1.350401e-16 2.192881e-15 8.755038e+00
       1 -1.322131e-01 4.215395e-02 2.000000e-01 1.000000e+00 0.000000e+00 0.000000e+00 0.000000e+00 1.000000e+00 0.000000e+00 0.000000e+00 0.000000e+00 1.000000e+00 0.000000e+00 0.000000e+00 0.000000e+00 0.000000e+00 0.000000e+00 0.000000e+00
       2 7.099998e-02 1.600000e-01 2.000000e-01 -9.661166e-01 2.581061e-01 2.139756e-17 -2.581061e-01 -9.661166e-01 2.319581e-16 4.703708e-17 2.589667e-16 1.000000e+00 -8.924982e-16 -5.403349e-16 -2.581165e-16 1.211286e-16 1.955198e-15 7.806236e+00
       1 -1.322131e-01 4.215395e-02 2.000000e-01 1.000000e+00 0.000000e+00 0.000000e+00 0.000000e+00 1.000000e+00 0.000000e+00 0.000000e+00 0.000000e+00 1.000000e+00 0.000000e+00 0.000000e+00 0.000000e+00 0.000000e+00 0.000000e+00 0.000000e+00
       2 7.099998e-02 1.600000e-01 2.000000e-01 -9.446085e-01 3.281992e-01 2.245281e-17 -3.281992e-01 -9.446085e-01 2.335667e-16 6.436027e-17 2.536510e-16 1.000000e+00 2.951457e-15 2.375367e-16 -1.585019e-15 1.077606e-16 1.714205e-15 6.849069e+00
       1 -1.322131e-01 4.215395e-02 2.000000e-01 1.000000e+00 0.000000e+00 0.000000e+00 0.000000e+00 1.000000e+00 0.000000e+00 0.000000e+00 0.000000e+00 1.000000e+00 0.000000e+00 0.000000e+00 0.000000e+00 0.000000e+00 0.000000e+00 0.000000e+00
       2 7.099998e-02 1.600000e-01 2.000000e-01 -9.217990e-01 3.876682e-01 2.327170e-17 -3.876682e-01 -9.217990e-01 2.350236e-16 7.905775e-17 2.480138e-16 1.000000e+00 -3.388090e-15 -8.015868e-16 -1.680567e-15 9.482371e-17 1.470482e-15 5.884531e+00
       1 -1.322131e-01 4.215395e-02 2.000000e-01 1.000000e+00 0.000000e+00 0.000000e+00 0.000000e+00 1.000000e+00 0.000000e+00 0.000000e+00 0.000000e+00 1.000000e+00 0.000000e+00 0.000000e+00 0.000000e+00 0.000000e+00 0.000000e+00 0.000000e+00
       2 7.099998e-02 1.600000e-01 2.000000e-01 -8.995271e-01 4.368651e-01 2.389319e-17 -4.368651e-01 -8.995271e-01 2.363000e-16 9.121856e-17 2.425111e-16 1.000000e+00 3.584157e-15 -1.062155e-15 -6.528688e-16 8.182982e-17 1.224966e-15 4.913634e+00
       1 -1.322131e-01 4.215395e-02 2.000000e-01 1.000000e+00 0.000000e+00 0.000000e+00 0.000000e+00 1.000000e+00 0.000000e+00 0.000000e+00 0.000000e+00 1.000000e+00 0.000000e+00 0.000000e+00 0.000000e+00 0.000000e+00 0.000000e+00 0.000000e+00
       2 7.099998e-02 1.600000e-01 2.000000e-01 -8.793155e-01 4.762397e-01 2.434917e-17 -4.762397e-01 -8.793155e-01 2.373666e-16 1.009487e-16 2.375151e-16 1.000000e+00 1.685303e-15 -1.556224e-17 -1.235695e-15 7.000155e-17 9.778069e-16 3.937406e+00
       1 -1.322131e-01 4.215395e-02 2.000000e-01 1.000000e+00 0.000000e+00 0.000000e+00 0.000000e+00 1.000000e+00 0.000000e+00 0.000000e+00 0.000000e+00 1.000000e+00 0.000000e+00 0.000000e+00 0.000000e+00 0.000000e+00 0.000000e+00 0.000000e+00
       2 7.099998e-02 1.600000e-01 2.000000e-01 -8.623796e-01 5.062622e-01 2.467134e-17 -5.062622e-01 -8.623796e-01 2.382105e-16 1.083678e-16 2.333287e-16 1.000000e+00 -3.624337e-15 -1.272264e-15 -7.598163e-16 5.719620e-17 7.306473e-16 2.956886e+00
       1 -1.322131e-01 4.215395e-02 2.000000e-01 1.000000e+00 0.000000e+00 0.000000e+00 0.000000e+00 1.000000e+00 0.000000e+00 0.000000e+00 0.000000e+00 1.000000e+00 0.000000e+00 0.000000e+00 0.000000e+00 0.000000e+00 0.000000e+00 0.000000e+00
       2 7.099998e-02 1.600000e-01 2.000000e-01 -8.496413e-01 5.273610e-01 2.488389e-17 -5.273610e-01 -8.496413e-01 2.388207e-16 1.135819e-16 2.301801e-16 1.000000e+00 3.690037e-15 -1.929330e-15 1.330826e-16 4.439571e-17 4.837972e-16 1.973124e+00
       1 -1.322131e-01 4.215395e-02 2.000000e-01 1.000000e+00 0.000000e+00 0.000000e+00 0.000000e+00 1.000000e+00 0.000000e+00 0.000000e+00 0.000000e+00 1.000000e+00 0.000000e+00 0.000000e+00 0.000000e+00 0.000000e+00 0.000000e+00 0.000000e+00
       2 7.099998e-02 1.600000e-01 2.000000e-01 -8.417451e-01 5.398751e-01 2.500436e-17 -5.398751e-01 -8.417451e-01 2.391896e-16 1.166746e-16 2.282284e-16 1.000000e+00 1.351006e-15 -9.792328e-16 1.328995e-15 3.143356e-17 2.380116e-16 9.871790e-01
       1 -1.322131e-01 4.215395e-02 2.000000e-01 1.000000e+00 0.000000e+00 0.000000e+00 0.000000e+00 1.000000e+00 0.000000e+00 0.000000e+00 0.000000e+00 1.000000e+00 0.000000e+00 0.000000e+00 0.000000e+00 0.000000e+00 0.000000e+00 0.000000e+00
       2 7.099998e-02 1.600000e-01 2.000000e-01 -8.390715e-01 5.440211e-01 2.504326e-17 -5.440211e-01 -8.390715e-01 2.393131e-16 1.176992e-16 2.275677e-16 1.000000e+00 -1.605899e-15 -8.270365e-16 -1.292555e-15 1.845601e-17 -5.954783e-18 1.160491e-04
       1 -1.322131e-01 4.215395e-02 2.000000e-01 1.000000e+00 0.000000e+00 0.000000e+00 0.000000e+00 1.000000e+00 0.000000e+00 0.000000e+00 0.000000e+00 1.000000e+00 0.000000e+00 0.000000e+00 0.000000e+00 0.000000e+00 0.000000e+00 0.000000e+00
       2 7.099998e-02 1.600000e-01 2.000000e-01 -8.417464e-01 5.398732e-01 2.500450e-17 -5.398732e-01 -8.417464e-01 2.391898e-16 1.166744e-16 2.282288e-16 1.000000e+00 -2.080551e-16 9.774844e-16 3.679486e-16 5.728848e-18 -2.473307e-16 -9.869953e-01
       1 -1.322131e-01 4.215395e-02 2.000000e-01 1.000000e+00 0.000000e+00 0.000000e+00 0.000000e+00 1.000000e+00 0.000000e+00 0.000000e+00 0.000000e+00 1.000000e+00 0.000000e+00 0.000000e+00 0.000000e+00 0.000000e+00 0.000000e+00 0.000000e+00
       2 7.099998e-02 1.600000e-01 2.000000e-01 -8.496438e-01 5.273571e-01 2.488393e-17 -5.273571e-01 -8.496438e-01 2.388209e-16 1.135811e-16 2.301809e-16 1.000000e+00 2.795927e-15 -4.787540e-16 5.442282e-16 -6.276830e-18 -4.856448e-16 -1.973085e+00
       1 -1.322131e-01 4.215395e-02 2.000000e-01 1.000000e+00 0.000000e+00 0.000000e+00 0.000000e+00 1.000000e+00 0.000000e+00 0.000000e+00 0.000000e+00 1.000000e+00 0.000000e+00 0.000000e+00 0.000000e+00 0.000000e+00 0.000000e+00 0.000000e+00
       2 7.099998e-02 1.600000e-01 2.000000e-01 -8.623831e-01 5.062562e-01 2.467141e-17 -5.062562e-01 -8.623831e-01 2.382104e-16 1.083665e-16 2.333295e-16 1.000000e+00 -1.210551e-15 1.057244e-15 1.930312e-15 -1.693600e-17 -7.201854e-16 -2.957082e+00
       1 -1.322131e-01 4.215395e-02 2.000000e-01 1.000000e+00 0.000000e+00 0.000000e+00 0.000000e+00 1.000000e+00 0.000000e+00 0.000000e+00 0.000000e+00 1.000000e+00 0.000000e+00 0.000000e+00 0.000000e+00 0.000000e+00 0.000000e+00 0.000000e+00
       2 7.099998e-02 1.600000e-01 2.000000e-01 -8.793199e-01 4.762316e-01 2.434883e-17 -4.762316e-01 -8.793199e-01 2.373655e-16 1.009461e-16 2.375155e-16 1.000000e+00 -2.310489e-15 1.900460e-15 1.410375e-15 -2.546652e-17 -9.508539e-16 -3.937924e+00
       1 -1.322131e-01 4.215395e-02 2.000000e-01 1.000000e+00 0.000000e+00 0.000000e+00 0.000000e+00 1.000000e+00 0.000000e+00 0.000000e+00 0.000000e+00 1.000000e+00 0.000000e+00 0.000000e+00 0.000000e+00 0.000000e+00 0.000000e+00 0.000000e+00
       2 7.099998e-02 1.600000e-01 2.000000e-01 -8.995321e-01 4.368547e-01 2.389200e-17 -4.368547e-01 -8.995321e-01 2.362975e-16 9.121407e-17 2.425108e-16 1.000000e+00 2.164033e-15 -3.266887e-16 1.795795e-17 -3.095337e-17 -1.177451e-15 -4.914549e+00
