1 0.01503650608232607 0.02000685600832166 0.02190382736368595 1 0 0 0 1 0 0 0 1 0 -0 -0 0 -0 0 
2 0.02003650608232608 0.02200685600832166 0.03190382736368595 6.123233995736766e-17 0 1 1 6.123233995736766e-17 -6.123233995736766e-17 -6.123233995736766e-17 1 3.749399456654644e-33 -0 -0 0 0 0 0 
3 0.02003650608232607 0.02200685600832166 0.01190382736368595 6.123233995736766e-17 0 1 1 6.123233995736766e-17 -6.123233995736766e-17 -6.123233995736766e-17 1 3.749399456654644e-33 0 0 0 0 0 0 
4 0.02884222035448264 0.02393727185994924 0.03371720527954614 0.1934672920890961 0.05400857953479291 0.9796190485226113 0.9721607694952663 -0.1450829415556296 -0.1839955932187979 0.1321886725331786 0.9879443372003301 -0.08057382607097884 -0 -0 0 0 0 0 
5 0.0304487512299992 0.02421148871896599 0.03400679751052441 -0.9739104311024844 -0.1146174645522994 0.1958604324752074 0.2258020164278737 -0.5754949462725553 0.7860146412070548 0.02262568378810097 0.8097335386621646 0.5863613858353649 -0 0 0 0 0 0 
6 0.02884222035448263 0.02408305355351995 0.01025936739784396 0.1959907613745512 -0.04397887250779522 0.979619048522826 0.9753774279604072 0.1117654823943376 -0.1901245643532207 -0.1011261315445453 0.9927609660528078 0.06480100154111219 -0 -0 0 0 0 0 
7 0.03044639311237269 0.02435535873114011 0.009955262723291485 -0.9783719687075091 0.07573136054626697 0.1924916930083067 0.2008463805304745 0.5704212575266769 0.7964171773571262 -0.04948759718556457 0.8178535015462707 -0.5732945383773541 -0 0 0 0 0 0 
8 0.05529193466460064 0.01894969031598694 0.01200899443944022 0.1831830247099858 -0.08240448549101288 0.9796190485229767 0.9779695177362155 -0.08618742604595925 -0.190124564352864 0.1000979612024878 0.9928651612190518 0.0648010015398798 0 -0 0 0 0 0 
9 0.05529193466459995 0.01896939084309771 0.0315417119755841 0.1755327458624548 0.09764617196994088 0.9796190485232531 0.979185537825958 0.08568141099739429 -0.1839955932134932 -0.1019016076540332 0.9915260565961505 -0.08057382607529039 0 -0 0 0 0 0 
10 0.05688060910543919 0.01937490045027596 0.03131438956245638 -0.9571004771601288 -0.2343909802527609 0.1703512400776809 0.126765549333407 0.1899495522616121 0.9735757099978474 -0.260555506796639 0.9534044451185252 -0.1520881057354047 -0 0 -0 0 0 0 
11 0.05688711070998117 0.01934602194040291 0.01220478674708259 -0.9548808728251202 0.2365000207315087 0.1796392465658115 0.1381538561193028 -0.1817162772785643 0.9735978156361007 0.2628992787211548 0.9544877865986635 0.1408440076179341 0 -0 -0 0 0 0 
12 0.05209976308931411 0.0117608146024062 0.04289137627502904 -0.8132775261315214 0.06659835395068535 0.5780521816760593 0.5625952532523159 0.3436113076851834 0.7519427173986333 -0.1485471188120296 0.9367475265416704 -0.3169192720720962 -0 0 -0 0 0 0 
13 0.05227987907489473 0.01225592535226063 0.001033454938348678 -0.8255479373551571 -0.001920787922291351 0.5643287284042903 0.5252928628472578 -0.3680852149745414 0.7671901216510009 0.2062474517912343 0.9297900758186781 0.3048809661797851 -0 -0 -0 0 0 0 
14 0.04240306640268675 0.02340359702026173 0.04211633308844411 -0.7240431744670544 -0.4530192458690881 0.5201298341566973 0.6517314278117385 -0.202414138236796 0.7309409433355939 -0.225848682772655 0.8682177604230737 0.4418034551424407 -0 -0 -0 0 0 0 
15 0.04235228656498818 0.02339076924328773 0.001486359724363758 -0.72548849295484 0.4510771459330115 0.5198036696744684 0.6525454368956434 0.210781372751188 0.7278431600886269 0.2187484842845522 0.8672373500478709 -0.4472677937267086 -0 -0 -0 -0 0 0 
16 0.04095291075707648 0.02386953550164442 0.04146829764568542 0.6403489065416875 -0.2563489016916886 0.7240431744670549 0.7568182822552615 0.04972156118495041 -0.6517314278117378 0.1310700787176856 0.9653046187369022 0.2258486827726553 0 0 0 0 0 0 
17 0.0409001912567838 0.02386009718656915 0.002127569906399283 0.6496694718675229 0.2271475817909871 0.7254884929548371 0.7542247265410452 -0.07300352498855942 -0.6525454368956467 -0.09526090067524862 0.9711202095650938 -0.2187484842845518 0 0 0 0 0 -0 
18 0.0517993623087718 0.05103223025228911 0.148100219060098 -0.7443835918217504 0.6643651881547454 0.06717116192726841 -0.4244971642030486 -0.5484626827170522 0.7204101909678847 0.515456327742826 0.5077475577833178 0.6902877601080266 0 0 0 0 0 0 
19 0.05102778226872458 0.04698788534841247 -0.1050382820656185 -0.7348362691881971 0.6763548521119761 -0.05059418454880366 -0.4756229500897993 -0.5670525650268441 -0.6724836041453747 -0.4835271107533142 -0.4701015874479298 0.7383806813869715 0 0 0 0 0 0 
1 0.01503650608232607 0.02000685600832166 0.02190382736368595 1 0 0 0 1 0 0 0 1 0 -0 -0 0 -0 0 
2 0.02003650608232608 0.02200685600832166 0.03190382736368595 6.123233995736766e-17 0 1 1 6.123233995736766e-17 -6.123233995736766e-17 -6.123233995736766e-17 1 3.749399456654644e-33 0 -0 0 0 0 0 
3 0.02003650608232607 0.02200685600832166 0.01190382736368595 6.123233995736766e-17 0 1 1 6.123233995736766e-17 -6.123233995736766e-17 -6.123233995736766e-17 1 3.749399456654644e-33 -0 -0 0 0 0 0 
4 0.02884222035448264 0.02393727185994924 0.03371720527954614 0.193467292089096 0.05400857953479309 0.9796190485226113 0.9721607694952664 -0.145082941555629 -0.1839955932187978 0.132188672533178 0.9879443372003303 -0.08057382607097888 -0 -0 0 0 0 0 
5 0.0304487512299992 0.02421148871896599 0.03400679751052441 -0.9739104311024844 -0.114617464552299 0.1958604324752074 0.2258020164278735 -0.5754949462725553 0.7860146412070548 0.02262568378810133 0.8097335386621646 0.5863613858353648 0 -0 0 0 0 0 
6 0.02884222035448263 0.02408305355351995 0.01025936739784396 0.1959907613745512 -0.04397887250779525 0.979619048522826 0.9753774279604071 0.1117654823943375 -0.1901245643532207 -0.1011261315445452 0.9927609660528077 0.06480100154111219 -0 -0 0 0 0 0 
7 0.03044639311237269 0.02435535873114011 0.009955262723291485 -0.9783719687075092 0.07573136054626613 0.1924916930083068 0.2008463805304741 0.5704212575266768 0.7964171773571266 -0.04948759718556525 0.8178535015462709 -0.5732945383773538 0 0 0 0 0 0 
8 0.05529193466460065 0.01894969031598694 0.01200899443944022 0.1831830247099859 -0.0824044854910127 0.9796190485229767 0.9779695177362155 -0.08618742604595847 -0.190124564352864 0.100097961202487 0.9928651612190519 0.06480100153987976 0 -0 0 0 0 0 
9 0.05529193466459995 0.01896939084309771 0.0315417119755841 0.1755327458624546 0.09764617196994077 0.9796190485232531 0.979185537825958 0.08568141099739379 -0.1839955932134929 -0.1019016076540327 0.9915260565961503 -0.08057382607529039 0 0 0 0 0 0 
10 0.0568806091054392 0.01937490045027596 0.03131438956245638 -0.9571004771601288 -0.2343909802527609 0.170351240077681 0.1267655493334071 0.1899495522616119 0.9735757099978475 -0.260555506796639 0.9534044451185253 -0.1520881057354045 -0 0 -0 0 0 0 
11 0.05688711070998118 0.0193460219404029 0.01220478674708259 -0.9548808728251202 0.2365000207315087 0.1796392465658115 0.1381538561193029 -0.1817162772785639 0.9735978156361008 0.2628992787211547 0.9544877865986636 0.1408440076179337 0 -0 -0 0 0 0 
12 0.05209976308931412 0.01176081460240621 0.04289137627502904 -0.8132775261315215 0.06659835395068571 0.5780521816760591 0.5625952532523157 0.3436113076851836 0.7519427173986333 -0.1485471188120294 0.9367475265416703 -0.3169192720720966 -0 0 -0 0 0 0 
13 0.05227987907489474 0.01225592535226064 0.001033454938348686 -0.8255479373551575 -0.001920787922292086 0.5643287284042896 0.5252928628472575 -0.3680852149745413 0.7671901216510012 0.2062474517912334 0.9297900758186782 0.3048809661797856 -0 -0 -0 0 0 0 
14 0.04240306640268675 0.02340359702026173 0.04211633308844411 -0.7240431744670544 -0.453019245869088 0.5201298341566974 0.6517314278117385 -0.2024141382367959 0.7309409433355938 -0.225848682772655 0.8682177604230737 0.4418034551424406 -0 -0 -0 0 0 0 
15 0.04235228656498819 0.02339076924328773 0.001486359724363755 -0.7254884929548399 0.4510771459330114 0.5198036696744686 0.6525454368956436 0.2107813727511884 0.7278431600886266 0.2187484842845518 0.8672373500478709 -0.4472677937267089 -0 -0 -0 -0 0 0 
16 0.04095291075707648 0.02386953550164442 0.04146829764568542 0.6403489065416875 -0.2563489016916884 0.724043174467055 0.7568182822552617 0.04972156118495058 -0.6517314278117377 0.1310700787176853 0.9653046187369023 0.2258486827726552 0 0 0 0 0 0 
17 0.0409001912567838 0.02386009718656916 0.002127569906399283 0.6496694718675233 0.2271475817909867 0.725488492954837 0.754224726541045 -0.07300352498855983 -0.652545436895647 -0.09526090067524801 0.9711202095650938 -0.2187484842845518 0 0 0 0 0 -0 
18 0.05179936230877183 0.05103223025228912 0.148100219060098 -0.7443835918217487 0.6643651881547475 0.06717116192726733 -0.4244971642030506 -0.5484626827170505 0.7204101909678848 0.5154563277428269 0.5077475577833171 0.6902877601080266 0 0 0 0 0 0 
19 0.05102778226872467 0.04698788534841247 -0.1050382820656185 -0.7348362691881961 0.676354852111977 -0.05059418454880385 -0.4756229500897998 -0.5670525650268435 -0.6724836041453747 -0.4835271107533149 -0.4701015874479291 0.7383806813869715 0 0 0 0 0 0 
1 0.01503650608232607 0.02000685600832166 0.02190382736368595 1 0 0 0 1 0 0 0 1 0 -0 -0 0 -0 0 
2 0.02003650608232608 0.02200685600832166 0.03190382736368595 6.123233995736766e-17 0 1 1 6.123233995736766e-17 -6.123233995736766e-17 -6.123233995736766e-17 1 3.749399456654644e-33 0 -0 0 0 0 0 
3 0.02003650608232607 0.02200685600832166 0.01190382736368595 6.123233995736766e-17 0 1 1 6.123233995736766e-17 -6.123233995736766e-17 -6.123233995736766e-17 1 3.749399456654644e-33 -0 -0 0 0 0 0 
4 0.02884222035448264 0.02393727185994924 0.03371720527954614 0.1934672920890961 0.05400857953479282 0.9796190485226113 0.9721607694952663 -0.145082941555629 -0.1839955932187979 0.132188672533178 0.9879443372003303 -0.08057382607097863 -0 -0 0 0 0 0 
5 0.0304487512299992 0.02421148871896599 0.03400679751052441 -0.9739104311024844 -0.114617464552299 0.1958604324752075 0.2258020164278735 -0.5754949462725552 0.7860146412070548 0.02262568378810134 0.8097335386621646 0.5863613858353648 0 -0 0 0 0 0 
6 0.02884222035448263 0.02408305355351995 0.01025936739784396 0.1959907613745512 -0.04397887250779534 0.979619048522826 0.9753774279604072 0.1117654823943368 -0.1901245643532207 -0.1011261315445445 0.9927609660528078 0.06480100154111215 -0 -0 0 0 0 0 
7 0.03044639311237269 0.02435535873114011 0.009955262723291485 -0.9783719687075091 0.07573136054626697 0.1924916930083068 0.2008463805304746 0.5704212575266762 0.7964171773571268 -0.04948759718556445 0.8178535015462712 -0.5732945383773533 0 0 0 0 0 0 
8 0.05529193466460065 0.01894969031598694 0.01200899443944022 0.1831830247099858 -0.08240448549101288 0.9796190485229767 0.9779695177362157 -0.08618742604595858 -0.190124564352864 0.1000979612024872 0.992865161219052 0.06480100153987993 0 -0 0 0 0 0 
9 0.05529193466459995 0.01896939084309771 0.0315417119755841 0.1755327458624548 0.09764617196994088 0.9796190485232531 0.979185537825958 0.08568141099739429 -0.1839955932134932 -0.1019016076540332 0.9915260565961505 -0.08057382607529039 0 0 0 0 0 -0 
10 0.0568806091054392 0.01937490045027596 0.03131438956245638 -0.9571004771601288 -0.2343909802527609 0.170351240077681 0.126765549333407 0.1899495522616123 0.9735757099978474 -0.2605555067966391 0.9534044451185252 -0.1520881057354049 -0 0 -0 0 0 0 
11 0.05688711070998116 0.01934602194040291 0.01220478674708259 -0.9548808728251205 0.2365000207315078 0.1796392465658115 0.1381538561193031 -0.181716277278564 0.9735978156361008 0.2628992787211539 0.9544877865986638 0.1408440076179339 0 -0 -0 0 0 0 
12 0.05209976308931411 0.0117608146024062 0.04289137627502904 -0.8132775261315215 0.06659835395068535 0.5780521816760591 0.5625952532523156 0.3436113076851834 0.7519427173986334 -0.1485471188120296 0.9367475265416704 -0.3169192720720962 -0 0 -0 0 0 0 
13 0.05227987907489473 0.01225592535226063 0.00103345493834867 -0.825547937355157 -0.001920787922292818 0.5643287284042905 0.5252928628472586 -0.3680852149745408 0.7671901216510006 0.2062474517912329 0.9297900758186785 0.3048809661797854 -0 -0 -0 0 0 0 
14 0.04240306640268675 0.02340359702026173 0.04211633308844411 -0.7240431744670541 -0.4530192458690883 0.5201298341566974 0.6517314278117385 -0.2024141382367953 0.7309409433355941 -0.2258486827726557 0.8682177604230739 0.4418034551424403 -0 -0 -0 0 0 0 
15 0.04235228656498819 0.02339076924328773 0.00148635972436374 -0.72548849295484 0.4510771459330106 0.5198036696744692 0.6525454368956438 0.2107813727511881 0.7278431600886265 0.2187484842845512 0.8672373500478714 -0.4472677937267083 -0 -0 -0 -0 0 0 
16 0.04095291075707648 0.02386953550164442 0.04146829764568542 0.6403489065416874 -0.2563489016916887 0.724043174467055 0.7568182822552617 0.04972156118495064 -0.6517314278117377 0.1310700787176854 0.9653046187369021 0.2258486827726555 0 0 0 0 0 0 
17 0.0409001912567838 0.02386009718656916 0.002127569906399264 0.6496694718675234 0.2271475817909856 0.7254884929548371 0.7542247265410448 -0.07300352498855964 -0.652545436895647 -0.09526090067524751 0.971120209565094 -0.2187484842845508 0 0 0 0 0 -0 
18 0.05179936230877181 0.05103223025228913 0.148100219060098 -0.7443835918217506 0.6643651881547451 0.0671711619272687 -0.4244971642030482 -0.5484626827170523 0.7204101909678848 0.5154563277428259 0.507747557783318 0.6902877601080265 0 0 0 0 0 0 
19 0.05102778226872475 0.04698788534841244 -0.1050382820656185 -0.7348362691881982 0.6763548521119747 -0.05059418454880608 -0.4756229500897972 -0.5670525650268463 -0.6724836041453742 -0.4835271107533145 -0.4701015874479292 0.7383806813869718 0 0 0 0 0 0 
1 0.01503650608232607 0.02000685600832166 0.02190382736368595 1 0 0 0 1 0 0 0 1 2.075230720773036e-20 2.981555974335137e-19 2.371692252312041e-19 0 0 -8.673615685818176e-19 
2 0.02003650608232601 0.02200685600832166 0.03190382736368595 6.123233995736766e-17 0 1 0.9999998046875064 0.0006249999593098335 -6.123232799792665e-17 -0.0006249999593098335 0.9999998046875064 3.827020998180068e-20 5.34077373563113e-20 3.544832884259247e-19 -8.089164646278568e-20 -0.02500000000000008 7.806255641895632e-18 -6.938893903907228e-18 
3 0.020036506082326 0.02200685600832166 0.01190382736368596 6.123233995736766e-17 0 1 0.9999998046875064 -0.0006249999593099331 -6.123232799792665e-17 0.0006249999593099331 0.9999998046875064 -3.827020998180678e-20 4.684793424076189e-20 3.019672456961581e-19 -3.853999910007067e-20 0.02500000000000008 -5.204170427930421e-18 3.469446951953614e-18 
4 0.02884222035448162 0.02393840484403873 0.0337159984155421 0.1934895111154764 0.05392892414974252 0.9796190485226108 0.9721836384716028 -0.1448657099565734 -0.1840459159201694 0.1319878107114824 0.9879805652029949 -0.08045881309564956 1.172611236355172e-19 4.53042762964051e-05 -4.828872089292681e-05 -0.008803271784139383 -0.003042960101579321 -0.001330281939951424 
5 0.03044873837782048 0.0242126326550748 0.03400565156736714 -0.9739366176757027 -0.1144261661516548 0.1958420722169933 0.225678781805125 -0.575374609869628 0.7861381212995132 0.0227277846119442 0.8098461031685016 0.5862019592166386 -5.166026798833075e-07 4.57170498021403e-05 -4.581425259668001e-05 -0.006630070455479093 0.0056805812211333 0.005174627154432403 
6 0.02884222035448262 0.02408408093542437 0.01026066534240881 0.1960143744011857 -0.04387350908402725 0.9796190485228253 0.9753805530929687 0.1116693280788609 -0.1901650278428462 -0.1010501938452695 0.9927764483342006 0.06468216103968655 6.146282823514017e-20 4.107905053192913e-05 5.193062317756792e-05 0.003928024358480147 0.004090521555920966 -0.001391337708188009 
7 0.03044637149792238 0.02435636021307283 0.009956423491302902 -0.9783815445450975 0.0756861142983011 0.1924608152221484 0.2007986101023301 0.5703686697902228 0.7964668848751366 -0.0494921354815272 0.8178943651989273 -0.5732358466646358 -8.656754240111535e-07 4.00422039584402e-05 4.64383279812844e-05 0.002759391601890804 -0.0007456695935830497 0.002089382182197146 
8 0.05529193466460065 0.01894962518367152 0.01200708369046646 0.1832370143995987 -0.08228436257795677 0.9796190485229759 0.9779634715357092 -0.08616675999182744 -0.1901650278424903 0.1000582075381404 0.9928769174211123 0.06468216103845234 7.707999820014135e-20 -2.581408169512189e-06 -7.643077061625378e-05 -0.0006933079926110084 0.004987621093268141 -0.001696474448607647 
9 0.05529193466459995 0.01896916511424978 0.03154361046191443 0.1755957389119259 0.0975328470125461 0.9796190485232522 0.9791771605863644 0.08566906688577464 -0.1840459159148767 -0.101873571950727 0.991538276988109 -0.08045881309994635 1.429368098491632e-20 -9.005422544288019e-06 7.594227235179709e-05 0.000295241638803214 -0.004752343191692312 -0.002077567930515881 
10 0.05688065716945439 0.01937459381936994 0.03131647973384433 -0.9570901282960348 -0.2343833249072482 0.1704199029565004 0.1268392383905108 0.189940031103309 0.97356796998925 -0.260557659497461 0.9534082239995086 -0.1520607263145479 1.921708845035705e-06 -1.223904302248449e-05 8.361212636654791e-05 0.001086076289813187 -0.0002344947923920173 -0.002783206704749802 
11 0.05688715192875884 0.01934589247900464 0.0122026702717571 -0.9548699328066038 0.2364994573028096 0.1796981305339276 0.1382202189865823 -0.1816936232516541 0.97359262442409 0.2629041317385735 0.9544922388187148 0.1408047710470931 1.647769099757488e-06 -5.152051758078141e-06 -8.466184517437949e-05 -0.001535288107485466 0.0004258283393988999 -0.002356218748388885 
12 0.05210264915662875 0.01176626658646544 0.04288920153251651 -0.8133582105184123 0.06685859914311874 0.5779085992636777 0.5625364584109237 0.3436584906728577 0.7519651419759752 -0.1483278609728507 0.9367116789648099 -0.3171278545794196 0.0001143524282616362 0.0002166665266812936 -8.630076758123208e-05 -0.001792598608778501 0.01197501983762128 0.002520060203382577 
13 0.05228065850837615 0.01225868614522498 0.001034190339768944 -0.8255789552338083 -0.002064052369917875 0.5642828442925301 0.525300064693937 -0.3680573356272588 0.7671985660332721 0.2061049021920614 0.9298008052151695 0.304944637456741 3.106402718733573e-05 0.0001102823094275143 2.933727167731349e-05 -0.001204269047371675 -0.006134659879419571 -5.262350150621667e-05 
14 0.04240333186775654 0.02340400549015661 0.04211844790625684 -0.7240695518117921 -0.4529216161312457 0.5201781365841235 0.651755292918316 -0.2025112643305335 0.7308927595565637 -0.2256951977602331 0.8682460466136943 0.4418263009913058 1.060338913935119e-05 1.632258430867095e-05 8.45935174530725e-05 0.004432936438813949 0.004468117020969631 5.953261005217387e-05 
15 0.0423524522636731 0.02339108557591247 0.001484242683444507 -0.7255030597998707 0.451009753547412 0.5198418148111289 0.6525707101643876 0.2108681229518616 0.7277953716246796 0.2186247434682818 0.8672513112863315 -0.447301223579331 6.614918694646496e-06 1.263900568771812e-05 -8.468309500649918e-05 -0.004085748688608398 -0.003144899050291483 -0.0001616585838864822 
16 0.04095310284442533 0.02387001349785535 0.04147062669892283 0.6404194203563223 -0.2560981260568399 0.724069551811597 0.7567937174168367 0.04978260168981896 -0.6517552929185908 0.1308672430705155 0.9653680346889304 0.225695197760065 7.681105503294885e-06 1.910799862557771e-05 9.313909431463326e-05 -0.001971498392796674 0.01023292827316602 -0.001936753771893831 
17 0.04090030840360542 0.02386048488102194 0.002125290655152492 0.6497028650732924 0.2270055006747377 0.7255030597998652 0.7542050264158644 -0.07298113704638559 -0.6525707101643942 -0.09518910255171142 0.9711551144378678 -0.2186247434682804 4.674769964171983e-06 1.549291811747715e-05 -9.116778844819729e-05 -0.001170884251912212 -0.005766742100839783 -0.001040030468208129 
18 0.0518339490585634 0.05103420372163631 0.1480994667972871 -0.7429285418653203 0.6660674056831909 0.06641831651233461 -0.4260723669662683 -0.5470879037828544 0.7205256162290441 0.5162552854834812 0.5070000361153298 0.6902401347280694 0.001375565008652508 7.578028988635283e-05 -2.897413975840469e-05 0.001443572734674631 0.04348823172495843 0.08314069232175141 
19 0.05104891057525107 0.04698322580352446 -0.1050402237607299 -0.7341325258312446 0.6771385628714048 -0.05032694297377413 -0.4763573809384511 -0.5664329719800012 -0.6724859358227223 -0.4838730000135329 -0.4697201879058976 0.738396820775626 0.0008440395062497058 -0.0001867357945332978 -7.771104013449089e-05 -0.00250081541816337 -0.02042327402264565 0.03829474096660421 
1 0.01503650608232607 0.02000685600832166 0.02190382736368595 1 0 0 0 1 0 0 0 1 -1.372193374551967e-19 -5.827586677109586e-19 -2.290377089375628e-18 -0 1.040850552123667e-17 -3.469392064363355e-18 
2 0.02003650608232608 0.02200685600832166 0.03190382736368595 6.123233995736766e-17 0 1 0.9999841797292137 0.005624970336961042 -6.123137124516866e-17 -0.005624970336961042 0.9999841797292137 3.444300959229075e-19 -5.374123621269234e-20 -1.048626788700824e-18 -3.049318610115481e-20 -0.07499999999999998 1.734723475976807e-17 -1.387778780781446e-17 
3 0.02003650608232608 0.02200685600832166 0.01190382736368595 6.123233995736766e-17 0 1 0.9999841797292137 -0.00562497033696092 -6.123137124516866e-17 0.00562497033696092 0.9999841797292137 -3.444300959229e-19 7.307688729179359e-20 5.082197683525802e-20 1.10114283143059e-19 0.07500000000000001 -6.938893903907228e-18 2.081668171172169e-17 
4 0.02884222035448263 0.02394744151723415 0.03370631805951307 0.193671763873327 0.05327070160836955 0.9796190485226113 0.9723500234814428 -0.1432310683947571 -0.1844459077402743 0.130486320025632 0.9882545691251057 -0.07953758161724482 -1.672890070827243e-19 0.0001351868021870323 -0.000145543913168437 -0.02379176006905734 -0.0096416564297 -0.004157717807882015 
5 0.03044863134334687 0.02422171625135287 0.03399651989458763 -0.9741319528609429 -0.1130163209120196 0.1956891658289676 0.2247581949624124 -0.5744708189349683 0.787062279612881 0.02346683217999279 0.8106852591479002 0.5850117250002241 -1.657669442761196e-06 0.0001354122110435367 -0.000136580928996067 -0.01778188384384785 0.01453007971096306 0.0138087753428948 
6 0.02884222035448263 0.02409227074604076 0.01027107196325133 0.196201840028816 -0.0430274068535391 0.979619048522826 0.975404157802972 0.110913433784759 -0.1904860602426034 -0.1004567912586389 0.9928982085115946 0.06373053133690611 1.850766989750646e-19 0.0001224566550325968 0.0001564061053289326 0.0114236748032774 0.01236236037844262 -0.004136049611677825 
7 0.03044619661099994 0.0243643414217532 0.009965723447705389 -0.9784574712880816 0.07533868390751251 0.1922109767615182 0.2004219840912394 0.5699563621475483 0.7968568086804955 -0.04951772585109287 0.8182138033268668 -0.5727775893590106 -2.649530577571951e-06 0.0001193107318029483 0.0001396852197302472 0.007986983535708557 -0.001885269398148333 0.006105091517590621 
8 0.05529193466460065 0.01894914711949448 0.01199179630933404 0.183666325574654 -0.08132158766799268 0.9796190485229767 0.9779157547468323 -0.08599905506063976 -0.19048606024224 0.09973694133989885 0.9929707759586051 0.06373053133567569 1.990527426047606e-19 -6.597670923605868e-06 -0.0002293281666620381 -0.002154210673308318 0.01500256823753828 -0.005019378551701635 
9 0.05529193466459995 0.0189674020083025 0.03155880335580153 0.1760973713148561 0.09662419772703985 0.9796190485232531 0.9791107753190376 0.08556749835052574 -0.184445907734994 -0.1016454891775864 0.9916360056188152 -0.07953758162158611 -3.2991933295555e-19 -2.587680059133291e-05 0.0002279590500014367 0.0009721084129491473 -0.01430427932152968 -0.00616835471193424 
10 0.05688104013807596 0.01937218792394974 0.03133321045550935 -0.9570070649551077 -0.234324053821654 0.1709670009873159 0.1274272958672718 0.1898598078648988 0.9735068246424667 -0.2605758275319586 0.9534387715832047 -0.1518378969425771 5.7238069688411e-06 -3.545966607013346e-05 0.0002510835543594531 0.00335365502569409 -0.0007434642676155219 -0.008283435558306096 
11 0.05688747990765917 0.01934490432043677 0.0121857334518716 -0.9547823636308074 0.236496529498513 0.1801666718200887 0.1387493186660292 -0.1815087661998478 0.9735518447223659 0.262943462876112 0.9545281343825167 0.1404876364772032 4.896010420805198e-06 -1.418853503247806e-05 -0.0002541179874334116 -0.004688847148876149 0.001306361322234 -0.006995798963890931 
12 0.05212396824226796 0.01180758922247384 0.04287292461388773 -0.8139492529606542 0.06884513691080527 0.5768422320951589 0.5621247820915865 0.3439714474378686 0.7521298908473082 -0.1466367722069708 0.9364528768022606 -0.3186748602658999 0.0002987410898953811 0.0005925612664318624 -0.0002307787370490667 -0.003746847368487243 0.0328300062158404 0.006055159122100225 
13 0.05228669462565541 0.01228050970299811 0.001039934463996737 -0.8258201138849326 -0.003197442893521 0.5639245657550481 0.5253639344377162 -0.3678260661747004 0.76726574368635 0.2049728662413635 0.9298891124222219 0.3054379850369179 8.795088477390804e-05 0.0003239391006282662 8.434707729162796e-05 -0.003845083408297843 -0.01798376943597627 -0.0003035008822819384 
14 0.04240542909904065 0.02340724483809269 0.04213536873280978 -0.7242678552497999 -0.4521629647425582 0.5205619340357831 0.6519506016879983 -0.2032736397587037 0.7305068379816206 -0.2244916185751973 0.8684632869007584 0.4420124800217968 3.111692219894159e-05 4.822141274380833e-05 0.0002538536436991067 0.01301423239621313 0.01281326619345111 -8.057729535050455e-05 
15 0.04235375436234438 0.02339359046987302 0.001467303821172812 -0.7256185270634485 0.4504748217821134 0.5201443916093345 0.652772154997731 0.2115629822405607 0.727412962632024 0.2176379260190872 0.8673600979327175 -0.4475714397414752 1.921766288551912e-05 3.72294088645787e-05 -0.0002541153610215265 -0.01227416659791774 -0.009301577130905788 -0.0004688183764381543 
16 0.04095463396234082 0.02387381595403773 0.04148922256893173 0.6409579359737358 -0.2541830013280729 0.7242678552497973 0.7565977655419833 0.05020193358357589 -0.6519506016880023 0.1293551138887301 0.9658523529506583 0.2244916185751943 2.287527443990555e-05 5.674741023066244e-05 0.0002785151329100753 -0.004232045067792206 0.02833752408787153 -0.005426175217760317 
17 0.04090122549762267 0.0238635596285272 0.002107060718020478 0.6499657493211018 0.2258811145087921 0.7256185270634458 0.7540489322708828 -0.07279231690745858 -0.6527721549977342 -0.09462944811526849 0.9714314184272146 -0.2176379260190871 1.348724494239789e-05 4.57628638227422e-05 -0.0002733946500408073 -0.003749735866693753 -0.01697022230879201 -0.003025588022804614 
18 0.05209779599669911 0.05104485127391248 0.1480952597724897 -0.7318192503364339 0.6787845752515445 0.06076253152725107 -0.4378708152650789 -0.5366509083812361 0.7213008745819522 0.5222161755213208 0.501255726086171 0.6899514208186766 0.003804642635998248 9.836787353567698e-05 -4.157626184037445e-05 0.005500013150426052 0.1184473858544856 0.224865547885243 
19 0.05121600750615504 0.04694532311905632 -0.1050558337627851 -0.7285474531854954 0.6832960345809063 -0.048219680452459 -0.4821383985174572 -0.5615246832044656 -0.672482412280906 -0.4865811064272328 -0.4666867892689203 0.7385406336755727 0.002481271541209856 -0.0005767328272901289 -0.0002351491942671755 -0.007783827613240552 -0.05985273434548245 0.1121441277579842 
1 0.01503650608232607 0.02000685600832166 0.02190382736368595 1 0 0 0 1 0 0 0 1 8.775261333554552e-19 2.710505431213761e-19 5.014435047745458e-19 0 0 0 
2 0.02003650608232608 0.02200685600832166 0.03190382736368595 6.123233995736766e-17 0 1 0.9998779321710066 0.01562436422488321 -6.122486545856488e-17 -0.01562436422488321 0.9998779321710066 9.567163818357821e-19 1.186652593363444e-18 1.172293598999952e-18 -6.386628422297425e-19 -0.1249999999999999 2.081668171172169e-17 -6.245004513516506e-17 
3 0.02003650608232608 0.02200685600832166 0.01190382736368596 6.123233995736766e-17 0 1 0.9998779321710066 -0.01562436422488331 -6.122486545856488e-17 0.01562436422488331 0.9998779321710066 -9.567163818357883e-19 -3.02425287114807e-19 -1.592421940838085e-19 -7.945169045245337e-19 0.125 -5.204170427930421e-17 2.775557561562891e-17 
4 0.02884222035448195 0.02396536909531206 0.03368682240406954 0.1940519599590882 0.05186864763698702 0.9796190485226114 0.9726164415982285 -0.1403792929753297 -0.1852320480817143 0.1279104935837415 0.9887382350733973 -0.07768917643473247 2.926498832763608e-19 0.0002228743800479487 -0.0002448141358738011 -0.03367987684199909 -0.01726733822617306 -0.007242187839004941 
5 0.03044839841980378 0.0242395785245332 0.03397837207637049 -0.9744664104162123 -0.1106846193132267 0.1953564179084684 0.22317854330382 -0.572902154877707 0.7886535733421011 0.0246282922535651 0.8121157774504605 0.5829763384878559 -3.048410607723782e-06 0.0002210614938517522 -0.0002263150557733466 -0.02483198400219093 0.01845159222590553 0.01916140937214564 
6 0.02884222035448263 0.0241084937580526 0.01029200740015085 0.1965687096983885 -0.04131902877299719 0.979619048522826 0.9754445851132393 0.1094685575147952 -0.1911138307106272 -0.09934084628575984 0.9931310954636785 0.06182251598198536 2.549569171235444e-19 0.0002014774954418889 0.0002627047187163672 0.01793666962787129 0.02088697971615461 -0.006756631022024549 
7 0.03044583638181147 0.02438014164391421 0.009984398780309003 -0.9786061224018124 0.07471654011499668 0.1916963636351326 0.1996956189859265 0.5691739781434721 0.7975980456107964 -0.04951481551532406 0.8188152546439142 -0.5719177054497483 -4.589590470470702e-06 0.0001961599278330117 0.0002340824816648589 0.01242157267542469 -0.002059885144558301 0.009697419198665631 
8 0.05529193466460065 0.01894842032886982 0.01196121533165074 0.1845109625540983 -0.0793865509283402 0.9796190485229767 0.9778238153764791 -0.08565097660761661 -0.1911138307102514 0.09907719606420667 0.9931574325039628 0.06182251598075889 -3.981054852095212e-20 -7.173495995597503e-06 -0.00038230445993148 -0.003837327817492503 0.02513486777824317 -0.008130760390913686 
9 0.05529193466459995 0.01896410379716093 0.03158921464028522 0.1770881181340513 0.09479619288840974 0.9796190485232531 0.9789813142456494 0.08535030593532938 -0.1852320480764778 -0.1011700784501089 0.9918311383953465 -0.07768917643912643 2.329340604949326e-20 -3.932659042509187e-05 0.0003803440263950903 0.001888210877064075 -0.02399275842272545 -0.01006293274690175 
10 0.05688179770434296 0.01936762771174316 0.03136671977468294 -0.9568397748705935 -0.2342150822495626 0.1720492385116034 0.1285953880145127 0.1896785496330941 0.9733885524242016 -0.2606163298931762 0.953501621947187 -0.1513730013479769 9.398899574897458e-06 -5.490515804548936e-05 0.0004192511644775342 0.005890054656247713 -0.001351862380720352 -0.01358384983448247 
11 0.056888126357081 0.01934318159109311 0.0121518343934062 -0.9546069959483841 0.2364991189322116 0.1810901709941471 0.1397978073445721 -0.1811197533703862 0.9734742975552566 0.2630248207832329 0.9546013836588222 0.1398361254061702 8.000894147987859e-06 -1.942028035690372e-05 -0.0004239393554435019 -0.008090087382350668 0.002273593158288771 -0.01141470129487923 
12 0.05215946830621723 0.01188098100999497 0.04284493015569225 -0.8149114638292377 0.07243120852356334 0.5750417603544155 0.5615373296426701 0.3443357412676787 0.7524019701618394 -0.1435100468171764 0.9360484054350257 -0.3212759703822829 0.0003973618497605624 0.0008572504202322053 -0.000320030368334895 -0.002518849655039899 0.04764676969079779 0.00669505582378057 
13 0.05229777415213514 0.01232284932623589 0.001050722652028296 -0.8262677927681816 -0.005399871564544059 0.5632516098699442 0.5255222206425407 -0.3673220956089787 0.7673987709713648 0.2027509068905245 0.9300781254628638 0.3063441696695975 0.0001307373742778472 0.0005190376359811407 0.0001293244308648799 -0.007119450174386549 -0.02868343429327897 -0.0009306523674366025 
14 0.04240949250096877 0.02341358079564725 0.04216923191051969 -0.7246137311985906 -0.4507378461494191 0.5213159642741045 0.6523572235879267 -0.2047432718956252 0.7297329959965673 -0.2221823426627523 0.8688587840737163 0.4424018760661336 4.975500893029926e-05 7.805707569108709e-05 0.0004235174843115985 0.02111065200159855 0.01995378114996585 -0.0006672670288779079 
15 0.04235623256301996 0.0233984623136025 0.001433414149210311 -0.7258443679167667 0.4494266112831424 0.5207357051653561 0.6531707924715544 0.2129579080269453 0.7266476761614729 0.2156800162870706 0.8675624764127009 -0.4481266339943104 2.992138532744692e-05 5.97439901749113e-05 -0.0004237073165414088 -0.02052385694114329 -0.01507680103631505 -0.0007146412740797331 
16 0.04095765072917594 0.02388130353383899 0.0415262770832797 0.6419296552240801 -0.2507214755511549 0.724613731198454 0.7562099497171786 0.05075987373055826 -0.6523572235881197 0.1267786641854059 0.9667275608548198 0.2221823426626308 3.723772498002826e-05 9.259903744721117e-05 0.0004623611492495401 -0.003201735975486914 0.04184180401879024 -0.00812197439074667 
17 0.04090295101752906 0.02386956512899681 0.002070622817436936 0.6504697118938834 0.2236942276237857 0.7258443679167638 0.753744736087136 -0.07236565955624899 -0.6531707924715577 -0.09358432950885587 0.9719691887322289 -0.2156800162870702 2.06509865341947e-05 7.386054469851722e-05 -0.000455287000040246 -0.006977018582904271 -0.02726729191431243 -0.004739997737379258 
18 0.05257341674322805 0.05104521824280112 0.148094145134868 -0.7117478250855785 0.7005862643097932 0.05093053844597786 -0.4582356976857804 -0.5180419951269297 0.7222551741949214 0.532386212117082 0.4907253585717358 0.6897488989496587 0.005604879216277008 -0.000132896095086852 3.349500384266959e-05 0.01189008396581465 0.1701318196116482 0.3193350933242086 
19 0.05154048131130026 0.04686634406413837 -0.105087440624109 -0.7176014820174225 0.6950527196744241 -0.04415687805524038 -0.4932320593576021 -0.5519489098902061 -0.6723648834471295 -0.4917013815602492 -0.460710448920143 0.7389016400222309 0.003979085217543178 -0.001012461330240726 -0.0003981599451182752 -0.01383518721564369 -0.09545541746874908 0.1786823220967817 
1 0.01503650608232607 0.02000685600832166 0.02190382736368595 1 0 0 0 1 0 0 0 1 2.541098841762901e-19 1.273937552670468e-18 4.87890977618477e-19 0 -2.082644741331306e-17 -6.935640196450792e-18 
2 0.02003650608232608 0.02200685600832166 0.03190382736368595 6.123233995736766e-17 0 1 0.9995310913379719 0.030620213074421 -6.12036275827654e-17 -0.030620213074421 0.9995310913379719 1.874947296539981e-18 5.418457503424551e-19 8.334804200982315e-19 7.453889935837843e-20 -0.1749999999999999 2.775557561562891e-17 -4.85722573273506e-17 
3 0.02003650608232609 0.02200685600832166 0.01190382736368595 6.123233995736766e-17 0 1 0.9995310913379719 -0.0306202130744211 -6.12036275827654e-17 0.0306202130744211 0.9995310913379719 -1.874947296539987e-18 1.917823562663967e-19 1.029992063861229e-18 3.218725199566341e-19 0.175 -5.551115123125783e-17 2.775557561562891e-17 
4 0.02884222035448096 0.02399189268940351 0.0336572452262349 0.1946384101992454 0.04962266666315567 0.9796190485226119 0.9729098481533005 -0.1367853288640226 -0.1863765038138739 0.1247490145910261 0.9893570461470411 -0.07490206003688694 5.061021859844445e-19 0.0003068481259460678 -0.000347381419189322 -0.0393227316724598 -0.02581315150626928 -0.01037393761712951 
5 0.03044801138379647 0.02426576316738001 0.03395123524561639 -0.9748797007166998 -0.1079868597820553 0.1948035093239557 0.2212275092446844 -0.5709427449026384 0.7906217624100881 0.02584488893206638 0.8138570022783189 0.5804901562977942 -4.747693657796093e-06 0.0003017502406264279 -0.00031670022738028 -0.02847968787003676 0.01819399410748649 0.02193698025805262 
6 0.02884222035448263 0.02413243372105336 0.01032371211058487 0.1970972208327676 -0.03871957271500203 0.979619048522826 0.975490985456035 0.1074513729078902 -0.1920196337727557 -0.09782649351792638 0.993456087176971 0.05894896111900442 4.197048253645058e-19 0.00027652016929269 0.0003719760997280474 0.02307282101757691 0.02977994487992339 -0.00914227768463626 
7 0.03044527011088676 0.02440344115635936 0.01001260690570791 -0.9788227968234123 0.07394545939929237 0.1908874051712694 0.198662499973455 0.5680956975497462 0.7986241228073219 -0.04938768594588904 0.8196336666216772 -0.570755209364939 -6.787070624924042e-06 0.0002690427179871172 0.0003304902723918054 0.015747717538483 -0.000866416178918702 0.01275985339666218 
8 0.05529193466460065 0.01894790360919332 0.01191533406078434 0.1857425525368785 -0.07646060389522658 0.9796190485229767 0.9776947024872314 -0.08509717371530051 -0.1920196337723616 0.09804474950495218 0.9934345711105714 0.0589489611177835 5.92076030130756e-19 -2.013671992215199e-06 -0.0005353166698474597 -0.005889497395212327 0.03545698207427261 -0.01088509657365613 
9 0.05529193466459995 0.01895972708648309 0.03163488960519151 0.1785422730949369 0.09202812878945919 0.9796190485232531 0.9787952722538722 0.08499184573540775 -0.1863765038087069 -0.100411511947392 0.9921225779458904 -0.07490206004135921 4.298692207315574e-19 -4.706410773652647e-05 0.0005332475613217493 0.003174194079357628 -0.03389836427895513 -0.01362326937483607 
10 0.05688291263251676 0.01936141698962826 0.03141709537360012 -0.9565867477601716 -0.2340731771492844 0.173641993045627 0.1303265881101379 0.189356753221695 0.9732209412260447 -0.2606852018070614 0.9536004235257961 -0.1506302021848005 1.285519795603859e-05 -6.804710800245093e-05 0.0005884541537502878 0.008848182172868502 -0.002097047466028344 -0.01854531593010174 
11 0.05688907196969652 0.01934123180652453 0.01210092866699693 -0.9543435126721432 0.2365242577346723 0.182441046159183 0.1413458241788233 -0.1804881190029048 0.9733680685568037 0.2631536011682227 0.9547147817028161 0.1388159493370283 1.086204003865517e-05 -1.830560684971824e-05 -0.000594262844038042 -0.01190053758849365 0.003386597113607005 -0.0154587836276392 
12 0.05220110433445707 0.01197601012422281 0.04281048225274093 -0.8159966303903544 0.07717242355136501 0.5728821137326562 0.561036156144276 0.3444513160996319 0.7527228722020389 -0.1392405497347767 0.9356269063469906 -0.3243676331404183 0.0004260374640698976 0.001031256000761451 -0.0003624675416748829 0.001372202211879585 0.05741707317462021 0.005034747322985669 
13 0.05231219817134226 0.01238347218443961 0.001065324936863512 -0.8268634041760458 -0.008556785514721079 0.5623377030362239 0.5258244720667623 -0.3664726993059772 0.767597801741968 0.1995132462021306 0.9303894572086714 0.3075222309115914 0.0001543380411443541 0.000688960783456411 0.0001601490564555129 -0.01128107892498227 -0.03776105197706387 -0.002021221644939189 
14 0.04241528448232661 0.02342274905728643 0.04222010144810091 -0.7250520960309729 -0.4487571978590733 0.5224140459547059 0.6529870335262565 -0.2068718471251223 0.7285684407889348 -0.2188775732862381 0.8693796732364478 0.4430254977714205 6.551946773379188e-05 0.0001046726610402708 0.0005940502567976432 0.02896563794374774 0.02595913421041099 -0.001485005385618694 
15 0.04235963096663888 0.0234054223375031 0.001382557942955619 -0.7261728649552879 0.4479053009664926 0.5215877793514194 0.6537568566409701 0.2150658350281793 0.7254989035129895 0.2127790934221392 0.8678292043770753 -0.4489961352090961 3.73906787219448e-05 7.874750415823537e-05 -0.0005934235332554741 -0.02890226533811743 -0.02026183816130748 -0.0008232604162813125 
16 0.04096201650610432 0.02389223169904177 0.04158166723973269 0.6432084863463164 -0.2461347215117349 0.7250520960306378 0.7556411381026449 0.05113124732394592 -0.6529870335267287 0.1236499636029873 0.9678859924667977 0.2188775732859393 4.96434526855069e-05 0.0001253234259423737 0.0006453746994580665 0.0006006740494072862 0.05150482083194514 -0.01004777556108676 
17 0.04090526022365996 0.02387820839000548 0.002016023877735197 0.6511748643232935 0.2205544519527419 0.7261728649552847 0.7533082546889331 -0.07161456424797166 -0.6537568566409737 -0.0921844319343233 0.9727420459255367 -0.2127790934221389 2.494472051313459e-05 9.825343055118559e-05 -0.0006365563458138385 -0.01111744984626085 -0.03627310164002727 -0.00603446714082655 
