1 -0.07783416000000026 0.004000000000000012 -0.1783206000000001 5.549534576630243e-17 -0.9063077746978223 -0.4226182882013996 -1 -1.129881533480654e-16 1.109906915326049e-16 -1.483425866100842e-16 0.4226182882013996 -0.9063077746978223 -0 -0 -0 0 0 0 
2 -0.2202843250125619 0.004609320884246371 -0.1902706399078666 0.9062968423679104 0.004451515660332926 0.422618288201399 -0.004911704152396982 0.9999879375084079 8.868773770931425e-17 -0.4226131903718509 -0.002075776001037796 0.9063077746978226 -0 -0 -0 0 0 0 
3 -0.3140339059397644 0.004982340830479381 -0.2116179726363468 0.9999999999999973 1.036592642763532e-08 -7.35311888298573e-08 -1.036592422793281e-08 0.9999999999999996 2.991523150401421e-08 7.353118913995636e-08 -2.991523074179539e-08 0.9999999999999969 0 0 0 0 0 0 
1 -0.07783416000000026 0.004000000000000012 -0.1783206000000001 5.549534576630243e-17 -0.9063077746978223 -0.4226182882013996 -1 -1.129881533480654e-16 1.109906915326049e-16 -1.483425866100842e-16 0.4226182882013996 -0.9063077746978223 -0 -0 -0 0 0 0 
2 -0.2202843250125619 0.004609320884246371 -0.1902706399078665 0.9062968423679104 0.004451515660332926 0.422618288201399 -0.004911704152396982 0.9999879375084079 8.847089727481715e-17 -0.4226131903718509 -0.002075776001037795 0.9063077746978226 -0 -0 -0 0 0 0 
3 -0.3140339059397643 0.004982340830479381 -0.2116179726363468 0.9999999999999973 1.0365926307395e-08 -7.353118875857812e-08 -1.036592410769249e-08 0.9999999999999996 2.991523149155771e-08 7.353118906867718e-08 -2.99152307293389e-08 0.9999999999999969 0 0 0 0 0 0 
1 -0.07783416000000026 0.004000000000000012 -0.1783206000000001 5.549534576630243e-17 -0.9063077746978223 -0.4226182882013996 -1 -1.129881533480654e-16 1.109906915326049e-16 -1.483425866100842e-16 0.4226182882013996 -0.9063077746978223 -0 -0 -0 0 0 0 
2 -0.2202843250125619 0.004609320884246371 -0.1902706399078666 0.9062968423679104 0.004451515660332927 0.422618288201399 -0.004911704152396982 0.9999879375084079 8.868773770931425e-17 -0.4226131903718509 -0.002075776001037796 0.9063077746978226 -0 -0 -0 0 0 0 
3 -0.3140339059397643 0.004982340830479395 -0.2116179726363469 0.9999999999999973 1.036592627198181e-08 -7.353118860593863e-08 -1.036592407227931e-08 0.9999999999999996 2.991523143154427e-08 7.353118891603768e-08 -2.991523066932547e-08 0.9999999999999969 0 0 0 0 0 0 
1 -0.07783416000000026 0.004000000000000012 -0.1783206000000001 5.549534576630243e-17 -0.9063077746978223 -0.4226182882013996 -1 -1.129881533480654e-16 1.109906915326049e-16 -1.483425866100842e-16 0.4226182882013996 -0.9063077746978223 -0 -0 -0 0 0 0 
2 -0.2202843250125619 0.004609320884246371 -0.1902706399078665 0.9062968423679104 0.004451515660332926 0.422618288201399 -0.004911704152396982 0.9999879375084079 8.890457814381135e-17 -0.4226131903718509 -0.002075776001037796 0.9063077746978226 -0 -0 -0 0 0 0 
3 -0.3140339059397643 0.004982340830479395 -0.2116179726363468 0.9999999999999973 1.03659262963951e-08 -7.353118876208577e-08 -1.036592409669259e-08 0.9999999999999996 2.991523149471034e-08 7.353118907218482e-08 -2.991523073249153e-08 0.9999999999999969 0 0 0 0 0 0 
1 -0.07783416000000026 0.004000000000000012 -0.1783206000000001 5.549534576630243e-17 -0.9063077746978223 -0.4226182882013996 -1 -1.129881533480654e-16 1.109906915326049e-16 -1.483425866100842e-16 0.4226182882013996 -0.9063077746978223 -0 -0 -0 0 0 0 
2 -0.2202843250125619 0.004609320884246371 -0.1902706399078666 0.9062968423679104 0.004451515660332926 0.422618288201399 -0.004911704152396982 0.9999879375084079 8.890457814381135e-17 -0.4226131903718509 -0.002075776001037796 0.9063077746978226 -0 -0 -0 0 0 0 
3 -0.3140339059397643 0.004982340830479381 -0.2116179726363469 0.9999999999999973 1.036592631397572e-08 -7.35311886010296e-08 -1.036592411427322e-08 0.9999999999999996 2.991523142313886e-08 7.353118891112865e-08 -2.991523066092006e-08 0.9999999999999969 0 0 0 0 0 0 
1 -0.07783416000000026 0.004000000000000012 -0.1783206000000001 5.549534576630243e-17 -0.9063077746978223 -0.4226182882013996 -1 -1.129881533480654e-16 1.109906915326049e-16 -1.483425866100842e-16 0.4226182882013996 -0.9063077746978223 -0 -0 -0 0 0 0 
2 -0.2202843250125619 0.004609320884246371 -0.1902706399078665 0.9062968423679104 0.004451515660332926 0.422618288201399 -0.004911704152396982 0.9999879375084079 8.868773770931425e-17 -0.4226131903718509 -0.002075776001037796 0.9063077746978226 -0 -0 -0 0 0 0 
3 -0.3140339059397643 0.004982340830479395 -0.2116179726363468 0.9999999999999973 1.036592628455547e-08 -7.353118876572584e-08 -1.036592408485296e-08 0.9999999999999996 2.99152314980457e-08 7.353118907582489e-08 -2.99152307358269e-08 0.9999999999999969 0 0 0 0 0 0 
1 -0.07783416000000026 0.004000000000000012 -0.1783206000000001 5.549534576630243e-17 -0.9063077746978223 -0.4226182882013996 -1 -1.129881533480654e-16 1.109906915326049e-16 -1.483425866100842e-16 0.4226182882013996 -0.9063077746978223 -0 -0 -0 0 0 0 
2 -0.2202843250125619 0.004609320884246371 -0.1902706399078666 0.9062968423679104 0.004451515660332927 0.422618288201399 -0.004911704152396982 0.9999879375084079 8.890457814381135e-17 -0.4226131903718509 -0.002075776001037796 0.9063077746978226 -0 -0 -0 0 0 0 
3 -0.3140339059397643 0.004982340830479395 -0.2116179726363469 0.9999999999999973 1.036592630219129e-08 -7.353118860465993e-08 -1.036592410248879e-08 0.9999999999999996 2.991523142646178e-08 7.353118891475898e-08 -2.991523066424298e-08 0.9999999999999969 0 0 0 0 0 0 
1 -0.07783416000000026 0.004000000000000012 -0.1783206000000001 5.549534576630243e-17 -0.9063077746978223 -0.4226182882013996 -1 -1.129881533480654e-16 1.109906915326049e-16 -1.483425866100842e-16 0.4226182882013996 -0.9063077746978223 -0 -0 -0 0 0 0 
2 -0.2202843250125619 0.004609320884246371 -0.1902706399078665 0.9062968423679104 0.004451515660332926 0.422618288201399 -0.004911704152396982 0.9999879375084079 8.868773770931425e-17 -0.4226131903718509 -0.002075776001037796 0.9063077746978226 -0 -0 -0 0 0 0 
3 -0.3140339059397643 0.004982340830479381 -0.2116179726363468 0.9999999999999973 1.036592632654938e-08 -7.353118876081678e-08 -1.036592412684687e-08 0.9999999999999996 2.99152314896403e-08 7.353118907091583e-08 -2.99152307274215e-08 0.9999999999999969 0 0 0 0 0 0 
1 -0.07783416000000026 0.004000000000000012 -0.1783206000000001 5.549534576630243e-17 -0.9063077746978223 -0.4226182882013996 -1 -1.129881533480654e-16 1.109906915326049e-16 -1.483425866100842e-16 0.4226182882013996 -0.9063077746978223 -0 -0 -0 0 0 0 
2 -0.2202843250125619 0.004609320884246371 -0.1902706399078666 0.9062968423679104 0.004451515660332927 0.422618288201399 -0.004911704152396982 0.9999879375084079 8.890457814381135e-17 -0.4226131903718509 -0.002075776001037796 0.9063077746978226 -0 -0 -0 0 0 0 
3 -0.3140339059397643 0.004982340830479395 -0.2116179726363469 0.9999999999999973 1.036592629113619e-08 -7.353118860817728e-08 -1.036592409143369e-08 0.9999999999999996 2.991523142962687e-08 7.353118891827634e-08 -2.991523066740806e-08 0.9999999999999969 0 0 0 0 0 0 
1 -0.07783416000000026 0.004000000000000012 -0.1783206000000001 5.549534576630243e-17 -0.9063077746978223 -0.4226182882013996 -1 -1.129881533480654e-16 1.109906915326049e-16 -1.483425866100842e-16 0.4226182882013996 -0.9063077746978223 -0 -0 -0 0 0 0 
2 -0.2202843250125619 0.004609320884246371 -0.1902706399078665 0.9062968423679104 0.004451515660332926 0.422618288201399 -0.004911704152396982 0.9999879375084079 8.868773770931425e-17 -0.4226131903718509 -0.002075776001037796 0.9063077746978226 -0 -0 -0 0 0 0 
3 -0.3140339059397643 0.004982340830479381 -0.2116179726363468 0.9999999999999973 1.036592631549428e-08 -7.353118876433413e-08 -1.036592411579177e-08 0.9999999999999996 2.991523149280539e-08 7.353118907443319e-08 -2.991523073058658e-08 0.9999999999999969 0 0 0 0 0 0 
1 -0.07783416000000026 0.004000000000000012 -0.1783206000000001 5.549534576630243e-17 -0.9063077746978223 -0.4226182882013996 -1 -1.129881533480654e-16 1.109906915326049e-16 -1.483425866100842e-16 0.4226182882013996 -0.9063077746978223 -0 -0 -0 0 0 0 
2 -0.2202843250125619 0.004609320884246371 -0.1902706399078666 0.9062968423679104 0.004451515660332927 0.422618288201399 -0.004911704152396982 0.9999879375084079 8.890457814381135e-17 -0.4226131903718509 -0.002075776001037796 0.9063077746978226 -0 -0 -0 0 0 0 
3 -0.3140339059397643 0.004982340830479395 -0.2116179726363469 0.9999999999999973 1.036592628008109e-08 -7.353118861169464e-08 -1.036592408037859e-08 0.9999999999999996 2.991523143279195e-08 7.35311889217937e-08 -2.991523067057315e-08 0.9999999999999969 0 0 0 0 0 0 
1 -0.07783416000000026 0.004000000000000012 -0.1783206000000001 5.549534576630243e-17 -0.9063077746978223 -0.4226182882013996 -1 -1.129881533480654e-16 1.109906915326049e-16 -1.483425866100842e-16 0.4226182882013996 -0.9063077746978223 -0 -0 -0 0 0 0 
2 -0.2202843250125619 0.004609320884246371 -0.1902706399078665 0.9062968423679104 0.004451515660332926 0.422618288201399 -0.004911704152396982 0.9999879375084079 8.868773770931425e-17 -0.4226131903718509 -0.002075776001037796 0.9063077746978226 -0 -0 -0 0 0 0 
3 -0.3140339059397643 0.004982340830479381 -0.2116179726363468 0.9999999999999973 1.036592630443918e-08 -7.353118876785149e-08 -1.036592410473667e-08 0.9999999999999996 2.991523149597047e-08 7.353118907795055e-08 -2.991523073375167e-08 0.9999999999999969 0 0 0 0 0 0 
1 -0.07783416000000026 0.004000000000000012 -0.1783206000000001 5.549534576630243e-17 -0.9063077746978223 -0.4226182882013996 -1 -1.129881533480654e-16 1.109906915326049e-16 -1.483425866100842e-16 0.4226182882013996 -0.9063077746978223 -0 -0 -0 0 0 0 
2 -0.2202843250125619 0.004609320884246371 -0.1902706399078666 0.9062968423679104 0.004451515660332927 0.422618288201399 -0.004911704152396982 0.9999879375084079 8.890457814381135e-17 -0.4226131903718509 -0.002075776001037796 0.9063077746978226 -0 -0 -0 0 0 0 
3 -0.3140339059397643 0.004982340830479395 -0.2116179726363469 0.9999999999999973 1.036592626902599e-08 -7.3531188615212e-08 -1.036592406932349e-08 0.9999999999999996 2.991523143595704e-08 7.353118892531105e-08 -2.991523067373824e-08 0.9999999999999969 0 0 0 0 0 0 
1 -0.07783416000000026 0.004000000000000012 -0.1783206000000001 5.549534576630243e-17 -0.9063077746978223 -0.4226182882013996 -1 -1.129881533480654e-16 1.109906915326049e-16 -1.483425866100842e-16 0.4226182882013996 -0.9063077746978223 -0 -0 -0 0 0 0 
2 -0.2202843250125619 0.004609320884246371 -0.1902706399078665 0.9062968423679104 0.004451515660332926 0.422618288201399 -0.004911704152396982 0.9999879375084079 8.868773770931425e-17 -0.4226131903718509 -0.002075776001037796 0.9063077746978226 -0 -0 -0 0 0 0 
3 -0.3140339059397643 0.004982340830479395 -0.2116179726363468 0.9999999999999973 1.036592629338408e-08 -7.353118877136885e-08 -1.036592409368157e-08 0.9999999999999996 2.991523149913556e-08 7.35311890814679e-08 -2.991523073691675e-08 0.9999999999999969 0 0 0 0 0 0 
1 -0.07783416000000026 0.004000000000000012 -0.1783206000000001 5.549534576630243e-17 -0.9063077746978223 -0.4226182882013996 -1 -1.129881533480654e-16 1.109906915326049e-16 -1.483425866100842e-16 0.4226182882013996 -0.9063077746978223 -0 -0 -0 0 0 0 
2 -0.2202843250125619 0.004609320884246371 -0.1902706399078666 0.9062968423679104 0.004451515660332927 0.422618288201399 -0.004911704152396982 0.9999879375084079 8.890457814381135e-17 -0.4226131903718509 -0.002075776001037796 0.9063077746978226 -0 -0 -0 0 0 0 
3 -0.3140339059397643 0.004982340830479381 -0.2116179726363469 0.9999999999999973 1.036592631101989e-08 -7.353118861030294e-08 -1.036592411131739e-08 0.9999999999999996 2.991523142755164e-08 7.353118892040199e-08 -2.991523066533283e-08 0.9999999999999969 0 0 0 0 0 0 
1 -0.07783416000000026 0.004000000000000012 -0.1783206000000001 5.549534576630243e-17 -0.9063077746978223 -0.4226182882013996 -1 -1.129881533480654e-16 1.109906915326049e-16 -1.483425866100842e-16 0.4226182882013996 -0.9063077746978223 -0 -0 -0 0 0 0 
2 -0.2202843250125619 0.004609320884246371 -0.1902706399078665 0.9062968423679104 0.004451515660332926 0.422618288201399 -0.004911704152396982 0.9999879375084079 8.868773770931425e-17 -0.4226131903718509 -0.002075776001037796 0.9063077746978226 -0 -0 -0 0 0 0 
3 -0.3140339059397643 0.004982340830479395 -0.2116179726363468 0.9999999999999973 1.036592628232898e-08 -7.353118877488621e-08 -1.036592408262647e-08 0.9999999999999996 2.991523150230063e-08 7.353118908498526e-08 -2.991523074008183e-08 0.9999999999999969 0 0 0 0 0 0 
1 -0.07783416000000026 0.004000000000000012 -0.1783206000000001 5.549534576630243e-17 -0.9063077746978223 -0.4226182882013996 -1 -1.129881533480654e-16 1.109906915326049e-16 -1.483425866100842e-16 0.4226182882013996 -0.9063077746978223 -0 -0 -0 0 0 0 
2 -0.2202843250125619 0.004609320884246371 -0.1902706399078666 0.9062968423679104 0.004451515660332927 0.422618288201399 -0.004911704152396982 0.9999879375084079 8.890457814381135e-17 -0.4226131903718509 -0.002075776001037796 0.9063077746978226 -0 -0 -0 0 0 0 
3 -0.3140339059397643 0.004982340830479395 -0.2116179726363469 0.9999999999999973 1.036592629996479e-08 -7.35311886138203e-08 -1.036592410026229e-08 0.9999999999999996 2.991523143071671e-08 7.353118892391935e-08 -2.991523066849791e-08 0.9999999999999969 0 0 0 0 0 0 
1 -0.07783416000000026 0.004000000000000012 -0.1783206000000001 5.549534576630243e-17 -0.9063077746978223 -0.4226182882013996 -1 -1.129881533480654e-16 1.109906915326049e-16 -1.483425866100842e-16 0.4226182882013996 -0.9063077746978223 -0 -0 -0 0 0 0 
2 -0.2202843250125619 0.004609320884246371 -0.1902706399078665 0.9062968423679104 0.004451515660332926 0.422618288201399 -0.004911704152396982 0.9999879375084079 8.868773770931425e-17 -0.4226131903718509 -0.002075776001037796 0.9063077746978226 -0 -0 -0 0 0 0 
3 -0.3140339059397643 0.004982340830479381 -0.2116179726363468 0.9999999999999973 1.036592632432288e-08 -7.353118876997715e-08 -1.036592412462037e-08 0.9999999999999996 2.991523149389524e-08 7.35311890800762e-08 -2.991523073167644e-08 0.9999999999999969 0 0 0 0 0 0 
1 -0.07783416000000026 0.004000000000000012 -0.1783206000000001 5.549534576630243e-17 -0.9063077746978223 -0.4226182882013996 -1 -1.129881533480654e-16 1.109906915326049e-16 -1.483425866100842e-16 0.4226182882013996 -0.9063077746978223 -0 -0 -0 0 0 0 
2 -0.2202843250125619 0.004609320884246371 -0.1902706399078666 0.9062968423679104 0.004451515660332927 0.422618288201399 -0.004911704152396982 0.9999879375084079 8.890457814381135e-17 -0.4226131903718509 -0.002075776001037796 0.9063077746978226 -0 -0 -0 0 0 0 
3 -0.3140339059397643 0.004982340830479395 -0.2116179726363469 0.9999999999999973 1.03659262889097e-08 -7.353118861733766e-08 -1.036592408920719e-08 0.9999999999999996 2.99152314338818e-08 7.353118892743671e-08 -2.9915230671663e-08 0.9999999999999969 0 0 0 0 0 0 
1 -0.07783416000000026 0.004000000000000012 -0.1783206000000001 5.549534576630243e-17 -0.9063077746978223 -0.4226182882013996 -1 -1.129881533480654e-16 1.109906915326049e-16 -1.483425866100842e-16 0.4226182882013996 -0.9063077746978223 -0 -0 -0 0 0 0 
2 -0.2202843250125619 0.004609320884246371 -0.1902706399078665 0.9062968423679104 0.004451515660332926 0.422618288201399 -0.004911704152396982 0.9999879375084079 8.868773770931425e-17 -0.4226131903718509 -0.002075776001037796 0.9063077746978226 -0 -0 -0 0 0 0 
3 -0.3140339059397643 0.004982340830479381 -0.2116179726363468 0.9999999999999973 1.036592631326778e-08 -7.353118877349451e-08 -1.036592411356527e-08 0.9999999999999996 2.991523149706033e-08 7.353118908359356e-08 -2.991523073484152e-08 0.9999999999999969 0 0 0 0 0 0 
1 -0.07783416000000026 0.004000000000000012 -0.1783206000000001 5.549534576630243e-17 -0.9063077746978223 -0.4226182882013996 -1 -1.129881533480654e-16 1.109906915326049e-16 -1.483425866100842e-16 0.4226182882013996 -0.9063077746978223 -0 -0 -0 0 0 0 
2 -0.2202843250125619 0.004609320884246371 -0.1902706399078666 0.9062968423679104 0.004451515660332927 0.422618288201399 -0.004911704152396982 0.9999879375084079 8.890457814381135e-17 -0.4226131903718509 -0.002075776001037796 0.9063077746978226 -0 -0 -0 0 0 0 
3 -0.3140339059397643 0.004982340830479395 -0.2116179726363469 0.9999999999999973 1.03659262778546e-08 -7.353118862085501e-08 -1.03659240781521e-08 0.9999999999999996 2.991523143704688e-08 7.353118893095407e-08 -2.991523067482808e-08 0.9999999999999969 0 0 0 0 0 0 
1 -0.07783416000000026 0.004000000000000012 -0.1783206000000001 5.549534576630243e-17 -0.9063077746978223 -0.4226182882013996 -1 -1.129881533480654e-16 1.109906915326049e-16 -1.483425866100842e-16 0.4226182882013996 -0.9063077746978223 -0 -0 -0 0 0 0 
2 -0.2202843250125619 0.004609320884246371 -0.1902706399078665 0.9062968423679104 0.004451515660332926 0.422618288201399 -0.004911704152396982 0.9999879375084079 8.868773770931425e-17 -0.4226131903718509 -0.002075776001037796 0.9063077746978226 -0 -0 -0 0 0 0 
3 -0.3140339059397643 0.004982340830479395 -0.2116179726363468 0.9999999999999973 1.036592630221269e-08 -7.353118877701186e-08 -1.036592410251017e-08 0.9999999999999996 2.991523150022541e-08 7.353118908711092e-08 -2.991523073800661e-08 0.9999999999999969 0 0 0 0 0 0 
1 -0.07783416000000026 0.004000000000000012 -0.1783206000000001 5.549534576630243e-17 -0.9063077746978223 -0.4226182882013996 -1 -1.129881533480654e-16 1.109906915326049e-16 -1.483425866100842e-16 0.4226182882013996 -0.9063077746978223 -0 -0 -0 0 0 0 
2 -0.2202843250125619 0.004609320884246371 -0.1902706399078666 0.9062968423679104 0.004451515660332927 0.422618288201399 -0.004911704152396982 0.9999879375084079 8.890457814381135e-17 -0.4226131903718509 -0.002075776001037796 0.9063077746978226 -0 -0 -0 0 0 0 
3 -0.3140339059397643 0.004982340830479381 -0.2116179726363469 0.9999999999999973 1.03659263198485e-08 -7.353118861594595e-08 -1.0365924120146e-08 0.9999999999999996 2.991523142864149e-08 7.353118892604501e-08 -2.991523066642269e-08 0.9999999999999969 0 0 0 0 0 0 
1 -0.07783416000000026 0.004000000000000012 -0.1783206000000001 5.549534576630243e-17 -0.9063077746978223 -0.4226182882013996 -1 -1.129881533480654e-16 1.109906915326049e-16 -1.483425866100842e-16 0.4226182882013996 -0.9063077746978223 -0 -0 -0 0 0 0 
2 -0.2202843250125619 0.004609320884246371 -0.1902706399078665 0.9062968423679104 0.004451515660332926 0.422618288201399 -0.004911704152396982 0.9999879375084079 8.868773770931425e-17 -0.4226131903718509 -0.002075776001037796 0.9063077746978226 -0 -0 -0 0 0 0 
3 -0.3140339059397643 0.004982340830479395 -0.2116179726363468 0.9999999999999973 1.036592629115759e-08 -7.353118878052922e-08 -1.036592409145508e-08 0.9999999999999996 2.991523150339048e-08 7.353118909062827e-08 -2.991523074117168e-08 0.9999999999999969 0 0 0 0 0 0 
1 -0.07783416000000026 0.004000000000000012 -0.1783206000000001 5.549534576630243e-17 -0.9063077746978223 -0.4226182882013996 -1 -1.129881533480654e-16 1.109906915326049e-16 -1.483425866100842e-16 0.4226182882013996 -0.9063077746978223 -0 -0 -0 0 0 0 
2 -0.2202843250125619 0.004609320884246371 -0.1902706399078666 0.9062968423679104 0.004451515660332927 0.422618288201399 -0.004911704152396982 0.9999879375084079 8.890457814381135e-17 -0.4226131903718509 -0.002075776001037796 0.9063077746978226 -0 -0 -0 0 0 0 
3 -0.3140339059397643 0.004982340830479381 -0.2116179726363469 0.9999999999999973 1.03659263087934e-08 -7.353118861946331e-08 -1.03659241090909e-08 0.9999999999999996 2.991523143180656e-08 7.353118892956236e-08 -2.991523066958776e-08 0.9999999999999969 0 0 0 0 0 0 
1 -0.07783416000000026 0.004000000000000012 -0.1783206000000001 5.549534576630243e-17 -0.9063077746978223 -0.4226182882013996 -1 -1.129881533480654e-16 1.109906915326049e-16 -1.483425866100842e-16 0.4226182882013996 -0.9063077746978223 8.04075751781671e-33 -2.91658015953142e-32 9.629649721936179e-34 3.958070307040123e-32 -6.374365952347415e-33 9.60923641955032e-32 
2 -0.2202843250125619 0.004609320884246371 -0.1902706399078665 0.9062968423679104 0.004451515660332926 0.422618288201399 -0.004911704152396982 0.9999879375084079 8.868773770931425e-17 -0.4226131903718509 -0.002075776001037796 0.9063077746978226 2.452403856337828e-19 5.50907704557663e-17 -1.143574786268999e-19 -1.876802216755456e-16 -1.38666955995881e-32 -4.024815035465245e-16 
3 -0.3140339059397643 0.004982340830479395 -0.2116179726363468 0.9999999999999973 1.036592628010249e-08 -7.353118878404658e-08 -1.036592408039998e-08 0.9999999999999996 2.991523150655556e-08 7.353118909414563e-08 -2.991523074433675e-08 0.9999999999999969 3.953740144464997e-19 8.881677060554051e-17 -1.843659448253134e-19 -3.453387433221316e-17 -6.946058888910746e-17 3.832653787842219e-16 
1 -0.07783416000000026 0.004000000000000012 -0.1783206000000001 5.549534576630243e-17 -0.9063077746978223 -0.4226182882013996 -1 -1.129881533480654e-16 1.109906915326049e-16 -1.483425866100842e-16 0.4226182882013996 -0.9063077746978223 3.903127820947816e-18 -6.691560283308973e-18 -4.946672411965114e-19 3.053601601697502e-18 7.773038279437077e-18 4.127937360262948e-17 
2 -0.2202840348426278 0.004671347498820838 -0.1902707752163393 0.90629450332307 0.004904663506196303 0.422618288201399 -0.005411697486355155 0.9999853566579443 8.933825901280557e-17 -0.4226120996572458 -0.00228708232794731 0.9063077746978226 6.084474577053127e-05 0.01240530664809695 -2.837237307399664e-05 -0.04226182882014017 -4.106415728288848e-18 -0.09063077746978268 
3 -0.3140334381307962 0.005082339497271035 -0.2116181907792679 0.999999924867643 -0.000383067789508961 -5.936140995363339e-05 0.0003830727088298151 0.9999999231929764 8.28814881436028e-05 5.932965616580579e-05 -8.290422165263215e-05 0.9999999948034409 9.809327012392892e-05 0.01999970713315899 -4.574164655894502e-05 -0.007755976829824849 -0.01560078032170043 0.08633871688158806 
1 -0.07783416000000026 0.004000000000000012 -0.1783206000000001 5.549534576630243e-17 -0.9063077746978223 -0.4226182882013996 -1 -1.129881533480654e-16 1.109906915326049e-16 -1.483425866100842e-16 0.4226182882013996 -0.9063077746978223 8.131516293641283e-20 2.466559942404523e-18 -2.303929616531697e-19 -2.569688041351865e-17 7.568031131017967e-18 -2.510065195952478e-17 
2 -0.2202829956877662 0.004857426273496668 -0.1902712597822462 0.9062861267494445 0.006264099233644844 0.4226182882013991 -0.006911668870691783 0.9999761141314436 8.977193988179979e-17 -0.4226081935965176 -0.00292099766674674 0.9063077746978226 0.0001554184195800383 0.02481038398008503 -7.247280479281016e-05 -0.08452365764028019 3.144186300207963e-18 -0.181261554939565 
3 -0.3140317628160711 0.005382333774138354 -0.2116189719914135 0.9999987965742108 -0.001533301053907897 -0.0002363006735542581 0.001533379190449297 0.9999987696457887 0.0003308400927098819 0.0002357931053579022 -0.0003312020331038994 0.999999917353409 0.0002505639693457917 0.03999904456525788 -0.0001168399066698673 -0.01539772098849903 -0.0309502497663338 0.1728501686604789 
1 -0.07783416000000026 0.004000000000000012 -0.1783206000000001 5.549534576630243e-17 -0.9063077746978223 -0.4226182882013996 -1 -1.129881533480654e-16 1.109906915326049e-16 -1.483425866100842e-16 0.4226182882013996 -0.9063077746978223 -5.421010862427522e-20 -6.559423143537302e-18 -2.331034670843835e-18 6.823165138764817e-18 -7.952478441564989e-18 -5.798907997695502e-17 
2 -0.2202807016184173 0.005167553070740225 -0.1902723295244335 0.9062676343750021 0.008529792615099169 0.422618288201399 -0.009411584952962779 0.9999557100535369 9.150666335777657e-17 -0.4225995704600402 -0.003977507922083256 0.9063077746978226 0.0003174487276152611 0.03721481660247791 -0.0001480287840421625 -0.1267854864604201 -1.431146867680866e-17 -0.2718923324093474 
3 -0.3140280643411826 0.005882316990592523 -0.2116206966187089 0.9999938975333713 -0.003453411745827605 -0.0005280561815829848 0.003453803164942643 0.999993760217447 0.000742138712717111 0.0005254899760797052 -0.0007439579859516017 0.999999585193314 0.000511787556905962 0.05999734260321238 -0.0002386504753249911 -0.02281427838396873 -0.04579227144183884 0.2596912184314765 
1 -0.07783416000000026 0.004000000000000012 -0.1783206000000001 5.549534576630243e-17 -0.9063077746978223 -0.4226182882013996 -1 -1.129881533480654e-16 1.109906915326049e-16 -1.483425866100842e-16 0.4226182882013996 -0.9063077746978223 1.582935171828836e-17 -2.344587197999903e-17 -2.059984127722458e-18 4.282252176536034e-17 -3.962903219606931e-17 -7.079796416277755e-19 
2 -0.2202763094432748 0.005601717893411517 -0.1902743776294946 0.9062322292782077 0.01170167061445179 0.422618288201399 -0.01291136514673875 0.9999166448509833 9.454242944073599e-17 -0.4225830607910088 -0.005456579036658023 0.9063077746978226 0.0005806597518685994 0.04961781697831673 -0.0002707661097180562 -0.1690473152805602 -4.271756559592887e-17 -0.3625231098791297 
3 -0.3140209833218237 0.00658227302934776 -0.2116239985525153 0.9999806701927432 -0.006147734416334231 -0.0009298399962315366 0.006148953420569688 0.999980231882539 0.001313855385891076 0.0009217443810713426 -0.001319547532145114 0.9999987045899641 0.0009361336491561477 0.07999333158807881 -0.000436526322932649 -0.02989602184181925 -0.05986710157996557 0.347011674924002 
1 -0.07783416000000026 0.004000000000000012 -0.1783206000000001 5.549534576630243e-17 -0.9063077746978223 -0.4226182882013996 -1 -1.129881533480654e-16 1.109906915326049e-16 -1.483425866100842e-16 0.4226182882013996 -0.9063077746978223 2.927345865710862e-18 -1.26851654180804e-17 -0 -3.416101031969075e-18 -3.769250498935706e-18 1.592954193662479e-18 
2 -0.220268638766885 0.006159900233126708 -0.190277954524911 0.9061703963523241 0.01577958340360069 0.422618288201399 -0.01741084413499806 0.9998484197649696 9.887923813067799e-17 -0.4225542276219453 -0.007358141144474337 0.9063077746978226 0.0009787671869271874 0.06201803939536231 -0.0004564066696049057 -0.2113091441007001 -7.806255641895632e-18 -0.4531538873489119 
3 -0.314008616736647 0.007482168826999605 -0.211629765186328 0.999952676916317 -0.009622115389193194 -0.001434860038042321 0.009625034993415573 0.9999515934290124 0.002041935394318412 0.001415142843406623 -0.002055649341715682 0.9999968858334093 0.001577958340360078 0.09998484197649708 -0.0007358141144474285 -0.03653535636597353 -0.07290976577750651 0.434950811186342 
1 -0.07783416000000026 0.004000000000000012 -0.1783206000000001 5.549534576630243e-17 -0.9063077746978223 -0.4226182882013996 -1 -1.129881533480654e-16 1.109906915326049e-16 -1.483425866100842e-16 0.4226182882013996 -0.9063077746978223 4.553649124439119e-18 7.101524229780054e-17 5.421010862427522e-19 -4.429089243145283e-17 3.564528668727044e-17 -1.145622006706545e-16 
2 -0.2202561721115996 0.006842062558655132 -0.1902837678221852 0.9060699032884635 0.02076325679062919 0.4226182882013989 -0.02290971938043015 0.9997375379357873 1.066854937725736e-16 -0.4225073669331035 -0.009682066387731902 0.9063077746978226 0.001545470035852044 0.07441339401502335 -0.0007206645681000663 -0.2535709729208401 -7.806255641895632e-18 -0.5437846648186945 
3 -0.3139885181238748 0.008581943876086032 -0.2116391373240963 0.9999015465272172 -0.01388377037201677 -0.002034249919816666 0.01388968180037272 0.9998992665187374 0.00292122487585489 0.001993487387359092 -0.00294919235520977 0.9999936641161724 0.002491590814875502 0.1199685045522948 -0.001161847966527813 -0.04262752366376663 -0.0846485442836019 0.5236337280438761 
1 -0.07783416000000026 0.004000000000000012 -0.1783206000000001 5.549534576630243e-17 -0.9063077746978223 -0.4226182882013996 -1 -1.129881533480654e-16 1.109906915326049e-16 -1.483425866100842e-16 0.4226182882013996 -0.9063077746978223 -8.673617379884035e-19 4.83554168928535e-17 2.168404344971009e-19 -1.554264655273185e-17 -4.699309567323646e-17 -1.026150442181859e-16 
2 -0.2202370551451869 0.007648141945531275 -0.1902926822107037 0.9059158024103584 0.02665223106826185 0.4226182882013989 -0.02940748365217122 0.9995675064272784 1.101549407245273e-16 -0.4224355085080371 -0.01242814040139132 0.9063077746978228 0.002314437585905355 0.08680086108362742 -0.001079240052895305 -0.2958328017409802 -5.767955557622884e-17 -0.6344154422884767 
3 -0.3139576979482538 0.009881496730434258 -0.2116535090091096 0.9998169096632418 -0.01894109727358222 -0.002716980956464352 0.01895173776831373 0.9998126147042474 0.003945518193767824 0.002641739390281425 -0.003996287318121457 0.999988525384499 0.003731312349556641 0.1399394508998192 -0.001739939656194785 -0.04807153624765169 -0.09480361038400201 0.6131675211144723 
1 -0.07783416000000026 0.004000000000000012 -0.1783206000000001 5.549534576630243e-17 -0.9063077746978223 -0.4226182882013996 -1 -1.129881533480654e-16 1.109906915326049e-16 -1.483425866100842e-16 0.4226182882013996 -0.9063077746978223 -4.423544863740858e-17 1.118896642005041e-16 -6.722053469410127e-18 -9.809949118771472e-18 1.633341882872142e-17 -1.179251039683864e-16 
2 -0.2202090970671963 0.008578039849104033 -0.1903057192775718 0.9056904337888152 0.03344578629882881 0.4226182882013991 -0.03690334258688248 0.9993188396632554 1.092875789865389e-16 -0.4223304173858934 -0.01559602747297817 0.9063077746978226 0.003319290486495513 0.09917630543450898 -0.001547810691476918 -0.3380946305611202 2.602085213965211e-17 -0.725046219758259 
3 -0.3139126242239454 0.01138066851737649 -0.2116745272335383 0.9996863258584794 -0.02480344073618196 -0.003469757804356765 0.02482098336854875 0.9996788639269053 0.005107621993663471 0.003341956940538233 -0.005192142665474227 0.9999809363074623 0.005351325807812585 0.1598910143461211 -0.002495364395676498 -0.05277127013532613 -0.1030858729501466 0.7036372170904805 
1 -0.07783416000000026 0.004000000000000012 -0.1783206000000001 5.549534576630243e-17 -0.9063077746978223 -0.4226182882013996 -1 -1.129881533480654e-16 1.109906915326049e-16 -1.483425866100842e-16 0.4226182882013996 -0.9063077746978223 -1.214306433183765e-17 -3.924811864397526e-17 -1.474514954580286e-17 -8.920337827167992e-17 4.103833910752117e-17 -1.058009526055108e-16 
2 -0.2201697712189264 0.009631610024812609 -0.1903240572231812 0.9053734301586474 0.04114285406342355 0.4226182882013991 -0.04539611731471826 0.9989690648527353 1.144917494144693e-16 -0.4221825961542154 -0.01918522939053623 0.9063077746978226 0.00459357475459847 0.111534291467928 -0.002142019249653751 -0.3803564593812602 -2.949029909160572e-17 -0.8156769972280413 
3 -0.3138492234979117 0.01307922346294364 -0.211704091479874 0.9994952061329996 -0.03148080439786813 -0.004276899766892076 0.03150780413025153 0.9994830190924289 0.006399439410842088 0.004073229191020269 -0.006530964733215207 0.9999703772130507 0.007405713731416262 0.1798144316734926 -0.003453341290296518 -0.05663674296265919 -0.1091960826376404 0.7951014545536821 
1 -0.07783416000000026 0.004000000000000012 -0.1783206000000001 5.549534576630243e-17 -0.9063077746978223 -0.4226182882013996 -1 -1.129881533480654e-16 1.109906915326049e-16 -1.483425866100842e-16 0.4226182882013996 -0.9063077746978223 -7.806255641895632e-18 -3.989863994746656e-17 8.673617379884035e-19 -3.233538541209453e-17 1.863684968918213e-17 -2.299208784381402e-16 
2 -0.2201162159935816 0.01080864460169001 -0.1903490304367974 0.9049417242553873 0.04974191571909697 0.422618288201399 -0.05488413219855889 0.9984927300851074 1.266348137463069e-16 -0.4219812883701096 -0.02319503799917436 0.9063077746978226 0.00617072753766601 0.1238678988660249 -0.002877457726537941 -0.4226182882014001 -3.989863994746656e-17 -0.9063077746978235 
3 -0.3137628823172597 0.01497682643971177 -0.2117443530366951 0.999226735860284 -0.03898350658984872 -0.005120210538763688 0.03902279759133456 0.9992077825458691 0.007812078335051207 0.004811612011351172 -0.008005842474497253 0.9999563764865574 0.009948383143819385 0.1996985460170217 -0.004639007599834863 -0.05958560080521991 -0.112824270753041 0.8875878973516232 
1 -0.07783416000000026 0.004000000000000012 -0.1783206000000001 5.549534576630243e-17 -0.9063077746978223 -0.4226182882013996 -1 -1.129881533480654e-16 1.109906915326049e-16 -1.483425866100842e-16 0.4226182882013996 -0.9063077746978223 1.214306433183765e-17 -5.507747036226363e-17 -2.602085213965211e-18 -9.385339992350409e-17 5.906231714575527e-18 -2.134603517702946e-16 
2 -0.2200452361348579 0.01210885831806692 -0.1903821288910179 0.9043695592831311 0.05924088722963536 0.422618288201399 -0.06536508775883255 0.9978614158801211 1.35308431126191e-16 -0.4217144834414811 -0.02762448149677215 0.9063077746978226 0.008084033471345856 0.1361685393817669 -0.003769647003814033 -0.46488011702154 -5.724587470723463e-17 -0.9969385521676052 
3 -0.3136484493228084 0.01707301755176652 -0.2117977140224208 0.9988618037904412 -0.04732177511365841 -0.005978840071317165 0.04737631531626609 0.9988334816555093 0.009335987949163875 0.00553007012250104 -0.0096086171755119 0.9999385445118188 0.0130329951905198 0.2195295114936267 -0.006077385929289882 -0.06154483170954987 -0.113649600024285 0.9810883851565553 
1 -0.07783416000000026 0.004000000000000012 -0.1783206000000001 5.549534576630243e-17 -0.9063077746978223 -0.4226182882013996 -1 -1.129881533480654e-16 1.109906915326049e-16 -1.483425866100842e-16 0.4226182882013996 -0.9063077746978223 -2.602085213965211e-17 -8.153200337090993e-17 -5.204170427930421e-18 5.342953165016667e-17 -5.023604208087563e-17 -7.079796416277755e-19 
2 -0.2199533045237848 0.01353187093229333 -0.1904249973085556 0.9036285033181729 0.06963699066356874 0.422618288201399 -0.07683591888725315 0.9970437510805388 1.422473250300982e-16 -0.4213689233435591 -0.0324722645125126 0.9063077746978226 0.01036657048002429 0.1484257751340698 -0.004834011572114993 -0.5071419458416803 -2.255140518769849e-17 -1.087569329637388 
3 -0.3135002381298168 0.01936718377745061 -0.2118668260420052 0.9983789443249501 -0.05650527700874667 -0.006829143340349397 0.05657793714330579 0.9983380142538284 0.0109611278767692 0.006198431834454034 -0.01132973812087253 0.9999166047610701 0.01671287775925649 0.2392905002593297 -0.00779334348300301 -0.06245271634564691 -0.1113407167698274 1.07555384687567 
1 -0.07783416000000026 0.004000000000000012 -0.1783206000000001 5.549534576630243e-17 -0.9063077746978223 -0.4226182882013996 -1 -1.129881533480654e-16 1.109906915326049e-16 -1.483425866100842e-16 0.4226182882013996 -0.9063077746978223 -6.938893903907228e-18 -6.678685382510707e-17 -2.602085213965211e-18 3.276090075852087e-17 -7.188114798233582e-17 8.672750609940166e-18 
2 -0.219836564565092 0.01507718782613243 -0.1904794340494562 0.9026874685453844 0.0809266124883829 0.422618288201399 -0.08929263849178076 0.996005434077132 1.52655665885959e-16 -0.4209301115889689 -0.03773670202838288 0.9063077746978226 0.01305114388319546 0.1606271389458089 -0.006085848804315119 -0.5494037746618202 -3.816391647148976e-17 -1.178200107107171 
3 -0.3133120311752591 0.02185852769835617 -0.2119545883929232 0.9977543014369539 -0.06654257990409777 -0.007644542089819135 0.06663587580254152 0.9976968223423831 0.01267717413068055 0.00678336347872618 -0.01315810577621628 0.9998904191121633 0.02104091924697953 0.2589614128600546 -0.009811542527379563 -0.06226101576500825 -0.1055567033701302 1.17088902862615 
1 -0.07783416000000026 0.004000000000000012 -0.1783206000000001 5.549534576630243e-17 -0.9063077746978223 -0.4226182882013996 -1 -1.129881533480654e-16 1.109906915326049e-16 -1.483425866100842e-16 0.4226182882013996 -0.9063077746978223 -3.122502256758253e-17 -6.505213034913027e-17 -1.734723475976807e-18 -4.497866358759288e-17 -4.962846490265351e-17 2.097389688322266e-17 
2 -0.2196908332956463 0.0167441788244163 -0.1905473896616113 0.9015127363151633 0.09310514883327421 0.422618288201399 -0.1027301667629597 0.9947092604559659 1.630640067418198e-16 -0.4203823249119798 -0.04341564722400645 0.9063077746978226 0.01617020769099096 0.172757957377074 -0.007540292255030299 -0.5916656034819603 -4.85722573273506e-17 -1.268830884576953 
3 -0.3130770847292149 0.02454603335259198 -0.212064145728321 0.9969616239588012 -0.0774405427472528 -0.008395397098453633 0.07755631155890273 0.9968829061869264 0.01447376556690814 0.007248371597001884 -0.0150809048574121 0.999860003909484 0.02606944167331676 0.2785185929276708 -0.0121563812227218 -0.06093738246916021 -0.09594873730377228 1.26694711938187 
1 -0.07783416000000026 0.004000000000000012 -0.1783206000000001 5.549534576630243e-17 -0.9063077746978223 -0.4226182882013996 -1 -1.129881533480654e-16 1.109906915326049e-16 -1.483425866100842e-16 0.4226182882013996 -0.9063077746978223 2.42861286636753e-17 -1.734723475976807e-18 -0 1.303729239809203e-16 -6.73015049874227e-17 -1.398259792214845e-17 
2 -0.219511605348541 0.01853205526169925 -0.1906309650322726 0.9000679890977569 0.1061668379449978 0.4226182882013989 -0.1171421463093986 0.9931151582560944 1.700029006457271e-16 -0.419708628169052 -0.04950641334951602 0.9063077746978226 0.01975577199902469 0.1848011772324527 -0.009212268478121247 -0.6339274323021001 -7.979727989493313e-17 -1.359461662046735 
3 -0.3127881352857336 0.02742842926187974 -0.2121988850769066 0.9959723032371351 -0.08920363552471829 -0.009048900136992801 0.08934265866669601 0.9958668926147269 0.01634079362375443 0.007553841862409966 -0.01708343065842176 0.9998255327156116 0.03185005138349938 0.2979345474768286 -0.01485192400485482 -0.05846796344962727 -0.08216256678145677 1.363524394152692 
1 -0.07783416000000026 0.004000000000000012 -0.1783206000000001 5.549534576630243e-17 -0.9063077746978223 -0.4226182882013996 -1 -1.129881533480654e-16 1.109906915326049e-16 -1.483425866100842e-16 0.4226182882013996 -0.9063077746978223 2.42861286636753e-17 1.196959198423997e-16 -3.469446951953614e-18 -9.242451125383009e-17 -1.019791662767606e-16 4.309826068409046e-17 
2 -0.2192940579171552 0.02043984533511038 -0.1907324090732723 0.8983143504982817 0.1201045801231976 0.4226182882013991 -0.1325207434783867 0.9911802321212503 1.700029006457271e-16 -0.4188908929981482 -0.05600568976001265 0.9063077746978226 0.02383929542726446 0.1967371964579986 -0.01111644687011221 -0.6761892611222405 -1.144917494144693e-16 -1.450092439516518 
3 -0.3124374075658386 0.03050414869567734 -0.2123624321110874 0.9947554652750383 -0.1018331901280275 -0.009568996488189766 0.1019947682473875 0.9946171728412815 0.01826873666617386 0.007657124499686107 -0.01914891322151991 0.9997873211672725 0.03843346563942329 0.3171776742788007 -0.01792182072320407 -0.05486014234645765 -0.06384191131255594 1.460355036164942 
1 -0.07783416000000026 0.004000000000000012 -0.1783206000000001 5.549534576630243e-17 -0.9063077746978223 -0.4226182882013996 -1 -1.129881533480654e-16 1.109906915326049e-16 -1.483425866100842e-16 0.4226182882013996 -0.9063077746978223 3.816391647148976e-17 -8.847089727481716e-17 3.469446951953614e-18 5.985397705851213e-17 1.17265571078e-17 2.170887474336369e-16 
2 -0.219033056873839 0.02246636779248686 -0.1908541158678342 0.8962104345791324 0.1349097454937998 0.422618288201399 -0.1488564362572979 0.9888588177211027 1.665334536937735e-16 -0.4179098208181517 -0.06290945227882003 0.9063077746978226 0.02845156159129256 0.208543700490322 -0.01326718206778903 -0.7184510899423801 -6.938893903907228e-18 -1.540723216986299 
3 -0.3120166243820086 0.03377128725145957 -0.2125586465470866 0.9932781302956576 -0.1153265878596601 -0.00991635058934056 0.1155080757675313 0.9931001263144106 0.02024903816935287 0.007512676543340606 -0.02125834534835118 0.9997457889104637 0.045869313467892 0.3362119980251753 -0.02138921377479879 -0.05014534252322961 -0.0406328861862995 1.557106344735587 
1 -0.07783416000000026 0.004000000000000012 -0.1783206000000001 5.549534576630243e-17 -0.9063077746978223 -0.4226182882013996 -1 -1.129881533480654e-16 1.109906915326049e-16 -1.483425866100842e-16 0.4226182882013996 -0.9063077746978223 0 6.071532165918825e-17 -3.469446951953614e-18 1.783716273457915e-16 -6.088468062092097e-17 2.069115400852377e-16 
