1 0.06336329999999998 -0.00923969 0.1754432 1 0 0 0 1 -8.881784197001252e-16 0 8.881784197001252e-16 1 0 0 0 0 0 0 
2 0.06336329999999997 -0.009239690000000002 0.1754432 0.9991475579842098 0.04128144103819611 -2.680894482587032e-31 -0.04128144103819611 0.9991475579842098 -8.881784197001252e-16 -3.666528506424866e-17 8.874212990976547e-16 1 0 0 0 0 -0 0 
3 0.04455003956931927 0.01321140305902591 0.1544432 0.9999943109907206 0.003373127064616727 -3.423929903656003e-18 -0.003373127064616727 0.9999943109907206 -1.903233696094244e-15 -2.995938665699013e-18 1.903234417930711e-15 1 0 0 0 0 0 0 
4 0.02533718228677867 -0.01704045612148029 0.1544431999999615 1 0 0 0 1 0 0 0 1 0 0 0 0 0 0 
5 0.008896217652200259 -0.003415649727766681 0.1544432 0.9998493329550092 0.01735832334711857 -3.423929903655937e-18 -0.01735832334711857 0.9998493329550092 -1.903233696094244e-15 -2.961353187168038e-17 1.903006375179712e-15 1 -0 0 0 0 0 0 
6 -0.0006959211745032133 -0.03968334433993675 0.1544432000000243 0.9918873550807732 -0.1271199230288793 2.032896153860595e-13 0.1271199230288793 0.9918873550807732 -3.025718288012637e-13 -1.631774913327423e-13 3.259593312520843e-13 1 -0 -0 -0 0 0 0 
7 0.01905813997139198 -0.03177266331024334 0.1544432000000069 0.997214693601893 -0.07458454842983767 2.086133060642677e-13 0.07458454842983767 0.997214693601893 -3.022676840550924e-13 -1.854877553679747e-13 3.169851051700116e-13 1 -0 0 -0 0 0 -0 
8 0.0591979874964582 -0.01960524861887855 0.1544432000000008 0.9999552024897852 -0.00946535860982602 2.039234020530081e-13 0.00946535860982602 0.9999552024897852 -3.001742367725244e-13 -2.010730099958388e-13 3.020909978434538e-13 1 0 0 0 0 0 -0 
9 0.05374435861058888 -0.1021491472282852 0.154443199999962 0.6743387648593129 -0.7384221219654895 2.039234020530081e-13 0.7384221219654895 0.6743387648593129 -3.001742367725243e-13 8.414184181060413e-14 3.530006753301749e-13 1 -0 0 0 0 0 0 
