1 0.015036506082326075 0.020006856008321663 0.021903827363685954 1 0 0 0 1 0 0 0 1 0 -0 -0 0 -0 0 
2 0.020036506082326076 0.022006856008321661 0.031903827363685952 6.123233995736766e-17 0 1 1 6.123233995736766e-17 -6.123233995736766e-17 -6.123233995736766e-17 1 3.749399456654644e-33 -0 -0 0 0 0 0 
3 0.020036506082326072 0.022006856008321661 0.011903827363685953 6.123233995736766e-17 0 1 1 6.123233995736766e-17 -6.123233995736766e-17 -6.123233995736766e-17 1 3.749399456654644e-33 0 0 0 0 0 0 
4 0.028842220354482639 0.02393727185994924 0.033717205279546136 0.19346729208909608 0.054008579534792912 0.97961904852261128 0.97216076949526631 -0.14508294155562965 -0.18399559321879785 0.13218867253317865 0.98794433720033015 -0.080573826070978835 -0 -0 0 0 0 0 
5 0.030448751229999203 0.024211488718965987 0.034006797510524413 -0.97391043110248443 -0.1146174645522994 0.19586043247520737 0.2258020164278737 -0.57549494627255526 0.78601464120705478 0.022625683788100967 0.80973353866216458 0.5863613858353649 -0 0 0 0 0 0 
6 0.028842220354482632 0.024083053553519952 0.010259367397843965 0.19599076137455124 -0.043978872507795225 0.979619048522826 0.97537742796040716 0.11176548239433762 -0.1901245643532207 -0.10112613154454531 0.99276096605280784 0.064801001541112194 -0 -0 0 0 0 0 
7 0.03044639311237269 0.024355358731140107 0.0099552627232914852 -0.97837196870750909 0.075731360546266974 0.19249169300830668 0.20084638053047449 0.57042125752667694 0.79641717735712625 -0.049487597185564572 0.81785350154627068 -0.57329453837735411 -0 0 0 0 0 0 
8 0.055291934664600639 0.018949690315986936 0.012008994439440215 0.18318302470998582 -0.082404485491012883 0.97961904852297665 0.97796951773621554 -0.086187426045959248 -0.19012456435286398 0.10009796120248782 0.99286516121905177 0.064801001539879804 0 -0 0 0 0 0 
9 0.055291934664599945 0.018969390843097709 0.0315417119755841 0.17553274586245476 0.097646171969940881 0.9796190485232531 0.97918553782595796 0.085681410997394292 -0.18399559321349318 -0.10190160765403317 0.99152605659615045 -0.080573826075290386 0 -0 0 0 0 0 
10 0.056880609105439191 0.019374900450275963 0.031314389562456378 -0.9571004771601288 -0.23439098025276095 0.17035124007768093 0.126765549333407 0.18994955226161206 0.97357570999784737 -0.26055550679663902 0.95340444511852518 -0.15208810573540471 -0 0 -0 0 0 0 
11 0.056887110709981169 0.019346021940402906 0.012204786747082587 -0.95488087282512024 0.23650002073150866 0.17963924656581146 0.13815385611930275 -0.18171627727856432 0.97359781563610071 0.26289927872115476 0.95448778659866351 0.14084400761793409 0 -0 -0 0 0 0 
12 0.052099763089314112 0.011760814602406201 0.042891376275029036 -0.81327752613152138 0.066598353950685349 0.57805218167605932 0.56259525325231585 0.34361130768518344 0.75194271739863328 -0.14854711881202964 0.93674752654167037 -0.31691927207209619 -0 0 -0 0 0 0 
13 0.052279879074894731 0.012255925352260635 0.0010334549383486783 -0.82554793735515708 -0.0019207879222913513 0.56432872840429027 0.52529286284725785 -0.36808521497454139 0.76719012165100087 0.20624745179123427 0.92979007581867812 0.30488096617978511 -0 -0 -0 0 0 0 
14 0.042403066402686748 0.023403597020261731 0.042116333088444105 -0.72404317446705435 -0.45301924586908809 0.52012983415669733 0.65173142781173854 -0.20241413823679597 0.7309409433355939 -0.22584868277265505 0.86821776042307375 0.44180345514244068 -0 -0 -0 0 0 0 
15 0.042352286564988184 0.023390769243287729 0.0014863597243637582 -0.72548849295483997 0.45107714593301146 0.51980366967446845 0.65254543689564337 0.21078137275118797 0.72784316008862693 0.21874848428455224 0.86723735004787095 -0.44726779372670861 -0 -0 -0 -0 0 0 
16 0.04095291075707648 0.023869535501644421 0.041468297645685423 0.64034890654168752 -0.25634890169168856 0.72404317446705491 0.75681828225526149 0.049721561184950414 -0.65173142781173776 0.13107007871768561 0.96530461873690221 0.22584868277265527 0 0 0 0 0 0 
17 0.040900191256783798 0.023860097186569153 0.002127569906399283 0.64966947186752289 0.22714758179098712 0.72548849295483708 0.75422472654104522 -0.073003524988559415 -0.6525454368956467 -0.095260900675248616 0.97112020956509382 -0.21874848428455185 0 0 0 0 0 -0 
18 0.051799362308771801 0.051032230252289111 0.14810021906009799 -0.7443835918217504 0.66436518815474543 0.067171161927268408 -0.42449716420304862 -0.54846268271705223 0.72041019096788472 0.51545632774282601 0.50774755778331782 0.69028776010802662 0 0 0 0 0 0 
19 0.051027782268724578 0.046987885348412473 -0.10503828206561848 -0.73483626918819711 0.6763548521119761 -0.050594184548803656 -0.47562295008979927 -0.56705256502684409 -0.67248360414537467 -0.48352711075331423 -0.47010158744792985 0.73838068138697155 0 0 0 0 0 0 
1 0.015036506082326075 0.020006856008321663 0.021903827363685954 1 0 0 0 1 0 0 0 1 0 -0 -0 0 -0 0 
2 0.020036506082326076 0.022006856008321661 0.031903827363685952 6.123233995736766e-17 0 1 1 6.123233995736766e-17 -6.123233995736766e-17 -6.123233995736766e-17 1 3.749399456654644e-33 0 -0 0 0 0 0 
3 0.020036506082326072 0.022006856008321661 0.011903827363685953 6.123233995736766e-17 0 1 1 6.123233995736766e-17 -6.123233995736766e-17 -6.123233995736766e-17 1 3.749399456654644e-33 -0 -0 0 0 0 0 
4 0.028842220354482639 0.02393727185994924 0.033717205279546136 0.19346729208909602 0.054008579534793093 0.97961904852261128 0.97216076949526642 -0.14508294155562898 -0.18399559321879783 0.13218867253317798 0.98794433720033026 -0.080573826070978877 -0 -0 0 0 0 0 
5 0.030448751229999203 0.024211488718965987 0.034006797510524413 -0.97391043110248443 -0.11461746455229897 0.19586043247520743 0.22580201642787348 -0.57549494627255526 0.78601464120705478 0.022625683788101328 0.80973353866216458 0.58636138583536479 0 -0 0 0 0 0 
6 0.028842220354482632 0.024083053553519952 0.010259367397843965 0.19599076137455121 -0.043978872507795246 0.979619048522826 0.97537742796040705 0.11176548239433751 -0.1901245643532207 -0.10112613154454517 0.99276096605280773 0.064801001541112194 -0 -0 0 0 0 0 
7 0.03044639311237269 0.024355358731140107 0.0099552627232914852 -0.9783719687075092 0.075731360546266127 0.19249169300830679 0.20084638053047413 0.57042125752667683 0.79641717735712658 -0.049487597185565252 0.8178535015462709 -0.57329453837735378 0 0 0 0 0 0 
8 0.055291934664600653 0.018949690315986936 0.012008994439440215 0.18318302470998593 -0.082404485491012702 0.97961904852297665 0.97796951773621554 -0.086187426045958471 -0.19012456435286401 0.10009796120248704 0.99286516121905188 0.064801001539879763 0 -0 0 0 0 0 
9 0.055291934664599945 0.018969390843097709 0.0315417119755841 0.17553274586245457 0.09764617196994077 0.9796190485232531 0.97918553782595796 0.085681410997393792 -0.18399559321349293 -0.10190160765403272 0.99152605659615034 -0.080573826075290386 0 0 0 0 0 0 
10 0.056880609105439198 0.019374900450275963 0.031314389562456378 -0.9571004771601288 -0.23439098025276095 0.17035124007768102 0.12676554933340711 0.18994955226161186 0.97357570999784748 -0.26055550679663902 0.95340444511852529 -0.15208810573540449 -0 0 -0 0 0 0 
11 0.056887110709981176 0.019346021940402903 0.012204786747082589 -0.95488087282512024 0.23650002073150866 0.17963924656581151 0.13815385611930295 -0.1817162772785639 0.97359781563610082 0.26289927872115471 0.95448778659866362 0.14084400761793367 0 -0 -0 0 0 0 
12 0.052099763089314119 0.011760814602406206 0.042891376275029036 -0.81327752613152149 0.06659835395068571 0.5780521816760591 0.56259525325231574 0.34361130768518361 0.75194271739863328 -0.14854711881202937 0.93674752654167026 -0.31691927207209658 -0 0 -0 0 0 0 
13 0.052279879074894738 0.012255925352260642 0.0010334549383486861 -0.82554793735515752 -0.0019207879222920856 0.5643287284042896 0.52529286284725751 -0.36808521497454133 0.7671901216510012 0.20624745179123344 0.92979007581867823 0.30488096617978555 -0 -0 -0 0 0 0 
14 0.042403066402686748 0.023403597020261731 0.042116333088444112 -0.72404317446705435 -0.45301924586908798 0.52012983415669745 0.65173142781173854 -0.20241413823679591 0.73094094333559378 -0.22584868277265499 0.86821776042307375 0.44180345514244063 -0 -0 -0 0 0 0 
15 0.042352286564988191 0.023390769243287726 0.0014863597243637554 -0.72548849295483986 0.4510771459330114 0.51980366967446856 0.65254543689564359 0.21078137275118836 0.7278431600886266 0.21874848428455182 0.86723735004787095 -0.44726779372670888 -0 -0 -0 -0 0 0 
16 0.04095291075707648 0.023869535501644418 0.041468297645685423 0.64034890654168752 -0.25634890169168839 0.72404317446705502 0.75681828225526171 0.04972156118495058 -0.65173142781173765 0.13107007871768531 0.96530461873690232 0.22584868277265524 0 0 0 0 0 0 
17 0.040900191256783805 0.02386009718656916 0.0021275699063992826 0.64966947186752333 0.22714758179098665 0.72548849295483697 0.754224726541045 -0.073003524988559831 -0.65254543689564704 -0.095260900675248006 0.97112020956509382 -0.21874848428455176 0 0 0 0 0 -0 
18 0.051799362308771829 0.051032230252289118 0.14810021906009796 -0.74438359182174874 0.66436518815474754 0.067171161927267325 -0.42449716420305061 -0.54846268271705045 0.72041019096788483 0.5154563277428269 0.50774755778331715 0.69028776010802662 0 0 0 0 0 0 
19 0.051027782268724668 0.046987885348412473 -0.10503828206561848 -0.73483626918819611 0.67635485211197699 -0.05059418454880385 -0.47562295008979982 -0.56705256502684354 -0.67248360414537467 -0.48352711075331489 -0.47010158744792907 0.73838068138697155 0 0 0 0 0 0 
1 0.015036506082326075 0.020006856008321663 0.021903827363685954 1 0 0 0 1 0 0 0 1 0 -0 -0 0 -0 0 
2 0.020036506082326076 0.022006856008321661 0.031903827363685952 6.123233995736766e-17 0 1 1 6.123233995736766e-17 -6.123233995736766e-17 -6.123233995736766e-17 1 3.749399456654644e-33 0 -0 0 0 0 0 
3 0.020036506082326072 0.022006856008321661 0.011903827363685953 6.123233995736766e-17 0 1 1 6.123233995736766e-17 -6.123233995736766e-17 -6.123233995736766e-17 1 3.749399456654644e-33 -0 -0 0 0 0 0 
4 0.028842220354482639 0.02393727185994924 0.033717205279546136 0.1934672920890961 0.054008579534792822 0.97961904852261128 0.97216076949526631 -0.14508294155562901 -0.18399559321879794 0.13218867253317804 0.98794433720033026 -0.080573826070978627 -0 -0 0 0 0 0 
5 0.030448751229999196 0.024211488718965987 0.034006797510524413 -0.97391043110248443 -0.11461746455229897 0.19586043247520746 0.22580201642787351 -0.57549494627255515 0.78601464120705478 0.022625683788101342 0.80973353866216458 0.58636138583536479 0 -0 0 0 0 0 
6 0.028842220354482632 0.024083053553519952 0.010259367397843965 0.19599076137455118 -0.043978872507795336 0.979619048522826 0.97537742796040716 0.11176548239433681 -0.19012456435322073 -0.10112613154454453 0.99276096605280784 0.064801001541112152 -0 -0 0 0 0 0 
7 0.03044639311237269 0.024355358731140107 0.0099552627232914852 -0.97837196870750909 0.075731360546266974 0.19249169300830679 0.20084638053047463 0.57042125752667616 0.7964171773571268 -0.049487597185564447 0.81785350154627123 -0.57329453837735334 0 0 0 0 0 0 
8 0.055291934664600646 0.018949690315986936 0.012008994439440215 0.18318302470998582 -0.082404485491012883 0.97961904852297665 0.97796951773621565 -0.086187426045958582 -0.19012456435286396 0.10009796120248715 0.99286516121905199 0.064801001539879929 0 -0 0 0 0 0 
9 0.055291934664599945 0.018969390843097709 0.0315417119755841 0.17553274586245476 0.097646171969940881 0.9796190485232531 0.97918553782595796 0.085681410997394292 -0.18399559321349318 -0.10190160765403317 0.99152605659615045 -0.080573826075290386 0 0 0 0 0 -0 
10 0.056880609105439198 0.019374900450275959 0.031314389562456378 -0.9571004771601288 -0.23439098025276095 0.17035124007768096 0.12676554933340697 0.18994955226161231 0.97357570999784737 -0.26055550679663908 0.95340444511852518 -0.15208810573540493 -0 0 -0 0 0 0 
11 0.056887110709981162 0.019346021940402906 0.012204786747082587 -0.95488087282512046 0.23650002073150783 0.17963924656581154 0.13815385611930306 -0.18171627727856401 0.97359781563610082 0.26289927872115393 0.95448778659866385 0.14084400761793389 0 -0 -0 0 0 0 
12 0.052099763089314112 0.011760814602406204 0.042891376275029036 -0.81327752613152149 0.066598353950685349 0.5780521816760591 0.56259525325231563 0.34361130768518344 0.75194271739863339 -0.14854711881202956 0.93674752654167037 -0.31691927207209625 -0 0 -0 0 0 0 
13 0.052279879074894731 0.012255925352260635 0.0010334549383486697 -0.82554793735515697 -0.0019207879222928176 0.56432872840429049 0.52529286284725862 -0.36808521497454083 0.76719012165100064 0.20624745179123294 0.92979007581867845 0.30488096617978538 -0 -0 -0 0 0 0 
14 0.042403066402686748 0.023403597020261731 0.042116333088444105 -0.72404317446705413 -0.45301924586908832 0.52012983415669745 0.65173142781173854 -0.2024141382367953 0.73094094333559412 -0.22584868277265568 0.86821776042307386 0.44180345514244035 -0 -0 -0 0 0 0 
15 0.042352286564988191 0.023390769243287729 0.00148635972436374 -0.72548849295483997 0.45107714593301063 0.51980366967446923 0.65254543689564382 0.21078137275118813 0.72784316008862648 0.21874848428455115 0.86723735004787139 -0.44726779372670833 -0 -0 -0 -0 0 0 
16 0.04095291075707648 0.023869535501644418 0.041468297645685416 0.64034890654168741 -0.25634890169168867 0.72404317446705502 0.75681828225526171 0.049721561184950636 -0.65173142781173765 0.13107007871768542 0.9653046187369021 0.22584868277265555 0 0 0 0 0 0 
17 0.040900191256783805 0.02386009718656916 0.0021275699063992644 0.64966947186752344 0.22714758179098563 0.72548849295483708 0.75422472654104478 -0.073003524988559637 -0.65254543689564704 -0.095260900675247506 0.97112020956509404 -0.21874848428455082 0 0 0 0 0 -0 
18 0.051799362308771808 0.051032230252289132 0.14810021906009796 -0.74438359182175062 0.6643651881547451 0.067171161927268699 -0.42449716420304817 -0.54846268271705234 0.72041019096788483 0.5154563277428259 0.50774755778331804 0.6902877601080265 0 0 0 0 0 0 
19 0.051027782268724751 0.046987885348412445 -0.10503828206561851 -0.73483626918819822 0.67635485211197466 -0.050594184548806084 -0.47562295008979721 -0.56705256502684631 -0.67248360414537423 -0.4835271107533145 -0.47010158744792918 0.73838068138697177 0 0 0 0 0 0 
1 0.015036506082326075 0.020006856008321663 0.021903827363685954 1 0 0 0 1 0 0 0 1 2.0752307207730358e-20 2.9815559743351372e-19 2.3716922523120409e-19 0 0 -8.6736156858181761e-19 
2 0.02003650608232601 0.022006856008321661 0.031903827363685952 6.123233995736766e-17 0 1 0.99999980468750638 0.0006249999593098335 -6.1232327997926648e-17 -0.0006249999593098335 0.99999980468750638 3.827020998180068e-20 5.3407737356311304e-20 3.5448328842592469e-19 -8.0891646462785682e-20 -0.025000000000000085 7.8062556418956319e-18 -6.9388939039072284e-18 
3 0.020036506082325999 0.022006856008321658 0.011903827363685955 6.123233995736766e-17 0 1 0.99999980468750638 -0.00062499995930993314 -6.1232327997926648e-17 0.00062499995930993314 0.99999980468750638 -3.8270209981806783e-20 4.6847934240761886e-20 3.0196724569615807e-19 -3.8539999100070665e-20 0.025000000000000085 -5.2041704279304213e-18 3.4694469519536142e-18 
4 0.028842220354481623 0.023938404844038735 0.033715998415542098 0.19348951111547635 0.05392892414974252 0.97961904852261084 0.97218363847160283 -0.14486570995657344 -0.18404591592016936 0.13198781071148236 0.98798056520299493 -0.080458813095649562 1.172611236355172e-19 4.5304276296405099e-05 -4.8288720892926811e-05 -0.0088032717841393833 -0.0030429601015793208 -0.0013302819399514236 
5 0.030448738377820483 0.024212632655074805 0.034005651567367137 -0.97393661767570272 -0.11442616615165477 0.19584207221699332 0.22567878180512496 -0.57537460986962796 0.78613812129951322 0.022727784611944205 0.80984610316850159 0.58620195921663865 -5.1660267988330749e-07 4.57170498021403e-05 -4.5814252596680015e-05 -0.0066300704554790929 0.0056805812211332997 0.0051746271544324028 
6 0.028842220354482619 0.024084080935424371 0.010260665342408814 0.19601437440118566 -0.043873509084027248 0.97961904852282533 0.97538055309296867 0.11166932807886087 -0.19016502784284617 -0.1010501938452695 0.99277644833420065 0.064682161039686548 6.1462828235140168e-20 4.107905053192913e-05 5.1930623177567918e-05 0.0039280243584801471 0.0040905215559209661 -0.001391337708188009 
7 0.030446371497922377 0.024356360213072827 0.0099564234913029018 -0.97838154454509751 0.075686114298301105 0.19246081522214836 0.20079861010233011 0.57036866979022283 0.79646688487513662 -0.0494921354815272 0.81789436519892733 -0.57323584666463578 -8.6567542401115355e-07 4.0042203958440205e-05 4.6438327981284403e-05 0.0027593916018908036 -0.0007456695935830497 0.0020893821821971457 
8 0.055291934664600653 0.01894962518367152 0.012007083690466462 0.18323701439959872 -0.082284362577956766 0.97961904852297588 0.97796347153570917 -0.086166759991827435 -0.19016502784249034 0.10005820753814038 0.99287691742111228 0.06468216103845234 7.7079998200141355e-20 -2.5814081695121892e-06 -7.6430770616253777e-05 -0.00069330799261100836 0.0049876210932681408 -0.0016964744486076475 
9 0.055291934664599952 0.018969165114249776 0.03154361046191443 0.17559573891192592 0.097532847012546095 0.97961904852325221 0.97917716058636439 0.085669066885774636 -0.18404591591487673 -0.10187357195072705 0.99153827698810904 -0.080458813099946347 1.4293680984916318e-20 -9.005422544288019e-06 7.5942272351797093e-05 0.00029524163880321401 -0.0047523431916923122 -0.0020775679305158811 
10 0.056880657169454389 0.019374593819369939 0.031316479733844327 -0.95709012829603479 -0.23438332490724822 0.17041990295650036 0.12683923839051078 0.18994003110330901 0.97356796998924999 -0.26055765949746101 0.95340822399950864 -0.15206072631454787 1.9217088450357045e-06 -1.2239043022484486e-05 8.3612126366547907e-05 0.0010860762898131874 -0.00023449479239201726 -0.0027832067047498018 
11 0.056887151928758845 0.019345892479004645 0.012202670271757098 -0.95486993280660382 0.23649945730280963 0.17969813053392761 0.13822021898658232 -0.18169362325165411 0.97359262442409 0.26290413173857347 0.95449223881871481 0.14080477104709313 1.647769099757488e-06 -5.1520517580781412e-06 -8.4661845174379492e-05 -0.0015352881074854657 0.00042582833939889988 -0.0023562187483888849 
12 0.052102649156628746 0.011766266586465441 0.042889201532516512 -0.81335821051841228 0.066858599143118744 0.57790859926367766 0.5625364584109237 0.3436584906728577 0.75196514197597519 -0.14832786097285072 0.93671167896480989 -0.31712785457941961 0.00011435242826163616 0.00021666652668129356 -8.6300767581232079e-05 -0.001792598608778501 0.011975019837621285 0.0025200602033825766 
13 0.052280658508376154 0.012258686145224984 0.0010341903397689436 -0.82557895523380831 -0.0020640523699178748 0.56428284429253006 0.52530006469393697 -0.36805733562725879 0.76719856603327208 0.2061049021920614 0.9298008052151695 0.304944637456741 3.1064027187335729e-05 0.00011028230942751429 2.9337271677313493e-05 -0.0012042690473716752 -0.0061346598794195708 -5.2623501506216669e-05 
14 0.042403331867756536 0.023404005490156612 0.042118447906256844 -0.72406955181179211 -0.45292161613124571 0.52017813658412348 0.65175529291831602 -0.20251126433053346 0.73089275955656374 -0.22569519776023311 0.86824604661369431 0.44182630099130582 1.0603389139351195e-05 1.6322584308670947e-05 8.4593517453072505e-05 0.0044329364388139489 0.0044681170209696312 5.9532610052173869e-05 
15 0.042352452263673096 0.023391085575912469 0.0014842426834445074 -0.72550305979987073 0.45100975354741196 0.5198418148111289 0.65257071016438761 0.21086812295186158 0.72779537162467955 0.21862474346828178 0.86725131128633148 -0.447301223579331 6.6149186946464956e-06 1.2639005687718121e-05 -8.4683095006499184e-05 -0.0040857486886083979 -0.0031448990502914828 -0.0001616585838864822 
16 0.040953102844425333 0.023870013497855353 0.041470626698922826 0.64041942035632227 -0.2560981260568399 0.72406955181159705 0.75679371741683665 0.049782601689818962 -0.6517552929185908 0.1308672430705155 0.9653680346889304 0.22569519776006502 7.6811055032948854e-06 1.910799862557771e-05 9.3139094314633256e-05 -0.001971498392796674 0.010232928273166016 -0.0019367537718938312 
17 0.040900308403605423 0.023860484881021944 0.0021252906551524923 0.64970286507329245 0.22700550067473765 0.72550305979986518 0.7542050264158644 -0.072981137046385591 -0.65257071016439416 -0.095189102551711424 0.97115511443786784 -0.2186247434682804 4.6747699641719828e-06 1.5492918117477145e-05 -9.1167788448197291e-05 -0.0011708842519122121 -0.0057667421008397828 -0.0010400304682081291 
18 0.051833949058563401 0.051034203721636306 0.14809946679728705 -0.74292854186532031 0.66606740568319089 0.06641831651233461 -0.42607236696626832 -0.54708790378285443 0.7205256162290441 0.51625528548348121 0.50700003611532984 0.69024013472806944 0.001375565008652508 7.5780289886352833e-05 -2.8974139758404689e-05 0.0014435727346746308 0.043488231724958429 0.083140692321751405 
19 0.051048910575251072 0.046983225803524459 -0.10504022376072988 -0.73413252583124455 0.67713856287140484 -0.05032694297377413 -0.47635738093845109 -0.5664329719800012 -0.67248593582272231 -0.48387300001353289 -0.46972018790589759 0.73839682077562596 0.00084403950624970577 -0.00018673579453329779 -7.7711040134490893e-05 -0.0025008154181633702 -0.020423274022645654 0.038294740966604214 
1 0.015036506082326075 0.020006856008321663 0.021903827363685954 1 0 0 0 1 0 0 0 1 -1.3721933745519665e-19 -5.8275866771095863e-19 -2.2903770893756281e-18 -0 1.0408505521236668e-17 -3.4693920643633549e-18 
2 0.020036506082326076 0.022006856008321665 0.031903827363685952 6.123233995736766e-17 0 1 0.99998417972921372 0.0056249703369610424 -6.1231371245168657e-17 -0.0056249703369610424 0.99998417972921372 3.4443009592290746e-19 -5.3741236212692335e-20 -1.0486267887008238e-18 -3.0493186101154812e-20 -0.074999999999999983 1.7347234759768071e-17 -1.3877787807814457e-17 
3 0.020036506082326079 0.022006856008321658 0.011903827363685953 6.123233995736766e-17 0 1 0.99998417972921372 -0.0056249703369609201 -6.1231371245168657e-17 0.0056249703369609201 0.99998417972921372 -3.444300959229e-19 7.3076887291793585e-20 5.082197683525802e-20 1.1011428314305904e-19 0.075000000000000011 -6.9388939039072284e-18 2.0816681711721685e-17 
4 0.028842220354482626 0.023947441517234151 0.033706318059513067 0.19367176387332699 0.053270701608369553 0.97961904852261128 0.97235002348144284 -0.14323106839475711 -0.18444590774027433 0.13048632002563204 0.98825456912510568 -0.079537581617244821 -1.6728900708272432e-19 0.0001351868021870323 -0.00014554391316843696 -0.023791760069057338 -0.0096416564296999997 -0.0041577178078820148 
5 0.030448631343346865 0.024221716251352866 0.033996519894587629 -0.9741319528609429 -0.11301632091201956 0.19568916582896756 0.22475819496241245 -0.57447081893496832 0.787062279612881 0.023466832179992791 0.81068525914790024 0.58501172500022414 -1.6576694427611956e-06 0.00013541221104353672 -0.000136580928996067 -0.017781883843847848 0.014530079710963061 0.013808775342894798 
6 0.028842220354482632 0.024092270746040763 0.010271071963251333 0.19620184002881602 -0.043027406853539105 0.979619048522826 0.97540415780297196 0.11091343378475904 -0.19048606024260339 -0.10045679125863885 0.9928982085115946 0.063730531336906107 1.8507669897506462e-19 0.00012245665503259678 0.00015640610532893261 0.011423674803277398 0.012362360378442617 -0.0041360496116778249 
7 0.03044619661099994 0.0243643414217532 0.0099657234477053894 -0.97845747128808158 0.075338683907512513 0.19221097676151824 0.20042198409123937 0.5699563621475483 0.79685680868049547 -0.049517725851092868 0.81821380332686677 -0.57277758935901057 -2.6495305775719506e-06 0.00011931073180294828 0.0001396852197302472 0.007986983535708557 -0.0018852693981483328 0.0061050915175906214 
8 0.055291934664600653 0.01894914711949448 0.01199179630933404 0.18366632557465404 -0.081321587667992676 0.97961904852297665 0.97791575474683234 -0.085999055060639762 -0.19048606024224002 0.099736941339898855 0.99297077595860506 0.063730531335675689 1.9905274260476058e-19 -6.5976709236058683e-06 -0.00022932816666203809 -0.0021542106733083181 0.015002568237538276 -0.0050193785517016355 
9 0.055291934664599952 0.018967402008302495 0.03155880335580153 0.17609737131485612 0.096624197727039854 0.9796190485232531 0.97911077531903756 0.085567498350525739 -0.184445907734994 -0.10164548917758642 0.99163600561881515 -0.079537581621586112 -3.2991933295554998e-19 -2.5876800591332907e-05 0.00022795905000143666 0.00097210841294914727 -0.014304279321529684 -0.0061683547119342399 
10 0.056881040138075961 0.019372187923949739 0.031333210455509346 -0.95700706495510768 -0.234324053821654 0.1709670009873159 0.12742729586727181 0.18985980786489884 0.97350682464246674 -0.26057582753195863 0.95343877158320467 -0.15183789694257707 5.7238069688411003e-06 -3.5459666070133456e-05 0.00025108355435945307 0.0033536550256940897 -0.00074346426761552186 -0.0082834355583060962 
11 0.056887479907659168 0.01934490432043677 0.012185733451871596 -0.95478236363080737 0.23649652949851305 0.18016667182008872 0.13874931866602919 -0.18150876619984782 0.97355184472236589 0.26294346287611198 0.95452813438251671 0.14048763647720316 4.8960104208051983e-06 -1.4188535032478058e-05 -0.00025411798743341156 -0.0046888471488761487 0.0013063613222339997 -0.0069957989638909307 
12 0.052123968242267955 0.01180758922247384 0.042872924613887732 -0.81394925296065423 0.068845136910805266 0.57684223209515895 0.56212478209158645 0.34397144743786862 0.75212989084730819 -0.1466367722069708 0.93645287680226064 -0.31867486026589992 0.00029874108989538112 0.00059256126643186238 -0.00023077873704906675 -0.0037468473684872427 0.032830006215840396 0.006055159122100225 
13 0.052286694625655411 0.012280509702998108 0.0010399344639967368 -0.82582011388493259 -0.0031974428935210002 0.56392456575504812 0.52536393443771623 -0.36782606617470037 0.76726574368635003 0.20497286624136349 0.92988911242222194 0.30543798503691788 8.7950884773908039e-05 0.00032393910062826622 8.4347077291627956e-05 -0.0038450834082978426 -0.017983769435976273 -0.00030350088228193843 
14 0.042405429099040645 0.023407244838092686 0.042135368732809778 -0.72426785524979986 -0.45216296474255824 0.5205619340357831 0.65195060168799834 -0.20327363975870374 0.73050683798162064 -0.22449161857519731 0.86846328690075836 0.44201248002179683 3.1116922198941592e-05 4.8221412743808334e-05 0.00025385364369910672 0.013014232396213131 0.012813266193451113 -8.0577295350504549e-05 
15 0.042353754362344377 0.023393590469873021 0.0014673038211728117 -0.72561852706344854 0.4504748217821134 0.52014439160933446 0.652772154997731 0.21156298224056075 0.72741296263202404 0.21763792601908719 0.86736009793271751 -0.44757143974147523 1.9217662885519123e-05 3.7229408864578701e-05 -0.00025411536102152655 -0.012274166597917744 -0.0093015771309057881 -0.00046881837643815427 
16 0.040954633962340822 0.02387381595403773 0.041489222568931734 0.64095793597373585 -0.25418300132807292 0.72426785524979731 0.75659776554198332 0.050201933583575886 -0.65195060168800234 0.12935511388873014 0.9658523529506583 0.22449161857519431 2.2875274439905548e-05 5.6747410230662439e-05 0.00027851513291007527 -0.0042320450677922061 0.028337524087871529 -0.0054261752177603168 
17 0.040901225497622672 0.023863559628527202 0.0021070607180204777 0.64996574932110185 0.22588111450879206 0.72561852706344576 0.75404893227088277 -0.072792316907458576 -0.65277215499773422 -0.094629448115268494 0.97143141842721459 -0.21763792601908707 1.3487244942397889e-05 4.5762863822742205e-05 -0.00027339465004080725 -0.0037497358666937529 -0.016970222308792006 -0.0030255880228046142 
18 0.052097795996699114 0.051044851273912478 0.14809525977248972 -0.73181925033643391 0.67878457525154445 0.060762531527251071 -0.43787081526507893 -0.53665090838123608 0.72130087458195224 0.52221617552132082 0.50125572608617097 0.68995142081867655 0.0038046426359982484 9.8367873535676982e-05 -4.1576261840374452e-05 0.0055000131504260516 0.11844738585448555 0.22486554788524304 
19 0.051216007506155042 0.046945323119056317 -0.10505583376278513 -0.72854745318549541 0.68329603458090626 -0.048219680452459002 -0.48213839851745721 -0.56152468320446558 -0.67248241228090599 -0.48658110642723285 -0.46668678926892032 0.73854063367557266 0.0024812715412098562 -0.00057673282729012892 -0.00023514919426717546 -0.0077838276132405522 -0.059852734345482453 0.11214412775798424 
1 0.015036506082326075 0.020006856008321663 0.021903827363685954 1 0 0 0 1 0 0 0 1 8.7752613335545515e-19 2.7105054312137611e-19 5.014435047745458e-19 0 0 0 
2 0.020036506082326079 0.022006856008321661 0.031903827363685952 6.123233995736766e-17 0 1 0.99987793217100662 0.015624364224883211 -6.122486545856488e-17 -0.015624364224883211 0.99987793217100662 9.567163818357821e-19 1.1866525933634443e-18 1.1722935989999517e-18 -6.3866284222974246e-19 -0.12499999999999994 2.0816681711721685e-17 -6.2450045135165055e-17 
3 0.020036506082326079 0.022006856008321661 0.011903827363685955 6.123233995736766e-17 0 1 0.99987793217100662 -0.015624364224883312 -6.122486545856488e-17 0.015624364224883312 0.99987793217100662 -9.5671638183578826e-19 -3.0242528711480697e-19 -1.5924219408380846e-19 -7.9451690452453372e-19 0.125 -5.2041704279304213e-17 2.7755575615628914e-17 
4 0.028842220354481949 0.023965369095312064 0.03368682240406954 0.19405195995908822 0.051868647636987023 0.97961904852261139 0.97261644159822847 -0.14037929297532972 -0.18523204808171426 0.12791049358374149 0.98873823507339731 -0.077689176434732471 2.9264988327636077e-19 0.00022287438004794873 -0.00024481413587380113 -0.033679876841999086 -0.01726733822617306 -0.0072421878390049408 
5 0.030448398419803784 0.024239578524533203 0.033978372076370486 -0.97446641041621229 -0.11068461931322666 0.19535641790846842 0.22317854330381998 -0.57290215487770701 0.78865357334210107 0.024628292253565096 0.81211577745046049 0.58297633848785591 -3.0484106077237815e-06 0.00022106149385175223 -0.00022631505577334657 -0.024831984002190926 0.018451592225905526 0.019161409372145638 
6 0.028842220354482632 0.024108493758052598 0.010292007400150849 0.19656870969838849 -0.041319028772997188 0.979619048522826 0.97544458511323928 0.10946855751479523 -0.19111383071062715 -0.099340846285759843 0.9931310954636785 0.061822515981985363 2.549569171235444e-19 0.00020147749544188889 0.00026270471871636723 0.017936669627871292 0.020886979716154608 -0.0067566310220245488 
7 0.030445836381811468 0.024380141643914215 0.0099843987803090034 -0.97860612240181244 0.074716540114996677 0.19169636363513265 0.19969561898592653 0.56917397814347215 0.79759804561079639 -0.049514815515324065 0.81881525464391425 -0.57191770544974829 -4.5895904704707017e-06 0.00019615992783301171 0.00023408248166485889 0.012421572675424689 -0.0020598851445583007 0.0096974191986656313 
8 0.055291934664600646 0.018948420328869821 0.011961215331650742 0.18451096255409832 -0.079386550928340197 0.97961904852297665 0.97782381537647911 -0.085650976607616613 -0.19111383071025143 0.099077196064206674 0.99315743250396282 0.061822515980758892 -3.9810548520952116e-20 -7.173495995597503e-06 -0.00038230445993148003 -0.0038373278174925031 0.025134867778243173 -0.0081307603909136859 
9 0.055291934664599952 0.018964103797160934 0.031589214640285218 0.17708811813405134 0.094796192888409736 0.9796190485232531 0.97898131424564938 0.085350305935329385 -0.18523204807647781 -0.10117007845010889 0.99183113839534653 -0.077689176439126428 2.3293406049493259e-20 -3.932659042509187e-05 0.00038034402639509034 0.0018882108770640754 -0.023992758422725455 -0.010062932746901747 
10 0.056881797704342957 0.019367627711743156 0.031366719774682944 -0.95683977487059346 -0.23421508224956256 0.17204923851160339 0.1285953880145127 0.18967854963309408 0.97338855242420164 -0.26061632989317624 0.95350162194718702 -0.15137300134797693 9.3988995748974579e-06 -5.4905158045489358e-05 0.00041925116447753423 0.0058900546562477129 -0.0013518623807203516 -0.013583849834482475 
11 0.056888126357081001 0.019343181591093113 0.012151834393406198 -0.95460699594838405 0.23649911893221165 0.18109017099414715 0.13979780734457206 -0.18111975337038622 0.97347429755525661 0.26302482078323286 0.95460138365882219 0.13983612540617024 8.0008941479878589e-06 -1.9420280356903715e-05 -0.00042393935544350191 -0.0080900873823506678 0.0022735931582887709 -0.011414701294879235 
12 0.052159468306217233 0.011880981009994974 0.042844930155692254 -0.81491146382923774 0.072431208523563342 0.57504176035441545 0.56153732964267011 0.34433574126767874 0.75240197016183941 -0.14351004681717644 0.93604840543502565 -0.32127597038228295 0.00039736184976056242 0.00085725042023220531 -0.00032003036833489498 -0.0025188496550398991 0.047646769690797786 0.0066950558237805699 
13 0.052297774152135143 0.012322849326235886 0.0010507226520282955 -0.82626779276818163 -0.0053998715645440587 0.56325160986994416 0.52552222064254073 -0.36732209560897872 0.76739877097136477 0.2027509068905245 0.93007812546286384 0.30634416966959754 0.00013073737427784721 0.00051903763598114066 0.00012932443086487985 -0.0071194501743865489 -0.028683434293278975 -0.00093065236743660254 
14 0.042409492500968773 0.023413580795647249 0.042169231910519689 -0.72461373119859063 -0.45073784614941909 0.52131596427410454 0.65235722358792669 -0.20474327189562516 0.72973299599656727 -0.2221823426627523 0.86885878407371631 0.44240187606613357 4.9755008930299256e-05 7.8057075691087094e-05 0.00042351748431159847 0.021110652001598552 0.019953781149965846 -0.00066726702887790791 
15 0.042356232563019958 0.0233984623136025 0.0014334141492103112 -0.72584436791676665 0.44942661128314243 0.52073570516535606 0.65317079247155441 0.21295790802694528 0.72664767616147286 0.21568001628707062 0.8675624764127009 -0.44812663399431041 2.9921385327446918e-05 5.9743990174911303e-05 -0.00042370731654140881 -0.020523856941143292 -0.015076801036315054 -0.0007146412740797331 
16 0.04095765072917594 0.02388130353383899 0.041526277083279703 0.64192965522408008 -0.25072147555115493 0.72461373119845396 0.75620994971717859 0.050759873730558264 -0.65235722358811965 0.12677866418540587 0.96672756085481981 0.22218234266263079 3.7237724980028263e-05 9.259903744721117e-05 0.00046236114924954014 -0.0032017359754869137 0.041841804018790237 -0.00812197439074667 
17 0.040902951017529061 0.023869565128996805 0.0020706228174369357 0.65046971189388336 0.22369422762378566 0.72584436791676377 0.75374473608713599 -0.07236565955624899 -0.65317079247155774 -0.093584329508855868 0.97196918873222893 -0.21568001628707018 2.0650986534194695e-05 7.3860544698517222e-05 -0.00045528700004024604 -0.0069770185829042715 -0.02726729191431243 -0.0047399977373792576 
18 0.052573416743228053 0.051045218242801116 0.14809414513486802 -0.71174782508557854 0.70058626430979321 0.050930538445977863 -0.45823569768578037 -0.51804199512692972 0.72225517419492136 0.53238621211708204 0.49072535857173583 0.68974889894965874 0.0056048792162770077 -0.00013289609508685199 3.3495003842669594e-05 0.011890083965814646 0.17013181961164817 0.31933509332420862 
19 0.051540481311300262 0.046866344064138372 -0.10508744062410899 -0.71760148201742247 0.69505271967442406 -0.044156878055240378 -0.49323205935760212 -0.55194890989020606 -0.67236488344712952 -0.49170138156024917 -0.46071044892014296 0.73890164002223091 0.0039790852175431782 -0.0010124613302407257 -0.00039815994511827518 -0.013835187215643686 -0.095455417468749082 0.1786823220967817 
1 0.015036506082326075 0.020006856008321663 0.021903827363685954 1 0 0 0 1 0 0 0 1 2.541098841762901e-19 1.2739375526704677e-18 4.87890977618477e-19 0 -2.0826447413313064e-17 -6.9356401964507924e-18 
2 0.020036506082326083 0.022006856008321661 0.031903827363685945 6.123233995736766e-17 0 1 0.99953109133797191 0.030620213074421004 -6.1203627582765401e-17 -0.030620213074421004 0.99953109133797191 1.8749472965399808e-18 5.4184575034245508e-19 8.3348042009823153e-19 7.453889935837843e-20 -0.17499999999999988 2.7755575615628914e-17 -4.8572257327350599e-17 
3 0.020036506082326086 0.022006856008321661 0.011903827363685953 6.123233995736766e-17 0 1 0.99953109133797191 -0.030620213074421105 -6.1203627582765401e-17 0.030620213074421105 0.99953109133797191 -1.8749472965399869e-18 1.9178235626639673e-19 1.0299920638612292e-18 3.2187251995663413e-19 0.17499999999999996 -5.5511151231257827e-17 2.7755575615628914e-17 
4 0.02884222035448096 0.023991892689403511 0.033657245226234901 0.19463841019924538 0.049622666663155672 0.97961904852261195 0.9729098481533005 -0.13678532886402262 -0.18637650381387391 0.12474901459102614 0.98935704614704112 -0.074902060036886944 5.0610218598444445e-19 0.00030684812594606784 -0.00034738141918932205 -0.039322731672459803 -0.025813151506269279 -0.010373937617129509 
5 0.030448011383796467 0.024265763167380012 0.033951235245616392 -0.97487970071669983 -0.10798685978205527 0.19480350932395571 0.22122750924468437 -0.57094274490263841 0.79062176241008808 0.025844888932066379 0.81385700227831892 0.58049015629779421 -4.7476936577960929e-06 0.0003017502406264279 -0.00031670022738028002 -0.028479687870036765 0.018193994107486487 0.021936980258052619 
6 0.028842220354482632 0.024132433721053361 0.01032371211058487 0.19709722083276762 -0.038719572715002031 0.979619048522826 0.97549098545603496 0.10745137290789017 -0.19201963377275566 -0.097826493517926383 0.99345608717697098 0.058948961119004419 4.1970482536450582e-19 0.00027652016929269004 0.00037197609972804737 0.023072821017576912 0.029779944879923394 -0.0091422776846362599 
7 0.030445270110886762 0.024403441156359361 0.010012606905707907 -0.97882279682341233 0.073945459399292368 0.19088740517126943 0.19866249997345498 0.5680956975497462 0.79862412280732187 -0.049387685945889041 0.81963366662167725 -0.57075520936493895 -6.7870706249240417e-06 0.00026904271798711718 0.00033049027239180542 0.015747717538483003 -0.00086641617891870196 0.012759853396662179 
8 0.055291934664600653 0.018947903609193316 0.011915334060784337 0.18574255253687855 -0.076460603895226575 0.97961904852297665 0.97769470248723145 -0.085097173715300511 -0.19201963377236161 0.098044749504952178 0.99343457111057143 0.058948961117783499 5.9207603013075603e-19 -2.0136719922151988e-06 -0.00053531666984745971 -0.0058894973952123269 0.035456982074272614 -0.010885096573656132 
9 0.055291934664599952 0.018959727086483087 0.031634889605191514 0.17854227309493687 0.092028128789459193 0.9796190485232531 0.9787952722538722 0.084991845735407745 -0.18637650380870688 -0.10041151194739201 0.99212257794589043 -0.074902060041359214 4.2986922073155742e-19 -4.7064107736526469e-05 0.00053324756132174932 0.0031741940793576281 -0.03389836427895513 -0.013623269374836069 
10 0.056882912632516755 0.019361416989628257 0.031417095373600115 -0.95658674776017161 -0.23407317714928444 0.17364199304562702 0.13032658811013795 0.18935675322169504 0.97322094122604474 -0.2606852018070614 0.9536004235257961 -0.1506302021848005 1.285519795603859e-05 -6.804710800245093e-05 0.00058845415375028776 0.0088481821728685021 -0.0020970474660283438 -0.018545315930101738 
11 0.056889071969696524 0.019341231806524532 0.01210092866699693 -0.95434351267214323 0.23652425773467228 0.182441046159183 0.1413458241788233 -0.18048811900290479 0.97336806855680369 0.26315360116822267 0.9547147817028161 0.13881594933702826 1.0862040038655173e-05 -1.8305606849718238e-05 -0.00059426284403804196 -0.011900537588493647 0.0033865971136070048 -0.015458783627639201 
12 0.052201104334457071 0.01197601012422281 0.042810482252740929 -0.81599663039035442 0.077172423551365013 0.57288211373265618 0.56103615614427604 0.34445131609963192 0.75272287220203893 -0.13924054973477668 0.93562690634699064 -0.32436763314041833 0.00042603746406989757 0.0010312560007614505 -0.0003624675416748829 0.0013722022118795845 0.057417073174620206 0.0050347473229856686 
