       1 -4.190000e-01 9.000001e-02 2.000000e-01 2.220446e-16 -2.220446e-16 1.000000e+00 1.000000e+00 0.000000e+00 -2.220446e-16 4.930381e-32 1.000000e+00 2.220446e-16 0.000000e+00 0.000000e+00 0.000000e+00 0.000000e+00 0.000000e+00 0.000000e+00
       2 7.100000e-02 1.600000e-01 2.000000e-01 1.000000e+00 1.479114e-31 3.072820e-08 2.554319e-16 1.000000e+00 -8.312621e-09 -3.072820e-08 8.312621e-09 1.000000e+00 0.000000e+00 0.000000e+00 0.000000e+00 0.000000e+00 0.000000e+00 0.000000e+00
       3 -1.733762e-02 2.068665e-01 2.000000e-01 5.798565e-02 -9.983174e-01 1.224182e-07 9.983174e-01 5.798565e-02 -7.110464e-09 3.308722e-24 1.226245e-07 1.000000e+00 0.000000e+00 0.000000e+00 0.000000e+00 0.000000e+00 0.000000e+00 0.000000e+00
       4 -2.936386e-01 9.000001e-02 2.000000e-01 2.220446e-16 -2.220446e-16 1.000000e+00 1.000000e+00 0.000000e+00 -2.220446e-16 4.930381e-32 1.000000e+00 2.220446e-16 0.000000e+00 0.000000e+00 0.000000e+00 0.000000e+00 0.000000e+00 0.000000e+00
       1 -4.190000e-01 9.000001e-02 2.000000e-01 2.220446e-16 -2.220446e-16 1.000000e+00 1.000000e+00 0.000000e+00 -2.220446e-16 4.930381e-32 1.000000e+00 2.220446e-16 0.000000e+00 0.000000e+00 0.000000e+00 0.000000e+00 0.000000e+00 0.000000e+00
       2 7.100000e-02 1.600000e-01 2.000000e-01 1.000000e+00 -4.077962e-23 3.072820e-08 2.554319e-16 1.000000e+00 -8.312621e-09 -3.072820e-08 8.312621e-09 1.000000e+00 -1.110223e-14 5.551111e-15 -7.105262e-16 -2.828654e-14 -2.220446e-14 7.971348e-21
       3 -1.733762e-02 2.068665e-01 2.000000e-01 5.798563e-02 -9.983174e-01 1.224182e-07 9.983174e-01 5.798563e-02 -7.110461e-09 6.394889e-16 1.226245e-07 1.000000e+00 -2.274655e-13 8.503178e-15 1.190604e-15 1.244241e-13 -6.351590e-14 4.969724e-06
       4 -2.936386e-01 9.000001e-02 2.000000e-01 2.220446e-16 -2.220446e-16 1.000000e+00 1.000000e+00 0.000000e+00 -2.220446e-16 4.930381e-32 1.000000e+00 2.220446e-16 2.907655e-06 -2.791608e-15 4.442497e-14 -4.861731e-61 0.000000e+00 2.189529e-45
       1 -4.190000e-01 9.000001e-02 2.000000e-01 2.220446e-16 -2.220446e-16 1.000000e+00 1.000000e+00 0.000000e+00 -2.220446e-16 4.930381e-32 1.000000e+00 2.220446e-16 0.000000e+00 0.000000e+00 0.000000e+00 0.000000e+00 0.000000e+00 0.000000e+00
       2 7.100000e-02 1.600000e-01 2.000000e-01 1.000000e+00 1.539735e-15 3.072820e-08 -1.284303e-15 1.000000e+00 -8.312621e-09 -3.072820e-08 8.312621e-09 1.000000e+00 -3.801190e-15 -1.148740e-14 -2.053764e-15 7.071680e-15 5.551332e-15 -2.309603e-13
       3 -1.733762e-02 2.068665e-01 2.000000e-01 5.798563e-02 -9.983174e-01 1.224182e-07 9.983174e-01 5.798563e-02 -7.110461e-09 6.394889e-16 1.226245e-07 1.000000e+00 6.200626e-14 5.794482e-15 2.091123e-15 -3.110602e-14 1.587920e-14 -1.242432e-06
       4 -2.936386e-01 9.000001e-02 2.000000e-01 2.220446e-16 -2.220446e-16 1.000000e+00 1.000000e+00 0.000000e+00 -2.220446e-16 4.930381e-32 1.000000e+00 2.220446e-16 -7.269138e-07 1.926277e-16 -1.207202e-14 -4.254014e-60 0.000000e+00 1.915838e-44
       1 -4.190000e-01 9.000001e-02 2.000000e-01 2.220446e-16 -2.220446e-16 1.000000e+00 1.000000e+00 0.000000e+00 -2.220446e-16 4.930381e-32 1.000000e+00 2.220446e-16 0.000000e+00 0.000000e+00 0.000000e+00 0.000000e+00 0.000000e+00 0.000000e+00
       2 7.100000e-02 1.600000e-01 2.000000e-01 1.000000e+00 1.165148e-15 3.072820e-08 -9.097164e-16 1.000000e+00 -8.312621e-09 -3.072820e-08 8.312621e-09 1.000000e+00 1.412070e-14 3.054575e-14 3.010553e-16 -2.204015e-19 -2.258246e-19 1.331748e-13
       3 -1.733762e-02 2.068665e-01 2.000000e-01 5.798563e-02 -9.983174e-01 1.224182e-07 9.983174e-01 5.798563e-02 -7.110461e-09 6.394873e-16 1.226245e-07 1.000000e+00 9.491610e-15 1.250542e-14 2.758272e-15 -2.458865e-19 -2.206966e-19 -7.145673e-13
       4 -2.936386e-01 9.000001e-02 2.000000e-01 2.220446e-16 -2.220446e-16 1.000000e+00 1.000000e+00 0.000000e+00 -2.220446e-16 4.930381e-32 1.000000e+00 2.220446e-16 -6.527155e-15 6.095497e-17 6.606782e-16 -3.682761e-59 0.000000e+00 1.658568e-43
       1 -4.190000e-01 9.000001e-02 2.000000e-01 2.220446e-16 -2.220446e-16 1.000000e+00 1.000000e+00 0.000000e+00 -2.220446e-16 4.930381e-32 1.000000e+00 2.220446e-16 0.000000e+00 0.000000e+00 0.000000e+00 0.000000e+00 0.000000e+00 0.000000e+00
       2 7.100000e-02 1.600000e-01 2.000000e-01 1.000000e+00 1.259418e-15 3.072820e-08 -1.003986e-15 1.000000e+00 -8.312621e-09 -3.072820e-08 8.312621e-09 1.000000e+00 -1.008082e-15 -4.475356e-15 -6.662007e-17 4.302896e-19 1.603617e-19 -3.286983e-14
       3 -1.733762e-02 2.068665e-01 2.000000e-01 5.798563e-02 -9.983174e-01 1.224182e-07 9.983174e-01 5.798563e-02 -7.110461e-09 6.394902e-16 1.226245e-07 1.000000e+00 -3.701486e-15 3.749777e-15 1.080661e-16 5.125566e-19 1.406330e-19 2.750019e-12
       4 -2.936386e-01 9.000001e-02 2.000000e-01 2.220446e-16 -2.220446e-16 1.000000e+00 1.000000e+00 0.000000e+00 -2.220446e-16 4.930381e-32 1.000000e+00 2.220446e-16 1.196576e-13 -6.429268e-16 -9.392417e-16 -3.162556e-58 0.000000e+00 1.424289e-42
       1 -4.190000e-01 9.000001e-02 2.000000e-01 2.220446e-16 -2.220446e-16 1.000000e+00 1.000000e+00 0.000000e+00 -2.220446e-16 4.930381e-32 1.000000e+00 2.220446e-16 0.000000e+00 0.000000e+00 0.000000e+00 0.000000e+00 0.000000e+00 0.000000e+00
       2 7.100000e-02 1.600000e-01 2.000000e-01 1.000000e+00 1.813225e-15 3.072820e-08 -1.557793e-15 1.000000e+00 -8.312621e-09 -3.072820e-08 8.312621e-09 1.000000e+00 -1.367449e-14 -3.249557e-14 4.394162e-16 -3.866561e-19 -3.396517e-19 -7.835752e-14
       3 -1.733762e-02 2.068665e-01 2.000000e-01 5.798563e-02 -9.983174e-01 1.224182e-07 9.983174e-01 5.798563e-02 -7.110461e-09 6.394886e-16 1.226245e-07 1.000000e+00 -1.116430e-14 -2.208270e-14 -1.104526e-15 -3.960605e-19 -3.372173e-19 -3.935592e-13
       4 -2.936386e-01 9.000001e-02 2.000000e-01 2.220446e-16 -2.220446e-16 1.000000e+00 1.000000e+00 0.000000e+00 -2.220446e-16 4.930381e-32 1.000000e+00 2.220446e-16 -4.728670e-14 -6.873405e-16 -3.516856e-17 -2.714547e-57 0.000000e+00 1.222523e-41
       1 -4.190000e-01 9.000001e-02 2.000000e-01 2.220446e-16 -2.220446e-16 1.000000e+00 1.000000e+00 0.000000e+00 -2.220446e-16 4.930381e-32 1.000000e+00 2.220446e-16 0.000000e+00 0.000000e+00 0.000000e+00 0.000000e+00 0.000000e+00 0.000000e+00
       2 7.100000e-02 1.600000e-01 2.000000e-01 1.000000e+00 1.997827e-15 3.072820e-08 -1.742395e-15 1.000000e+00 -8.312621e-09 -3.072820e-08 8.312621e-09 1.000000e+00 2.178803e-14 2.757744e-14 -1.514021e-15 1.537721e-19 2.368107e-19 2.273120e-21
       3 -1.733762e-02 2.068665e-01 2.000000e-01 5.798563e-02 -9.983174e-01 1.224182e-07 9.983174e-01 5.798563e-02 -7.110461e-09 6.394890e-16 1.226245e-07 1.000000e+00 1.730513e-14 3.193370e-14 9.237257e-16 1.520596e-19 2.382111e-19 -6.487219e-14
       4 -2.936386e-01 9.000001e-02 2.000000e-01 2.220446e-16 -2.220446e-16 1.000000e+00 1.000000e+00 0.000000e+00 -2.220446e-16 4.930381e-32 1.000000e+00 2.220446e-16 1.672859e-14 -3.987224e-16 -8.021831e-16 -2.329802e-56 0.000000e+00 1.049250e-40
       1 -4.190000e-01 9.000001e-02 2.000000e-01 2.220446e-16 -2.220446e-16 1.000000e+00 1.000000e+00 0.000000e+00 -2.220446e-16 4.930381e-32 1.000000e+00 2.220446e-16 0.000000e+00 0.000000e+00 0.000000e+00 0.000000e+00 0.000000e+00 0.000000e+00
       2 7.100000e-02 1.600000e-01 2.000000e-01 1.000000e+00 3.194461e-15 3.072820e-08 -2.939029e-15 1.000000e+00 -8.312621e-09 -3.072820e-08 8.312621e-09 1.000000e+00 -7.755050e-15 -5.554512e-14 -9.915088e-15 -1.223235e-18 -8.956517e-19 -1.702649e-13
       3 -1.733762e-02 2.068665e-01 2.000000e-01 5.798563e-02 -9.983174e-01 1.224182e-07 9.983174e-01 5.798563e-02 -7.110461e-09 6.394808e-16 1.226245e-07 1.000000e+00 -2.751457e-14 -2.547422e-14 1.867175e-15 -1.307283e-18 -8.762466e-19 -3.007191e-12
       4 -2.936386e-01 9.000001e-02 2.000000e-01 2.220446e-16 -2.220446e-16 1.000000e+00 1.000000e+00 0.000000e+00 -2.220446e-16 4.930381e-32 1.000000e+00 2.220446e-16 -2.162916e-13 -6.626481e-15 -6.593308e-15 -1.999569e-55 0.000000e+00 9.005258e-40
       1 -4.190000e-01 9.000001e-02 2.000000e-01 2.220446e-16 -2.220446e-16 1.000000e+00 1.000000e+00 0.000000e+00 -2.220446e-16 4.930381e-32 1.000000e+00 2.220446e-16 0.000000e+00 0.000000e+00 0.000000e+00 0.000000e+00 0.000000e+00 0.000000e+00
       2 7.100000e-02 1.600000e-01 2.000000e-01 1.000000e+00 3.101066e-15 3.072820e-08 -2.845634e-15 1.000000e+00 -8.312621e-09 -3.072820e-08 8.312621e-09 1.000000e+00 7.532146e-14 6.300847e-14 -3.004739e-14 5.964729e-19 8.202497e-19 7.384091e-14
       3 -1.733762e-02 2.068665e-01 2.000000e-01 5.798563e-02 -9.983174e-01 1.224182e-07 9.983174e-01 5.798563e-02 -7.110461e-09 6.394816e-16 1.226245e-07 1.000000e+00 4.759747e-14 1.548267e-13 1.955603e-14 5.795879e-19 8.197033e-19 -4.926631e-13
       4 -2.936386e-01 9.000001e-02 2.000000e-01 2.220446e-16 -2.220446e-16 1.000000e+00 1.000000e+00 0.000000e+00 -2.220446e-16 4.930381e-32 1.000000e+00 2.220446e-16 1.769159e-15 -1.237290e-14 2.850775e-14 -1.716145e-54 0.000000e+00 7.728832e-39
       1 -4.190000e-01 9.000001e-02 2.000000e-01 2.220446e-16 -2.220446e-16 1.000000e+00 1.000000e+00 0.000000e+00 -2.220446e-16 4.930381e-32 1.000000e+00 2.220446e-16 0.000000e+00 0.000000e+00 0.000000e+00 0.000000e+00 0.000000e+00 0.000000e+00
       2 7.100000e-02 1.600000e-01 2.000000e-01 1.000000e+00 5.554408e-15 3.072820e-08 -5.298976e-15 1.000000e+00 -8.312621e-09 -3.072820e-08 8.312621e-09 1.000000e+00 -1.884859e-14 -1.431400e-13 2.268427e-14 -2.910741e-18 -2.212306e-18 -3.726711e-13
       3 -1.733762e-02 2.068665e-01 2.000000e-01 5.798563e-02 -9.983174e-01 1.224182e-07 9.983174e-01 5.798563e-02 -7.110461e-09 6.394620e-16 1.226245e-07 1.000000e+00 -7.298465e-14 -2.562591e-14 -4.746133e-15 -3.110704e-18 -2.159357e-18 -7.078443e-12
       4 -2.936386e-01 9.000001e-02 2.000000e-01 2.220446e-16 -2.220446e-16 1.000000e+00 1.000000e+00 0.000000e+00 -2.220446e-16 4.930381e-32 1.000000e+00 2.220446e-16 -4.988706e-13 -4.217906e-15 2.456522e-14 -1.472895e-53 0.000000e+00 6.633328e-38
       1 -4.190000e-01 9.000001e-02 2.000000e-01 2.220446e-16 -2.220446e-16 1.000000e+00 1.000000e+00 0.000000e+00 -2.220446e-16 4.930381e-32 1.000000e+00 2.220446e-16 0.000000e+00 0.000000e+00 0.000000e+00 0.000000e+00 0.000000e+00 0.000000e+00
       2 7.100000e-02 1.600000e-01 2.000000e-01 1.000000e+00 4.159879e-15 3.072820e-08 -3.904447e-15 1.000000e+00 -8.312621e-09 -3.072820e-08 8.312621e-09 1.000000e+00 1.973969e-13 1.646819e-13 2.815543e-15 2.460115e-18 2.665834e-18 3.318466e-13
       3 -1.733762e-02 2.068665e-01 2.000000e-01 5.798563e-02 -9.983174e-01 1.224182e-07 9.983174e-01 5.798563e-02 -7.110461e-09 6.394710e-16 1.226245e-07 1.000000e+00 1.301738e-13 3.985960e-13 5.981109e-14 2.494207e-18 2.642002e-18 1.502336e-12
       4 -2.936386e-01 9.000001e-02 2.000000e-01 2.220446e-16 -2.220446e-16 1.000000e+00 1.000000e+00 0.000000e+00 -2.220446e-16 4.930381e-32 1.000000e+00 2.220446e-16 2.242938e-13 -3.876433e-14 5.484340e-14 -1.264123e-52 0.000000e+00 5.693104e-37
       1 -4.190000e-01 9.000001e-02 2.000000e-01 2.220446e-16 -2.220446e-16 1.000000e+00 1.000000e+00 0.000000e+00 -2.220446e-16 4.930381e-32 1.000000e+00 2.220446e-16 0.000000e+00 0.000000e+00 0.000000e+00 0.000000e+00 0.000000e+00 0.000000e+00
       2 7.100000e-02 1.600000e-01 2.000000e-01 1.000000e+00 9.575160e-15 3.072820e-08 -9.319728e-15 1.000000e+00 -8.312621e-09 -3.072820e-08 8.312621e-09 1.000000e+00 -1.208943e-13 -3.930051e-13 7.910229e-14 -6.963853e-18 -5.640548e-18 -8.820186e-13
       3 -1.733762e-02 2.068665e-01 2.000000e-01 5.798563e-02 -9.983174e-01 1.224182e-07 9.983174e-01 5.798563e-02 -7.110461e-09 6.394269e-16 1.226245e-07 1.000000e+00 -2.117112e-13 -1.510149e-13 1.068197e-17 -7.393144e-18 -5.510875e-18 -1.518841e-11
       4 -2.936386e-01 9.000001e-02 2.000000e-01 2.220446e-16 -2.220446e-16 1.000000e+00 1.000000e+00 0.000000e+00 -2.220446e-16 4.930381e-32 1.000000e+00 2.220446e-16 -1.097906e-12 2.406722e-14 7.840422e-14 -1.084943e-51 0.000000e+00 4.886150e-36
       1 -4.190000e-01 9.000001e-02 2.000000e-01 2.220446e-16 -2.220446e-16 1.000000e+00 1.000000e+00 0.000000e+00 -2.220446e-16 4.930381e-32 1.000000e+00 2.220446e-16 0.000000e+00 0.000000e+00 0.000000e+00 0.000000e+00 0.000000e+00 0.000000e+00
       2 7.100000e-02 1.600000e-01 2.000000e-01 1.000000e+00 4.037447e-15 3.072820e-08 -3.782015e-15 1.000000e+00 -8.312621e-09 -3.072820e-08 8.312621e-09 1.000000e+00 4.603668e-13 4.646957e-13 -6.803240e-15 8.268354e-18 8.028570e-18 1.101421e-12
       3 -1.733762e-02 2.068665e-01 2.000000e-01 5.798563e-02 -9.983174e-01 1.224182e-07 9.983174e-01 5.798563e-02 -7.110461e-09 6.394660e-16 1.226245e-07 1.000000e+00 3.533960e-13 8.985477e-13 1.854541e-13 8.539695e-18 7.922414e-18 1.023838e-11
       4 -2.936386e-01 9.000001e-02 2.000000e-01 2.220446e-16 -2.220446e-16 1.000000e+00 1.000000e+00 0.000000e+00 -2.220446e-16 4.930381e-32 1.000000e+00 2.220446e-16 9.784176e-13 -8.654899e-14 1.056429e-13 -9.311607e-51 0.000000e+00 4.193575e-35
       1 -4.190000e-01 9.000001e-02 2.000000e-01 2.220446e-16 -2.220446e-16 1.000000e+00 1.000000e+00 0.000000e+00 -2.220446e-16 4.930381e-32 1.000000e+00 2.220446e-16 0.000000e+00 0.000000e+00 0.000000e+00 0.000000e+00 0.000000e+00 0.000000e+00
       2 7.100000e-02 1.600000e-01 2.000000e-01 1.000000e+00 1.715141e-14 3.072820e-08 -1.689598e-14 1.000000e+00 -8.312621e-09 -3.072820e-08 8.312621e-09 1.000000e+00 -4.600395e-13 -1.032788e-12 1.989770e-13 -1.759255e-17 -1.493115e-17 -2.243981e-12
       3 -1.733762e-02 2.068665e-01 2.000000e-01 5.798563e-02 -9.983174e-01 1.224182e-07 9.983174e-01 5.798563e-02 -7.110461e-09 6.393612e-16 1.226245e-07 1.000000e+00 -5.974956e-13 -6.721204e-13 -7.950817e-14 -1.856090e-17 -1.461587e-17 -3.452759e-11
       4 -2.936386e-01 9.000001e-02 2.000000e-01 2.220446e-16 -2.220446e-16 1.000000e+00 1.000000e+00 0.000000e+00 -2.220446e-16 4.930381e-32 1.000000e+00 2.220446e-16 -2.664412e-12 9.585433e-14 1.571389e-13 -7.991757e-50 0.000000e+00 3.599167e-34
       1 -4.190000e-01 9.000001e-02 2.000000e-01 2.220446e-16 -2.220446e-16 1.000000e+00 1.000000e+00 0.000000e+00 -2.220446e-16 4.930381e-32 1.000000e+00 2.220446e-16 0.000000e+00 0.000000e+00 0.000000e+00 0.000000e+00 0.000000e+00 0.000000e+00
       2 7.100000e-02 1.600000e-01 2.000000e-01 1.000000e+00 -4.240623e-16 3.072820e-08 6.794942e-16 1.000000e+00 -8.312621e-09 -3.072820e-08 8.312621e-09 1.000000e+00 1.122629e-12 1.365555e-12 -6.223755e-14 2.503578e-17 2.315154e-17 3.292020e-12
       3 -1.733762e-02 2.068665e-01 2.000000e-01 5.798563e-02 -9.983174e-01 1.224182e-07 9.983174e-01 5.798563e-02 -7.110461e-09 6.394909e-16 1.226245e-07 1.000000e+00 9.802650e-13 2.100055e-12 4.048918e-13 2.606055e-17 2.280437e-17 3.768602e-11
       4 -2.936386e-01 9.000001e-02 2.000000e-01 2.220446e-16 -2.220446e-16 1.000000e+00 1.000000e+00 0.000000e+00 -2.220446e-16 4.930381e-32 1.000000e+00 2.220446e-16 3.244614e-12 -2.201336e-13 2.221317e-13 -6.858986e-49 0.000000e+00 3.089013e-33
       1 -4.190000e-01 9.000001e-02 2.000000e-01 2.220446e-16 -2.220446e-16 1.000000e+00 1.000000e+00 0.000000e+00 -2.220446e-16 4.930381e-32 1.000000e+00 2.220446e-16 0.000000e+00 0.000000e+00 0.000000e+00 0.000000e+00 0.000000e+00 0.000000e+00
       2 7.100000e-02 1.600000e-01 2.000000e-01 1.000000e+00 3.354622e-14 3.072820e-08 -3.329079e-14 1.000000e+00 -8.312621e-09 -3.072820e-08 8.312621e-09 1.000000e+00 -1.461986e-12 -2.680749e-12 4.969846e-13 -4.648623e-17 -4.049985e-17 -5.974317e-12
       3 -1.733762e-02 2.068665e-01 2.000000e-01 5.798563e-02 -9.983174e-01 1.224182e-07 9.983174e-01 5.798563e-02 -7.110461e-09 6.392243e-16 1.226245e-07 1.000000e+00 -1.661035e-12 -2.334210e-12 -2.847946e-13 -4.885473e-17 -3.971165e-17 -8.506202e-11
       4 -2.936386e-01 9.000001e-02 2.000000e-01 2.220446e-16 -2.220446e-16 1.000000e+00 1.000000e+00 0.000000e+00 -2.220446e-16 4.930381e-32 1.000000e+00 2.220446e-16 -6.862443e-12 3.098184e-13 2.605899e-13 -5.886777e-48 0.000000e+00 2.651169e-32
       1 -4.190000e-01 9.000001e-02 2.000000e-01 2.220446e-16 -2.220446e-16 1.000000e+00 1.000000e+00 0.000000e+00 -2.220446e-16 4.930381e-32 1.000000e+00 2.220446e-16 0.000000e+00 0.000000e+00 0.000000e+00 0.000000e+00 0.000000e+00 0.000000e+00
       2 7.100000e-02 1.600000e-01 2.000000e-01 1.000000e+00 -1.799640e-14 3.072820e-08 1.825184e-14 1.000000e+00 -8.312621e-09 -3.072820e-08 8.312621e-09 1.000000e+00 2.898517e-12 4.026425e-12 -2.575067e-13 7.224262e-17 6.540352e-17 9.429909e-12
       3 -1.733762e-02 2.068665e-01 2.000000e-01 5.798563e-02 -9.983174e-01 1.224182e-07 9.983174e-01 5.798563e-02 -7.110461e-09 6.396128e-16 1.226245e-07 1.000000e+00 2.733040e-12 5.241640e-12 9.966572e-13 7.545774e-17 6.433514e-17 1.171216e-10
       4 -2.936386e-01 9.000001e-02 2.000000e-01 2.220446e-16 -2.220446e-16 1.000000e+00 1.000000e+00 0.000000e+00 -2.220446e-16 4.930381e-32 1.000000e+00 2.220446e-16 9.697278e-12 -5.690078e-13 3.532069e-13 -5.052371e-47 0.000000e+00 2.275385e-31
       1 -4.190000e-01 9.000001e-02 2.000000e-01 2.220446e-16 -2.220446e-16 1.000000e+00 1.000000e+00 0.000000e+00 -2.220446e-16 4.930381e-32 1.000000e+00 2.220446e-16 0.000000e+00 0.000000e+00 0.000000e+00 0.000000e+00 0.000000e+00 0.000000e+00
       2 7.100000e-02 1.600000e-01 2.000000e-01 1.000000e+00 7.337918e-14 3.072820e-08 -7.312375e-14 1.000000e+00 -8.312621e-09 -3.072820e-08 8.312621e-09 1.000000e+00 -4.301208e-12 -7.169785e-12 1.192255e-12 -1.261142e-16 -1.112817e-16 -1.628347e-11
       3 -1.733762e-02 2.068665e-01 2.000000e-01 5.798563e-02 -9.983174e-01 1.224182e-07 9.983174e-01 5.798563e-02 -7.110461e-09 6.389041e-16 1.226245e-07 1.000000e+00 -4.602326e-12 -7.169320e-12 -9.540466e-13 -1.322757e-16 -1.092253e-16 -2.222418e-10
       4 -2.936386e-01 9.000001e-02 2.000000e-01 2.220446e-16 -2.220446e-16 1.000000e+00 1.000000e+00 0.000000e+00 -2.220446e-16 4.930381e-32 1.000000e+00 2.220446e-16 -1.818172e-11 8.908036e-13 3.485176e-13 -4.336235e-46 0.000000e+00 1.952867e-30
       1 -4.190000e-01 9.000001e-02 2.000000e-01 2.220446e-16 -2.220446e-16 1.000000e+00 1.000000e+00 0.000000e+00 -2.220446e-16 4.930381e-32 1.000000e+00 2.220446e-16 0.000000e+00 0.000000e+00 0.000000e+00 0.000000e+00 0.000000e+00 0.000000e+00
       2 7.100000e-02 1.600000e-01 2.000000e-01 1.000000e+00 -7.304556e-14 3.072820e-08 7.330100e-14 1.000000e+00 -8.312621e-09 -3.072820e-08 8.312621e-09 1.000000e+00 7.751452e-12 1.146023e-11 -1.043390e-12 2.040048e-16 1.830136e-16 2.653249e-11
       3 -1.733762e-02 2.068665e-01 2.000000e-01 5.798563e-02 -9.983174e-01 1.224182e-07 9.983174e-01 5.798563e-02 -7.110461e-09 6.400186e-16 1.226245e-07 1.000000e+00 7.616648e-12 1.370310e-11 2.523664e-12 2.134011e-16 1.799164e-16 3.409638e-10
       4 -2.936386e-01 9.000001e-02 2.000000e-01 2.220446e-16 -2.220446e-16 1.000000e+00 1.000000e+00 0.000000e+00 -2.220446e-16 4.930381e-32 1.000000e+00 2.220446e-16 2.803127e-11 -1.545060e-12 5.467144e-13 2.846980e-45 0.000000e+00 -1.282166e-29
       1 -4.190000e-01 9.000001e-02 2.000000e-01 2.220446e-16 -2.220446e-16 1.000000e+00 1.000000e+00 0.000000e+00 -2.220446e-16 4.930381e-32 1.000000e+00 2.220446e-16 0.000000e+00 0.000000e+00 0.000000e+00 0.000000e+00 0.000000e+00 0.000000e+00
       2 7.100000e-02 1.600000e-01 2.000000e-01 1.000000e+00 1.772603e-13 3.072820e-08 -1.770048e-13 1.000000e+00 -8.312621e-09 -3.072820e-08 8.312621e-09 1.000000e+00 -1.228775e-11 -1.959828e-11 2.872177e-12 -3.466680e-16 -3.076594e-16 -4.486711e-11
       3 -1.733762e-02 2.068665e-01 2.000000e-01 5.798563e-02 -9.983174e-01 1.224182e-07 9.983174e-01 5.798563e-02 -7.110461e-09 6.380892e-16 1.226245e-07 1.000000e+00 -1.276146e-11 -2.086607e-11 -3.055030e-12 -3.632728e-16 -3.021278e-16 -6.001176e-10
       4 -2.936386e-01 9.000001e-02 2.000000e-01 2.220446e-16 -2.220446e-16 1.000000e+00 1.000000e+00 0.000000e+00 -2.220446e-16 4.930381e-32 1.000000e+00 2.220446e-16 -4.923951e-11 2.495880e-12 4.603831e-13 9.019603e-46 0.000000e+00 -4.062068e-30
       1 -4.190000e-01 9.000001e-02 2.000000e-01 2.220446e-16 -2.220446e-16 1.000000e+00 1.000000e+00 0.000000e+00 -2.220446e-16 4.930381e-32 1.000000e+00 2.220446e-16 0.000000e+00 0.000000e+00 0.000000e+00 0.000000e+00 0.000000e+00 0.000000e+00
       2 7.100000e-02 1.600000e-01 2.000000e-01 1.000000e+00 -2.332548e-13 3.072820e-08 2.335103e-13 1.000000e+00 -8.312621e-09 -3.072820e-08 8.312621e-09 1.000000e+00 2.115871e-11 3.213587e-11 -3.442130e-12 5.706458e-16 5.099424e-16 7.409256e-11
       3 -1.733762e-02 2.068665e-01 2.000000e-01 5.798563e-02 -9.983174e-01 1.224182e-07 9.983174e-01 5.798563e-02 -7.110461e-09 6.412276e-16 1.226245e-07 1.000000e+00 2.119632e-11 3.701642e-11 6.510083e-12 5.973047e-16 5.011608e-16 9.659455e-10
       4 -2.936386e-01 9.000001e-02 2.000000e-01 2.220446e-16 -2.220446e-16 1.000000e+00 1.000000e+00 0.000000e+00 -2.220446e-16 4.930381e-32 1.000000e+00 2.220446e-16 7.928589e-11 -4.242852e-12 8.175599e-13 8.313408e-45 0.000000e+00 -3.744026e-29
       1 -4.190000e-01 9.000001e-02 2.000000e-01 2.220446e-16 -2.220446e-16 1.000000e+00 1.000000e+00 0.000000e+00 -2.220446e-16 4.930381e-32 1.000000e+00 2.220446e-16 0.000000e+00 0.000000e+00 0.000000e+00 0.000000e+00 0.000000e+00 0.000000e+00
       2 7.100000e-02 1.600000e-01 2.000000e-01 1.000000e+00 4.579950e-13 3.072820e-08 -4.577395e-13 1.000000e+00 -8.312621e-09 -3.072820e-08 8.312621e-09 1.000000e+00 -3.451923e-11 -5.412407e-11 7.344316e-12 -9.586846e-16 -8.529116e-16 -1.242132e-10
       3 -1.733762e-02 2.068665e-01 2.000000e-01 5.798563e-02 -9.983174e-01 1.224182e-07 9.983174e-01 5.798563e-02 -7.110461e-09 6.359142e-16 1.226245e-07 1.000000e+00 -3.540733e-11 -5.921951e-11 -9.209234e-12 -1.004203e-15 -8.377676e-16 -1.646567e-09
       4 -2.936386e-01 9.000001e-02 2.000000e-01 2.220446e-16 -2.220446e-16 1.000000e+00 1.000000e+00 0.000000e+00 -2.220446e-16 4.930381e-32 1.000000e+00 2.220446e-16 -1.352109e-10 6.972506e-12 4.579901e-13 5.331199e-45 0.000000e+00 -2.400959e-29
       1 -4.190000e-01 9.000001e-02 2.000000e-01 2.220446e-16 -2.220446e-16 1.000000e+00 1.000000e+00 0.000000e+00 -2.220446e-16 4.930381e-32 1.000000e+00 2.220446e-16 0.000000e+00 0.000000e+00 0.000000e+00 0.000000e+00 0.000000e+00 0.000000e+00
       2 7.100000e-02 1.600000e-01 2.000000e-01 1.000000e+00 -6.866334e-13 3.072820e-08 6.868888e-13 1.000000e+00 -8.312621e-09 -3.072820e-08 8.312621e-09 1.000000e+00 5.833497e-11 8.960884e-11 -1.038259e-11 1.589725e-15 1.418329e-15 2.062567e-10
       3 -1.733762e-02 2.068665e-01 2.000000e-01 5.798563e-02 -9.983174e-01 1.224182e-07 9.983174e-01 5.798563e-02 -7.110461e-09 6.446819e-16 1.226245e-07 1.000000e+00 5.892515e-11 1.014140e-10 1.728316e-11 1.664431e-15 1.393668e-15 2.705217e-09
       4 -2.936386e-01 9.000001e-02 2.000000e-01 2.220446e-16 -2.220446e-16 1.000000e+00 1.000000e+00 0.000000e+00 -2.220446e-16 4.930381e-32 1.000000e+00 2.220446e-16 2.219630e-10 -1.170475e-11 1.299992e-12 1.853077e-44 0.000000e+00 -8.345515e-29
       1 -4.190000e-01 9.000001e-02 2.000000e-01 2.220446e-16 -2.220446e-16 1.000000e+00 1.000000e+00 0.000000e+00 -2.220446e-16 4.930381e-32 1.000000e+00 2.220446e-16 0.000000e+00 0.000000e+00 0.000000e+00 0.000000e+00 0.000000e+00 0.000000e+00
       2 7.100000e-02 1.600000e-01 2.000000e-01 1.000000e+00 1.228932e-12 3.072820e-08 -1.228676e-12 1.000000e+00 -8.312621e-09 -3.072820e-08 8.312621e-09 1.000000e+00 -9.634542e-11 -1.499802e-10 1.945715e-11 -2.658099e-15 -2.367253e-15 -3.445662e-10
       3 -1.733762e-02 2.068665e-01 2.000000e-01 5.798563e-02 -9.983174e-01 1.224182e-07 9.983174e-01 5.798563e-02 -7.110461e-09 6.299757e-16 1.226245e-07 1.000000e+00 -9.830624e-11 -1.660540e-10 -2.658364e-11 -2.783839e-15 -2.325495e-15 -4.550163e-09
       4 -2.936386e-01 9.000001e-02 2.000000e-01 2.220446e-16 -2.220446e-16 1.000000e+00 1.000000e+00 0.000000e+00 -2.220446e-16 4.930381e-32 1.000000e+00 2.220446e-16 -3.737321e-10 1.944106e-11 1.559109e-13 4.118865e-45 0.000000e+00 -1.854972e-29
       1 -4.190000e-01 9.000001e-02 2.000000e-01 2.220446e-16 -2.220446e-16 1.000000e+00 1.000000e+00 0.000000e+00 -2.220446e-16 4.930381e-32 1.000000e+00 2.220446e-16 0.000000e+00 0.000000e+00 0.000000e+00 0.000000e+00 0.000000e+00 0.000000e+00
       2 7.100000e-02 1.600000e-01 2.000000e-01 1.000000e+00 1.867454e-12 3.072820e-08 -1.867198e-12 1.000000e+00 -8.312621e-09 -3.072820e-08 8.312621e-09 1.000000e+00 7.293513e-11 1.229597e-10 -2.179675e-11 2.168079e-15 1.908899e-15 -8.065011e-24
       3 -1.733762e-02 2.068665e-01 2.000000e-01 5.798563e-02 -9.983174e-01 1.224182e-07 9.983174e-01 5.798563e-02 -7.110461e-09 6.395657e-16 1.226245e-07 1.000000e+00 9.193852e-11 1.451952e-10 1.472465e-11 2.286090e-15 1.870097e-15 3.934460e-09
       4 -2.936386e-01 9.000001e-02 2.000000e-01 2.220446e-16 -2.220446e-16 1.000000e+00 1.000000e+00 0.000000e+00 -2.220446e-16 4.930381e-32 1.000000e+00 2.220446e-16 3.378845e-10 -1.499551e-11 -7.881462e-12 -5.667353e-44 0.000000e+00 2.552349e-28
       1 -4.190000e-01 9.000001e-02 2.000000e-01 2.220446e-16 -2.220446e-16 1.000000e+00 1.000000e+00 0.000000e+00 -2.220446e-16 4.930381e-32 1.000000e+00 2.220446e-16 0.000000e+00 0.000000e+00 0.000000e+00 0.000000e+00 0.000000e+00 0.000000e+00
       2 7.100000e-02 1.600000e-01 2.000000e-01 1.000000e+00 2.080294e-12 3.072820e-08 -2.080039e-12 1.000000e+00 -8.312621e-09 -3.072820e-08 8.312621e-09 1.000000e+00 -1.541025e-11 -2.708133e-11 5.409305e-12 -4.763417e-16 -4.170194e-16 1.414479e-22
       3 -1.733762e-02 2.068665e-01 2.000000e-01 5.798563e-02 -9.983174e-01 1.224182e-07 9.983174e-01 5.798563e-02 -7.110461e-09 6.395744e-16 1.226245e-07 1.000000e+00 -2.003949e-11 -3.027169e-11 -2.502739e-12 -5.027086e-16 -4.083177e-16 -8.788607e-10
       4 -2.936386e-01 9.000001e-02 2.000000e-01 2.220446e-16 -2.220446e-16 1.000000e+00 1.000000e+00 0.000000e+00 -2.220446e-16 4.930381e-32 1.000000e+00 2.220446e-16 -7.523839e-11 3.201580e-12 2.552239e-12 1.715426e-44 0.000000e+00 -7.725590e-29
       1 -4.190000e-01 9.000001e-02 2.000000e-01 2.220446e-16 -2.220446e-16 1.000000e+00 1.000000e+00 0.000000e+00 -2.220446e-16 4.930381e-32 1.000000e+00 2.220446e-16 0.000000e+00 0.000000e+00 0.000000e+00 0.000000e+00 0.000000e+00 0.000000e+00
       2 7.100000e-02 1.600000e-01 2.000000e-01 1.000000e+00 -3.289613e-05 3.072847e-08 3.289613e-05 1.000000e+00 -8.311610e-09 -3.072820e-08 8.312621e-09 1.000000e+00 4.933583e-11 -7.349973e-17 -4.515123e-16 -6.493435e-19 2.034286e-18 4.934419e-03
       3 -1.733916e-02 2.068636e-01 2.000000e-01 5.799613e-02 -9.983168e-01 1.224185e-07 9.983168e-01 5.799613e-02 -7.110415e-09 -1.352069e-12 1.226248e-07 1.000000e+00 -2.312515e-04 -4.358987e-04 1.486301e-16 -2.001041e-10 5.412882e-11 -1.577619e-03
       4 -2.936414e-01 9.000001e-02 2.000000e-01 2.220446e-16 -2.220446e-16 1.000000e+00 1.000000e+00 0.000000e+00 -2.220446e-16 4.930381e-32 1.000000e+00 2.220446e-16 -4.156200e-04 -2.700832e-16 -3.964448e-16 1.744545e-47 0.000000e+00 -7.856731e-32
       1 -4.190000e-01 9.000001e-02 2.000000e-01 2.220446e-16 -2.220446e-16 1.000000e+00 1.000000e+00 0.000000e+00 -2.220446e-16 4.930381e-32 1.000000e+00 2.220446e-16 0.000000e+00 0.000000e+00 0.000000e+00 0.000000e+00 0.000000e+00 0.000000e+00
       2 7.100000e-02 1.600000e-01 2.000000e-01 1.000000e+00 -1.754136e-04 3.072966e-08 1.754136e-04 1.000000e+00 -8.307231e-09 -3.072820e-08 8.312621e-09 1.000000e+00 1.973370e-10 2.228273e-14 9.760643e-16 -2.052434e-18 7.514359e-18 1.973281e-02
       3 -1.734584e-02 2.068510e-01 2.000000e-01 5.804162e-02 -9.983142e-01 1.224197e-07 9.983142e-01 5.804162e-02 -7.110213e-09 -7.212664e-12 1.226260e-07 1.000000e+00 -9.246120e-04 -1.743252e-03 7.167623e-17 -8.002468e-10 2.163878e-10 -6.309157e-03
       4 -2.936534e-01 9.000001e-02 2.000000e-01 2.220446e-16 -2.220446e-16 1.000000e+00 1.000000e+00 0.000000e+00 -2.220446e-16 4.930381e-32 1.000000e+00 2.220446e-16 -1.661879e-03 -2.302684e-16 1.584262e-15 5.192194e-46 0.000000e+00 -2.338356e-30
       1 -4.190000e-01 9.000001e-02 2.000000e-01 2.220446e-16 -2.220446e-16 1.000000e+00 1.000000e+00 0.000000e+00 -2.220446e-16 4.930381e-32 1.000000e+00 2.220446e-16 0.000000e+00 0.000000e+00 0.000000e+00 0.000000e+00 0.000000e+00 0.000000e+00
       2 7.100000e-02 1.600000e-01 2.000000e-01 9.999999e-01 -5.187898e-04 3.073251e-08 5.187898e-04 9.999999e-01 -8.296678e-09 -3.072820e-08 8.312621e-09 1.000000e+00 4.438061e-10 1.755784e-13 3.217852e-16 -4.926261e-18 1.724015e-17 4.438056e-02
       3 -1.736192e-02 2.068207e-01 2.000000e-01 5.815123e-02 -9.983078e-01 1.224227e-07 9.983078e-01 5.815123e-02 -7.109728e-09 -2.133424e-11 1.226290e-07 1.000000e+00 -2.078445e-03 -3.921276e-03 3.047931e-15 -1.799996e-09 4.861908e-10 -1.419131e-02
       4 -2.936823e-01 9.000001e-02 2.000000e-01 2.220446e-16 -2.220446e-16 1.000000e+00 1.000000e+00 0.000000e+00 -2.220446e-16 4.930381e-32 1.000000e+00 2.220446e-16 -3.736449e-03 9.496051e-16 -1.776969e-15 -6.854578e-46 0.000000e+00 3.087027e-30
       1 -4.190000e-01 9.000001e-02 2.000000e-01 2.220446e-16 -2.220446e-16 1.000000e+00 1.000000e+00 0.000000e+00 -2.220446e-16 4.930381e-32 1.000000e+00 2.220446e-16 0.000000e+00 0.000000e+00 0.000000e+00 0.000000e+00 0.000000e+00 0.000000e+00
       2 7.100000e-02 1.600000e-01 2.000000e-01 9.999993e-01 -1.158937e-03 3.073781e-08 1.158937e-03 9.999993e-01 -8.277003e-09 -3.072820e-08 8.312621e-09 1.000000e+00 7.885297e-10 7.501169e-13 -1.934397e-15 -8.758000e-18 3.069283e-17 7.885336e-02
       3 -1.739188e-02 2.067641e-01 2.000000e-01 5.835562e-02 -9.982959e-01 1.224283e-07 9.982959e-01 5.835562e-02 -7.108825e-09 -4.766553e-11 1.226345e-07 1.000000e+00 -3.688985e-03 -6.969211e-03 1.494734e-15 -3.198805e-09 8.620972e-10 -2.522003e-02
       4 -2.937361e-01 9.000001e-02 2.000000e-01 2.220446e-16 -2.220446e-16 1.000000e+00 1.000000e+00 0.000000e+00 -2.220446e-16 4.930381e-32 1.000000e+00 2.220446e-16 -6.634254e-03 1.829178e-16 2.049811e-15 3.967280e-46 0.000000e+00 -1.786704e-30
       1 -4.190000e-01 9.000001e-02 2.000000e-01 2.220446e-16 -2.220446e-16 1.000000e+00 1.000000e+00 0.000000e+00 -2.220446e-16 4.930381e-32 1.000000e+00 2.220446e-16 0.000000e+00 0.000000e+00 0.000000e+00 0.000000e+00 0.000000e+00 0.000000e+00
       2 7.100000e-02 1.600000e-01 2.000000e-01 9.999976e-01 -2.193100e-03 3.074636e-08 2.193100e-03 9.999976e-01 -8.245211e-09 -3.072820e-08 8.312621e-09 1.000000e+00 1.231176e-09 2.330966e-12 -2.439881e-15 -1.368710e-17 4.779742e-17 1.231172e-01
       3 -1.744019e-02 2.066727e-01 2.000000e-01 5.868591e-02 -9.982765e-01 1.224372e-07 9.982765e-01 5.868591e-02 -7.107369e-09 -9.021710e-11 1.226433e-07 1.000000e+00 -5.749458e-03 -1.088679e-02 -2.077857e-16 -4.996158e-09 1.341417e-09 -3.939183e-02
       4 -2.938231e-01 9.000001e-02 2.000000e-01 2.220446e-16 -2.220446e-16 1.000000e+00 1.000000e+00 0.000000e+00 -2.220446e-16 4.930381e-32 1.000000e+00 2.220446e-16 -1.034645e-02 -4.542212e-17 -8.012439e-16 -2.534650e-46 0.000000e+00 1.141505e-30
       1 -4.190000e-01 9.000001e-02 2.000000e-01 2.220446e-16 -2.220446e-16 1.000000e+00 1.000000e+00 0.000000e+00 -2.220446e-16 4.930381e-32 1.000000e+00 2.220446e-16 0.000000e+00 0.000000e+00 0.000000e+00 0.000000e+00 0.000000e+00 0.000000e+00
       2 7.100000e-02 1.600000e-01 2.000000e-01 9.999931e-01 -3.718670e-03 3.075890e-08 3.718670e-03 9.999931e-01 -8.198295e-09 -3.072820e-08 8.312621e-09 1.000000e+00 1.771275e-09 5.899532e-12 -1.107447e-15 -1.959632e-17 6.881349e-17 1.771283e-01
       3 -1.751129e-02 2.065377e-01 2.000000e-01 5.917337e-02 -9.982477e-01 1.224503e-07 9.982477e-01 5.917337e-02 -7.105228e-09 -1.530178e-10 1.226561e-07 1.000000e+00 -8.249232e-03 -1.567465e-02 3.399678e-15 -7.191704e-09 1.919833e-09 -5.670484e-02
       4 -2.939511e-01 9.000001e-02 2.000000e-01 2.220446e-16 -2.220446e-16 1.000000e+00 1.000000e+00 0.000000e+00 -2.220446e-16 4.930381e-32 1.000000e+00 2.220446e-16 -1.485944e-02 5.479555e-16 -3.209761e-16 -4.407985e-47 0.000000e+00 1.985180e-31
       1 -4.190000e-01 9.000001e-02 2.000000e-01 2.220446e-16 -2.220446e-16 1.000000e+00 1.000000e+00 0.000000e+00 -2.220446e-16 4.930381e-32 1.000000e+00 2.220446e-16 0.000000e+00 0.000000e+00 0.000000e+00 0.000000e+00 0.000000e+00 0.000000e+00
       2 7.100000e-02 1.600000e-01 2.000000e-01 9.999830e-01 -5.832728e-03 3.077616e-08 5.832728e-03 9.999830e-01 -8.133250e-09 -3.072820e-08 8.312621e-09 1.000000e+00 2.408304e-09 1.288791e-11 -1.306302e-15 -2.679442e-17 9.355708e-17 2.408335e-01
       3 -1.760948e-02 2.063505e-01 2.000000e-01 5.984935e-02 -9.982074e-01 1.224683e-07 9.982074e-01 5.984935e-02 -7.102274e-09 -2.401020e-10 1.226738e-07 1.000000e+00 -1.117299e-02 -2.133478e-02 2.946630e-15 -9.785375e-09 2.591027e-09 -7.715995e-02
       4 -2.941281e-01 9.000001e-02 2.000000e-01 2.220446e-16 -2.220446e-16 1.000000e+00 1.000000e+00 0.000000e+00 -2.220446e-16 4.930381e-32 1.000000e+00 2.220446e-16 -2.015388e-02 1.733989e-18 1.744108e-15 2.218297e-47 0.000000e+00 -9.990322e-32
       1 -4.190000e-01 9.000001e-02 2.000000e-01 2.220446e-16 -2.220446e-16 1.000000e+00 1.000000e+00 0.000000e+00 -2.220446e-16 4.930381e-32 1.000000e+00 2.220446e-16 0.000000e+00 0.000000e+00 0.000000e+00 0.000000e+00 0.000000e+00 0.000000e+00
       2 7.100000e-02 1.600000e-01 2.000000e-01 9.999627e-01 -8.631816e-03 3.079881e-08 8.631816e-03 9.999627e-01 -8.047071e-09 -3.072820e-08 8.312621e-09 1.000000e+00 3.141602e-09 2.532141e-11 -3.972937e-16 -3.489284e-17 1.220993e-16 3.141699e-01
       3 -1.773887e-02 2.061022e-01 2.000000e-01 6.074518e-02 -9.981533e-01 1.224918e-07 9.981533e-01 6.074518e-02 -7.098386e-09 -3.555082e-10 1.226968e-07 1.000000e+00 -1.449991e-02 -2.787083e-02 7.325778e-16 -1.277748e-08 3.346313e-09 -1.007616e-01
       4 -2.943618e-01 9.000001e-02 2.000000e-01 2.220446e-16 -2.220446e-16 1.000000e+00 1.000000e+00 0.000000e+00 -2.220446e-16 4.930381e-32 1.000000e+00 2.220446e-16 -2.620370e-02 6.960857e-16 -1.661301e-16 -4.293549e-47 0.000000e+00 1.933643e-31
       1 -4.190000e-01 9.000001e-02 2.000000e-01 2.220446e-16 -2.220446e-16 1.000000e+00 1.000000e+00 0.000000e+00 -2.220446e-16 4.930381e-32 1.000000e+00 2.220446e-16 0.000000e+00 0.000000e+00 0.000000e+00 0.000000e+00 0.000000e+00 0.000000e+00
       2 7.100000e-02 1.600000e-01 2.000000e-01 9.999254e-01 -1.221178e-02 3.082742e-08 1.221178e-02 9.999254e-01 -7.936755e-09 -3.072820e-08 8.312621e-09 1.000000e+00 3.970393e-09 4.584233e-11 -2.446969e-15 -4.404703e-17 1.543268e-16 3.970650e-01
       3 -1.790336e-02 2.057842e-01 2.000000e-01 6.189230e-02 -9.980828e-01 1.225214e-07 9.980828e-01 6.189230e-02 -7.093452e-09 -5.032805e-10 1.227256e-07 1.000000e+00 -1.820285e-02 -3.528842e-02 -2.562641e-15 -1.616880e-08 4.174276e-09 -1.275186e-01
       4 -2.946596e-01 9.000001e-02 2.000000e-01 2.220446e-16 -2.220446e-16 1.000000e+00 1.000000e+00 0.000000e+00 -2.220446e-16 4.930381e-32 1.000000e+00 2.220446e-16 -3.297508e-02 -6.237121e-16 -9.791112e-16 -2.325691e-46 0.000000e+00 1.047398e-30
       1 -4.190000e-01 9.000001e-02 2.000000e-01 2.220446e-16 -2.220446e-16 1.000000e+00 1.000000e+00 0.000000e+00 -2.220446e-16 4.930381e-32 1.000000e+00 2.220446e-16 0.000000e+00 0.000000e+00 0.000000e+00 0.000000e+00 0.000000e+00 0.000000e+00
       2 7.100000e-02 1.600000e-01 2.000000e-01 9.998611e-01 -1.666762e-02 3.086248e-08 1.666762e-02 9.998611e-01 -7.799300e-09 -3.072820e-08 8.312621e-09 1.000000e+00 4.893783e-09 7.786978e-11 -1.810463e-15 -5.439650e-17 1.901669e-16 4.894371e-01
       3 -1.810650e-02 2.053876e-01 2.000000e-01 6.332221e-02 -9.979931e-01 1.225576e-07 9.979931e-01 6.332221e-02 -7.087370e-09 -6.874722e-10 1.227604e-07 1.000000e+00 -2.224755e-02 -4.359541e-02 5.120809e-15 -1.996059e-08 5.060403e-09 -1.574446e-01
       4 -2.950283e-01 9.000001e-02 2.000000e-01 2.220446e-16 -2.220446e-16 1.000000e+00 1.000000e+00 0.000000e+00 -2.220446e-16 4.930381e-32 1.000000e+00 2.220446e-16 -4.042540e-02 6.409014e-16 -4.053686e-16 3.879897e-46 0.000000e+00 -1.747350e-30
       1 -4.190000e-01 9.000001e-02 2.000000e-01 2.220446e-16 -2.220446e-16 1.000000e+00 1.000000e+00 0.000000e+00 -2.220446e-16 4.930381e-32 1.000000e+00 2.220446e-16 0.000000e+00 0.000000e+00 0.000000e+00 0.000000e+00 0.000000e+00 0.000000e+00
       2 7.100000e-02 1.600000e-01 2.000000e-01 9.997559e-01 -2.209334e-02 3.090435e-08 2.209334e-02 9.997559e-01 -7.631703e-09 -3.072820e-08 8.312621e-09 1.000000e+00 5.910676e-09 1.255870e-10 -2.803953e-15 -6.557095e-17 2.296834e-16 5.911950e-01
       3 -1.835149e-02 2.049034e-01 2.000000e-01 6.506657e-02 -9.978809e-01 1.226006e-07 9.978809e-01 6.506657e-02 -7.080054e-09 -9.121488e-10 1.228015e-07 1.000000e+00 -2.659180e-02 -5.280202e-02 5.083327e-15 -2.415458e-08 5.986733e-09 -1.905580e-01
       4 -2.954746e-01 9.000001e-02 2.000000e-01 2.220446e-16 -2.220446e-16 1.000000e+00 1.000000e+00 0.000000e+00 -2.220446e-16 4.930381e-32 1.000000e+00 2.220446e-16 -4.850216e-02 2.521120e-17 8.993943e-17 2.989257e-46 0.000000e+00 -1.346242e-30
       1 -4.190000e-01 9.000001e-02 2.000000e-01 2.220446e-16 -2.220446e-16 1.000000e+00 1.000000e+00 0.000000e+00 -2.220446e-16 4.930381e-32 1.000000e+00 2.220446e-16 0.000000e+00 0.000000e+00 0.000000e+00 0.000000e+00 0.000000e+00 0.000000e+00
       2 7.100000e-02 1.600000e-01 2.000000e-01 9.995915e-01 -2.858178e-02 3.095324e-08 2.858178e-02 9.995915e-01 -7.430958e-09 -3.072820e-08 8.312621e-09 1.000000e+00 7.019788e-09 1.940917e-10 7.679917e-16 -7.793647e-17 2.729405e-16 7.022384e-01
       3 -1.864106e-02 2.043225e-01 2.000000e-01 6.715719e-02 -9.977424e-01 1.226504e-07 9.977424e-01 6.715719e-02 -7.071432e-09 -1.181390e-09 1.228484e-07 1.000000e+00 -3.118468e-02 -6.292086e-02 1.635397e-15 -2.875295e-08 6.931491e-09 -2.268821e-01
       4 -2.960043e-01 9.000001e-02 2.000000e-01 2.220446e-16 -2.220446e-16 1.000000e+00 1.000000e+00 0.000000e+00 -2.220446e-16 4.930381e-32 1.000000e+00 2.220446e-16 -5.714178e-02 -6.236265e-16 -1.440841e-15 -5.950856e-46 0.000000e+00 2.680027e-30
       1 -4.190000e-01 9.000001e-02 2.000000e-01 2.220446e-16 -2.220446e-16 1.000000e+00 1.000000e+00 0.000000e+00 -2.220446e-16 4.930381e-32 1.000000e+00 2.220446e-16 0.000000e+00 0.000000e+00 0.000000e+00 0.000000e+00 0.000000e+00 0.000000e+00
       2 7.100000e-02 1.600000e-01 2.000000e-01 9.993437e-01 -3.622436e-02 3.100915e-08 3.622436e-02 9.993437e-01 -7.194056e-09 -3.072820e-08 8.312621e-09 1.000000e+00 8.219640e-09 2.894330e-10 -6.094766e-16 -9.143513e-17 3.195903e-16 8.224575e-01
       3 -1.897735e-02 2.036358e-01 2.000000e-01 6.962609e-02 -9.975732e-01 1.227069e-07 9.975732e-01 6.962609e-02 -7.061453e-09 -1.499288e-09 1.229008e-07 1.000000e+00 -3.596572e-02 -7.396682e-02 2.351624e-15 -3.375813e-08 7.868736e-09 -2.664441e-01
       4 -2.966227e-01 9.000001e-02 2.000000e-01 2.220446e-16 -2.220446e-16 1.000000e+00 1.000000e+00 0.000000e+00 -2.220446e-16 4.930381e-32 1.000000e+00 2.220446e-16 -6.626843e-02 -5.249157e-16 1.238275e-15 1.823723e-47 0.000000e+00 -8.213316e-32
       1 -4.190000e-01 9.000001e-02 2.000000e-01 2.220446e-16 -2.220446e-16 1.000000e+00 1.000000e+00 0.000000e+00 -2.220446e-16 4.930381e-32 1.000000e+00 2.220446e-16 0.000000e+00 0.000000e+00 0.000000e+00 0.000000e+00 0.000000e+00 0.000000e+00
       2 7.100000e-02 1.600000e-01 2.000000e-01 9.989820e-01 -4.511080e-02 3.107191e-08 4.511080e-02 9.989820e-01 -6.917985e-09 -3.072820e-08 8.312621e-09 1.000000e+00 9.508384e-09 4.186503e-10 -2.100189e-15 -1.054754e-16 3.697526e-16 9.517339e-01
       3 -1.936187e-02 2.028338e-01 2.000000e-01 7.250552e-02 -9.973680e-01 1.227697e-07 9.973680e-01 7.250552e-02 -7.050089e-09 -1.869947e-09 1.229577e-07 1.000000e+00 -4.086413e-02 -8.595688e-02 -3.758634e-17 -3.917267e-08 8.768010e-09 -3.092740e-01
       4 -2.973341e-01 9.000001e-02 2.000000e-01 2.220446e-16 -2.220446e-16 1.000000e+00 1.000000e+00 0.000000e+00 -2.220446e-16 4.930381e-32 1.000000e+00 2.220446e-16 -7.579267e-02 1.231305e-15 -1.683430e-15 -3.663101e-46 0.000000e+00 1.649714e-30
       1 -4.190000e-01 9.000001e-02 2.000000e-01 2.220446e-16 -2.220446e-16 1.000000e+00 1.000000e+00 0.000000e+00 -2.220446e-16 4.930381e-32 1.000000e+00 2.220446e-16 0.000000e+00 0.000000e+00 0.000000e+00 0.000000e+00 0.000000e+00 0.000000e+00
