       1 -1.322131e-01 4.215395e-02 2.000000e-01 1.000000e+00 0.000000e+00 0.000000e+00 0.000000e+00 1.000000e+00 0.000000e+00 0.000000e+00 0.000000e+00 1.000000e+00 0.000000e+00 0.000000e+00 0.000000e+00 0.000000e+00 0.000000e+00 0.000000e+00
       2 7.099998e-02 1.600000e-01 2.000000e-01 1.000000e+00 1.457853e-05 -1.807527e-06 -1.457853e-05 1.000000e+00 -4.155410e-07 1.807521e-06 4.155674e-07 1.000000e+00 0.000000e+00 0.000000e+00 0.000000e+00 0.000000e+00 0.000000e+00 0.000000e+00
       1 -1.322131e-01 4.215395e-02 2.000000e-01 1.000000e+00 0.000000e+00 0.000000e+00 0.000000e+00 1.000000e+00 0.000000e+00 0.000000e+00 0.000000e+00 1.000000e+00 0.000000e+00 0.000000e+00 0.000000e+00 0.000000e+00 0.000000e+00 0.000000e+00
       2 7.099998e-02 1.600000e-01 2.000000e-01 1.000000e+00 2.550188e-16 -4.928461e-17 -2.697431e-16 1.000000e+00 2.598614e-16 1.577917e-17 -2.194709e-16 1.000000e+00 0.000000e+00 2.145094e-21 -1.332278e-16 -8.311084e-05 3.615049e-04 2.915706e-03
       1 -1.322131e-01 4.215395e-02 2.000000e-01 1.000000e+00 0.000000e+00 0.000000e+00 0.000000e+00 1.000000e+00 0.000000e+00 0.000000e+00 0.000000e+00 1.000000e+00 0.000000e+00 0.000000e+00 0.000000e+00 0.000000e+00 0.000000e+00 0.000000e+00
       2 7.099998e-02 1.600000e-01 2.000000e-01 1.000000e+00 -7.091671e-15 8.615977e-16 7.076953e-15 1.000000e+00 4.692762e-16 -8.951021e-16 -4.288854e-16 1.000000e+00 -8.580377e-21 1.287057e-20 -1.165742e-15 2.077771e-05 -9.037622e-05 -7.289265e-04
       1 -1.322131e-01 4.215395e-02 2.000000e-01 1.000000e+00 0.000000e+00 0.000000e+00 0.000000e+00 1.000000e+00 0.000000e+00 0.000000e+00 0.000000e+00 1.000000e+00 0.000000e+00 0.000000e+00 0.000000e+00 0.000000e+00 0.000000e+00 0.000000e+00
       2 7.099998e-02 1.600000e-01 2.000000e-01 1.000000e+00 -1.679973e-14 2.065256e-15 1.678501e-14 1.000000e+00 7.460018e-16 -2.098761e-15 -7.056108e-16 1.000000e+00 -1.372860e-19 9.223905e-20 -1.765324e-15 -3.103811e-14 1.350049e-13 1.088874e-12
       1 -1.322131e-01 4.215395e-02 2.000000e-01 1.000000e+00 0.000000e+00 0.000000e+00 0.000000e+00 1.000000e+00 0.000000e+00 0.000000e+00 0.000000e+00 1.000000e+00 0.000000e+00 0.000000e+00 0.000000e+00 0.000000e+00 0.000000e+00 0.000000e+00
       2 7.099998e-02 1.600000e-01 2.000000e-01 1.000000e+00 1.207403e-15 -1.673665e-16 -1.222120e-15 1.000000e+00 2.327152e-16 1.338613e-16 -1.923242e-16 1.000000e+00 -1.119739e-18 8.151358e-19 7.654579e-16 9.082929e-14 -3.950764e-13 -3.186472e-12
       1 -1.322131e-01 4.215395e-02 2.000000e-01 1.000000e+00 0.000000e+00 0.000000e+00 0.000000e+00 1.000000e+00 0.000000e+00 0.000000e+00 0.000000e+00 1.000000e+00 0.000000e+00 0.000000e+00 0.000000e+00 0.000000e+00 0.000000e+00 0.000000e+00
       2 7.099998e-02 1.600000e-01 2.000000e-01 1.000000e+00 -7.358453e-18 -1.675245e-17 -7.358222e-18 1.000000e+00 2.673412e-16 -1.675279e-17 -2.269503e-16 1.000000e+00 -9.630431e-18 6.971196e-18 1.360458e-15 -3.085824e-14 1.342232e-13 1.082571e-12
       1 -1.322131e-01 4.215395e-02 2.000000e-01 1.000000e+00 0.000000e+00 0.000000e+00 0.000000e+00 1.000000e+00 0.000000e+00 0.000000e+00 0.000000e+00 1.000000e+00 0.000000e+00 0.000000e+00 0.000000e+00 0.000000e+00 0.000000e+00 0.000000e+00
       2 7.099998e-02 1.600000e-01 2.000000e-01 1.000000e+00 -7.359976e-18 -1.675271e-17 -7.356698e-18 1.000000e+00 2.673408e-16 -1.675253e-17 -2.269498e-16 1.000000e+00 -8.264048e-17 5.984529e-17 -2.042309e-15 1.731365e-15 -7.530742e-15 -6.073787e-14
       1 -1.322131e-01 4.215395e-02 2.000000e-01 1.000000e+00 0.000000e+00 0.000000e+00 0.000000e+00 1.000000e+00 0.000000e+00 0.000000e+00 0.000000e+00 1.000000e+00 0.000000e+00 0.000000e+00 0.000000e+00 0.000000e+00 0.000000e+00 0.000000e+00
       2 7.099998e-02 1.600000e-01 2.000000e-01 1.000000e+00 -3.285369e-14 4.055718e-15 3.283897e-14 1.000000e+00 1.203612e-15 -4.089223e-15 -1.163221e-15 1.000000e+00 -7.092760e-16 5.136183e-16 -9.536179e-15 -1.404408e-13 6.108706e-13 4.926950e-12
       1 -1.322131e-01 4.215395e-02 2.000000e-01 1.000000e+00 0.000000e+00 0.000000e+00 0.000000e+00 1.000000e+00 0.000000e+00 0.000000e+00 0.000000e+00 1.000000e+00 0.000000e+00 0.000000e+00 0.000000e+00 0.000000e+00 0.000000e+00 0.000000e+00
       2 7.099998e-02 1.600000e-01 2.000000e-01 1.000000e+00 -4.177787e-14 5.162184e-15 4.176315e-14 1.000000e+00 1.457992e-15 -5.195689e-15 -1.417601e-15 1.000000e+00 -6.087410e-15 4.408173e-15 -2.965756e-14 8.656655e-15 -3.765361e-14 -3.036899e-13
       1 -1.322131e-01 4.215395e-02 2.000000e-01 1.000000e+00 0.000000e+00 0.000000e+00 0.000000e+00 1.000000e+00 0.000000e+00 0.000000e+00 0.000000e+00 1.000000e+00 0.000000e+00 0.000000e+00 0.000000e+00 0.000000e+00 0.000000e+00 0.000000e+00
       2 7.099998e-02 1.600000e-01 2.000000e-01 1.000000e+00 -1.213940e-13 1.503344e-14 1.213793e-13 1.000000e+00 3.727420e-15 -1.506694e-14 -3.687029e-15 1.000000e+00 4.597759e-15 9.411766e-15 -2.914598e-14 -3.276952e-13 1.425365e-12 1.149622e-11
       1 -1.322131e-01 4.215395e-02 2.000000e-01 1.000000e+00 0.000000e+00 0.000000e+00 0.000000e+00 1.000000e+00 0.000000e+00 0.000000e+00 0.000000e+00 1.000000e+00 0.000000e+00 0.000000e+00 0.000000e+00 0.000000e+00 0.000000e+00 0.000000e+00
       2 7.099998e-02 1.600000e-01 2.000000e-01 1.000000e+00 -1.140119e-13 1.411816e-14 1.139972e-13 1.000000e+00 3.516995e-15 -1.415166e-14 -3.476604e-15 1.000000e+00 -2.207669e-14 1.206986e-14 -6.881682e-14 1.450351e-13 -6.308545e-13 -5.088121e-12
       1 -1.322131e-01 4.215395e-02 2.000000e-01 1.000000e+00 0.000000e+00 0.000000e+00 0.000000e+00 1.000000e+00 0.000000e+00 0.000000e+00 0.000000e+00 1.000000e+00 0.000000e+00 0.000000e+00 0.000000e+00 0.000000e+00 0.000000e+00 0.000000e+00
       2 7.099998e-02 1.600000e-01 2.000000e-01 1.000000e+00 -2.824487e-13 3.500188e-14 2.824340e-13 1.000000e+00 8.318219e-15 -3.503538e-14 -8.277828e-15 1.000000e+00 3.111640e-14 1.509195e-15 4.270000e-14 -7.307048e-13 3.178322e-12 2.563461e-11
       1 -1.322131e-01 4.215395e-02 2.000000e-01 1.000000e+00 0.000000e+00 0.000000e+00 0.000000e+00 1.000000e+00 0.000000e+00 0.000000e+00 0.000000e+00 1.000000e+00 0.000000e+00 0.000000e+00 0.000000e+00 0.000000e+00 0.000000e+00 0.000000e+00
       2 7.099998e-02 1.600000e-01 2.000000e-01 1.000000e+00 -1.886758e-13 2.337538e-14 1.886611e-13 1.000000e+00 5.645256e-15 -2.340889e-14 -5.604865e-15 1.000000e+00 -4.619331e-14 4.400117e-14 -8.774926e-14 6.410055e-13 -2.788161e-12 -2.248777e-11
       1 -1.322131e-01 4.215395e-02 2.000000e-01 1.000000e+00 0.000000e+00 0.000000e+00 0.000000e+00 1.000000e+00 0.000000e+00 0.000000e+00 0.000000e+00 1.000000e+00 0.000000e+00 0.000000e+00 0.000000e+00 0.000000e+00 0.000000e+00 0.000000e+00
       2 7.099998e-02 1.600000e-01 2.000000e-01 1.000000e+00 -7.358338e-18 -1.675262e-17 -7.358337e-18 1.000000e+00 2.673408e-16 -1.675262e-17 -2.269498e-16 1.000000e+00 5.287763e-14 -1.015203e-13 2.733520e-13 6.730392e-13 -2.927495e-12 -2.361162e-11
       1 -1.322131e-01 4.215395e-02 2.000000e-01 1.000000e+00 0.000000e+00 0.000000e+00 0.000000e+00 1.000000e+00 0.000000e+00 0.000000e+00 0.000000e+00 1.000000e+00 0.000000e+00 0.000000e+00 0.000000e+00 0.000000e+00 0.000000e+00 0.000000e+00
       2 7.099998e-02 1.600000e-01 2.000000e-01 1.000000e+00 5.624134e-13 -6.974883e-14 -5.624281e-13 1.000000e+00 -1.576425e-14 6.971532e-14 1.580464e-14 1.000000e+00 -1.347952e-13 6.154265e-14 -1.846063e-13 2.135843e-12 -9.290205e-12 -7.492969e-11
       1 -1.322131e-01 4.215395e-02 2.000000e-01 1.000000e+00 0.000000e+00 0.000000e+00 0.000000e+00 1.000000e+00 0.000000e+00 0.000000e+00 0.000000e+00 1.000000e+00 0.000000e+00 0.000000e+00 0.000000e+00 0.000000e+00 0.000000e+00 0.000000e+00
       2 7.099998e-02 1.600000e-01 2.000000e-01 1.000000e+00 -7.358337e-18 -1.675262e-17 -7.358338e-18 1.000000e+00 2.673408e-16 -1.675262e-17 -2.269498e-16 1.000000e+00 1.665757e-13 -4.207227e-14 1.394991e-13 -3.206318e-12 1.394642e-11 1.124842e-10
       1 -1.322131e-01 4.215395e-02 2.000000e-01 1.000000e+00 0.000000e+00 0.000000e+00 0.000000e+00 1.000000e+00 0.000000e+00 0.000000e+00 0.000000e+00 1.000000e+00 0.000000e+00 0.000000e+00 0.000000e+00 0.000000e+00 0.000000e+00 0.000000e+00
       2 7.099998e-02 1.600000e-01 2.000000e-01 1.000000e+00 8.103868e-13 -1.004940e-13 -8.104015e-13 1.000000e+00 -2.283265e-14 1.004605e-13 2.287304e-14 1.000000e+00 -3.361305e-13 2.269304e-13 -6.312684e-13 4.266578e-12 -1.855819e-11 -1.496802e-10
       1 -1.322131e-01 4.215395e-02 2.000000e-01 1.000000e+00 0.000000e+00 0.000000e+00 0.000000e+00 1.000000e+00 0.000000e+00 0.000000e+00 0.000000e+00 1.000000e+00 0.000000e+00 0.000000e+00 0.000000e+00 0.000000e+00 0.000000e+00 0.000000e+00
       2 7.099998e-02 1.600000e-01 2.000000e-01 1.000000e+00 -7.358337e-18 -1.675262e-17 -7.358338e-18 1.000000e+00 2.673408e-16 -1.675262e-17 -2.269498e-16 1.000000e+00 3.928687e-13 -2.910122e-13 8.002372e-13 -4.619998e-12 2.009545e-11 1.620788e-10
       1 -1.322131e-01 4.215395e-02 2.000000e-01 1.000000e+00 0.000000e+00 0.000000e+00 0.000000e+00 1.000000e+00 0.000000e+00 0.000000e+00 0.000000e+00 1.000000e+00 0.000000e+00 0.000000e+00 0.000000e+00 0.000000e+00 0.000000e+00 0.000000e+00
       2 7.099998e-02 1.600000e-01 2.000000e-01 1.000000e+00 -7.358337e-18 -1.675262e-17 -7.358338e-18 1.000000e+00 2.673408e-16 -1.675262e-17 -2.269498e-16 1.000000e+00 -1.015076e-13 7.398565e-14 -2.005656e-13 1.154999e-12 -5.023863e-12 -4.051971e-11
       1 -1.322131e-01 4.215395e-02 2.000000e-01 1.000000e+00 0.000000e+00 0.000000e+00 0.000000e+00 1.000000e+00 0.000000e+00 0.000000e+00 0.000000e+00 1.000000e+00 0.000000e+00 0.000000e+00 0.000000e+00 0.000000e+00 0.000000e+00 0.000000e+00
       2 7.099998e-02 1.600000e-01 2.000000e-01 1.000000e+00 -7.358337e-18 -1.675262e-17 -7.358338e-18 1.000000e+00 2.673408e-16 -1.675262e-17 -2.269498e-16 1.000000e+00 2.480546e-15 -1.364939e-15 -1.520786e-15 -1.372797e-22 2.155839e-23 -1.757759e-24
       1 -1.322131e-01 4.215395e-02 2.000000e-01 1.000000e+00 0.000000e+00 0.000000e+00 0.000000e+00 1.000000e+00 0.000000e+00 0.000000e+00 0.000000e+00 1.000000e+00 0.000000e+00 0.000000e+00 0.000000e+00 0.000000e+00 0.000000e+00 0.000000e+00
       2 7.099998e-02 1.600000e-01 2.000000e-01 1.000000e+00 -7.358337e-18 -1.675262e-17 -7.358337e-18 1.000000e+00 2.673408e-16 -1.675262e-17 -2.269498e-16 1.000000e+00 3.580293e-15 9.618063e-16 7.596374e-16 3.423671e-23 -4.230253e-23 2.489297e-23
       1 -1.322131e-01 4.215395e-02 2.000000e-01 1.000000e+00 0.000000e+00 0.000000e+00 0.000000e+00 1.000000e+00 0.000000e+00 0.000000e+00 0.000000e+00 1.000000e+00 0.000000e+00 0.000000e+00 0.000000e+00 0.000000e+00 0.000000e+00 0.000000e+00
       2 7.099998e-02 1.600000e-01 2.000000e-01 1.000000e+00 -7.358337e-18 -1.675262e-17 -7.358338e-18 1.000000e+00 2.673408e-16 -1.675262e-17 -2.269498e-16 1.000000e+00 2.683422e-14 8.697548e-16 -1.526829e-15 -2.496610e-22 6.490298e-23 -2.394813e-23
       1 -1.322131e-01 4.215395e-02 2.000000e-01 1.000000e+00 0.000000e+00 0.000000e+00 0.000000e+00 1.000000e+00 0.000000e+00 0.000000e+00 0.000000e+00 1.000000e+00 0.000000e+00 0.000000e+00 0.000000e+00 0.000000e+00 0.000000e+00 0.000000e+00
       2 7.099998e-02 1.600000e-01 2.000000e-01 1.000000e+00 -7.358338e-18 -1.675262e-17 -7.358337e-18 1.000000e+00 2.673408e-16 -1.675262e-17 -2.269498e-16 1.000000e+00 1.941243e-14 1.176707e-14 -8.416445e-15 2.254648e-22 -1.130022e-22 5.303048e-23
       1 -1.322131e-01 4.215395e-02 2.000000e-01 1.000000e+00 0.000000e+00 0.000000e+00 0.000000e+00 1.000000e+00 0.000000e+00 0.000000e+00 0.000000e+00 1.000000e+00 0.000000e+00 0.000000e+00 0.000000e+00 0.000000e+00 0.000000e+00 0.000000e+00
       2 7.099998e-02 1.600000e-01 2.000000e-01 1.000000e+00 -7.358337e-18 -1.675262e-17 -7.358338e-18 1.000000e+00 2.673408e-16 -1.675262e-17 -2.269498e-16 1.000000e+00 7.630775e-14 1.322020e-14 -1.812229e-14 -5.644486e-22 1.842771e-22 -7.969042e-23
       1 -1.322131e-01 4.215395e-02 2.000000e-01 1.000000e+00 0.000000e+00 0.000000e+00 0.000000e+00 1.000000e+00 0.000000e+00 0.000000e+00 0.000000e+00 1.000000e+00 0.000000e+00 0.000000e+00 0.000000e+00 0.000000e+00 0.000000e+00 0.000000e+00
       2 7.099998e-02 1.600000e-01 2.000000e-01 1.000000e+00 -7.358338e-18 -1.675262e-17 -7.358337e-18 1.000000e+00 2.673408e-16 -1.675262e-17 -2.269498e-16 1.000000e+00 2.540317e-14 2.248842e-14 -4.495199e-14 7.540366e-22 -3.104178e-22 1.370879e-22
       1 -1.322131e-01 4.215395e-02 2.000000e-01 1.000000e+00 0.000000e+00 0.000000e+00 0.000000e+00 1.000000e+00 0.000000e+00 0.000000e+00 0.000000e+00 1.000000e+00 0.000000e+00 0.000000e+00 0.000000e+00 0.000000e+00 0.000000e+00 0.000000e+00
       2 7.099998e-02 1.600000e-01 2.000000e-01 1.000000e+00 -7.358337e-18 -1.675262e-17 -7.358338e-18 1.000000e+00 2.673408e-16 -1.675262e-17 -2.269498e-16 1.000000e+00 1.584385e-13 4.705640e-14 -2.390170e-14 -1.441476e-21 5.148444e-22 -2.286325e-22
       1 -1.322131e-01 4.215395e-02 2.000000e-01 1.000000e+00 0.000000e+00 0.000000e+00 0.000000e+00 1.000000e+00 0.000000e+00 0.000000e+00 0.000000e+00 1.000000e+00 0.000000e+00 0.000000e+00 0.000000e+00 0.000000e+00 0.000000e+00 0.000000e+00
       2 7.099998e-02 1.600000e-01 2.000000e-01 9.999878e-01 -4.934399e-03 -1.685217e-17 4.934399e-03 9.999878e-01 2.672580e-16 -1.797203e-17 -2.269469e-16 1.000000e+00 -4.228020e-13 -1.247833e-13 1.406590e-13 -1.699991e-20 1.829118e-16 7.401599e-01
       1 -1.322131e-01 4.215395e-02 2.000000e-01 1.000000e+00 0.000000e+00 0.000000e+00 0.000000e+00 1.000000e+00 0.000000e+00 0.000000e+00 0.000000e+00 1.000000e+00 0.000000e+00 0.000000e+00 0.000000e+00 0.000000e+00 0.000000e+00 0.000000e+00
       2 7.099998e-02 1.600000e-01 2.000000e-01 9.998053e-01 -1.973153e-02 -1.714853e-17 1.973153e-02 9.998053e-01 2.670071e-16 -2.162851e-17 -2.269026e-16 1.000000e+00 1.231643e-13 3.554103e-14 -4.331936e-14 -5.065551e-18 4.918125e-16 1.972980e+00
       1 -1.322131e-01 4.215395e-02 2.000000e-01 1.000000e+00 0.000000e+00 0.000000e+00 0.000000e+00 1.000000e+00 0.000000e+00 0.000000e+00 0.000000e+00 1.000000e+00 0.000000e+00 0.000000e+00 0.000000e+00 0.000000e+00 0.000000e+00 0.000000e+00
       2 7.099998e-02 1.600000e-01 2.000000e-01 9.990153e-01 -4.436599e-02 -1.763242e-17 4.436599e-02 9.990153e-01 2.665780e-16 -2.771717e-17 -2.267068e-16 1.000000e+00 -4.591859e-15 1.805931e-15 -1.506530e-15 -1.632851e-17 7.421952e-16 2.957155e+00
       1 -1.322131e-01 4.215395e-02 2.000000e-01 1.000000e+00 0.000000e+00 0.000000e+00 0.000000e+00 1.000000e+00 0.000000e+00 0.000000e+00 0.000000e+00 1.000000e+00 0.000000e+00 0.000000e+00 0.000000e+00 0.000000e+00 0.000000e+00 0.000000e+00
       2 7.099998e-02 1.600000e-01 2.000000e-01 9.968927e-01 -7.877166e-02 -1.829036e-17 7.877166e-02 9.968927e-01 2.659591e-16 -3.622175e-17 -2.261825e-16 1.000000e+00 3.820460e-15 6.412290e-16 2.345543e-16 -3.036302e-17 9.883795e-16 3.937808e+00
       1 -1.322131e-01 4.215395e-02 2.000000e-01 1.000000e+00 0.000000e+00 0.000000e+00 0.000000e+00 1.000000e+00 0.000000e+00 0.000000e+00 0.000000e+00 1.000000e+00 0.000000e+00 0.000000e+00 0.000000e+00 0.000000e+00 0.000000e+00 0.000000e+00
       2 7.099998e-02 1.600000e-01 2.000000e-01 9.924306e-01 -1.228064e-01 -1.910560e-17 1.228064e-01 9.924306e-01 2.651311e-16 -4.710405e-17 -2.250796e-16 1.000000e+00 -2.443307e-15 1.669167e-15 -1.592798e-15 -4.608605e-17 1.228954e-15 4.914435e+00
       1 -1.322131e-01 4.215395e-02 2.000000e-01 1.000000e+00 0.000000e+00 0.000000e+00 0.000000e+00 1.000000e+00 0.000000e+00 0.000000e+00 0.000000e+00 1.000000e+00 0.000000e+00 0.000000e+00 0.000000e+00 0.000000e+00 0.000000e+00 0.000000e+00
       2 7.099998e-02 1.600000e-01 2.000000e-01 9.843538e-01 -1.762036e-01 -2.004901e-17 1.762036e-01 9.843538e-01 2.640729e-16 -6.030049e-17 -2.230828e-16 1.000000e+00 1.277051e-15 -9.361890e-17 8.204738e-16 -6.271034e-17 1.464000e-15 5.885797e+00
       1 -1.322131e-01 4.215395e-02 2.000000e-01 1.000000e+00 0.000000e+00 0.000000e+00 0.000000e+00 1.000000e+00 0.000000e+00 0.000000e+00 0.000000e+00 1.000000e+00 0.000000e+00 0.000000e+00 0.000000e+00 0.000000e+00 0.000000e+00 0.000000e+00
       2 7.099998e-02 1.600000e-01 2.000000e-01 9.711395e-01 -2.385122e-01 -2.108654e-17 2.385122e-01 9.711395e-01 2.627615e-16 -7.569908e-17 -2.198165e-16 1.000000e+00 2.163327e-15 -7.297270e-16 -1.500121e-15 -7.910234e-17 1.692035e-15 6.850856e+00
       1 -1.322131e-01 4.215395e-02 2.000000e-01 1.000000e+00 0.000000e+00 0.000000e+00 0.000000e+00 1.000000e+00 0.000000e+00 0.000000e+00 0.000000e+00 1.000000e+00 0.000000e+00 0.000000e+00 0.000000e+00 0.000000e+00 0.000000e+00 0.000000e+00
       2 7.099998e-02 1.600000e-01 2.000000e-01 9.510532e-01 -3.090271e-01 -2.217478e-17 3.090271e-01 9.510532e-01 2.611734e-16 -9.312549e-17 -2.148514e-16 1.000000e+00 2.875362e-15 2.020728e-15 3.281526e-16 -9.379311e-17 1.912730e-15 7.808588e+00
       1 -1.322131e-01 4.215395e-02 2.000000e-01 1.000000e+00 0.000000e+00 0.000000e+00 0.000000e+00 1.000000e+00 0.000000e+00 0.000000e+00 0.000000e+00 1.000000e+00 0.000000e+00 0.000000e+00 0.000000e+00 0.000000e+00 0.000000e+00 0.000000e+00
       2 7.099998e-02 1.600000e-01 2.000000e-01 9.222000e-01 -3.867133e-01 -2.325913e-17 3.867133e-01 9.222000e-01 2.592911e-16 -1.123270e-16 -2.077219e-16 1.000000e+00 4.675973e-15 2.711169e-17 -9.118890e-16 -1.057877e-16 2.126136e-15 8.757985e+00
       1 -1.322131e-01 4.215395e-02 2.000000e-01 1.000000e+00 0.000000e+00 0.000000e+00 0.000000e+00 1.000000e+00 0.000000e+00 0.000000e+00 0.000000e+00 1.000000e+00 0.000000e+00 0.000000e+00 0.000000e+00 0.000000e+00 0.000000e+00 0.000000e+00
       2 7.099998e-02 1.600000e-01 2.000000e-01 8.825976e-01 -4.701292e-01 -2.428031e-17 4.701292e-01 8.825976e-01 2.570939e-16 -1.329428e-16 -1.979344e-16 1.000000e+00 1.035720e-16 1.993724e-15 -1.690853e-15 -1.119357e-16 2.331627e-15 9.698055e+00
       1 -1.322131e-01 4.215395e-02 2.000000e-01 1.000000e+00 0.000000e+00 0.000000e+00 0.000000e+00 1.000000e+00 0.000000e+00 0.000000e+00 0.000000e+00 1.000000e+00 0.000000e+00 0.000000e+00 0.000000e+00 0.000000e+00 0.000000e+00 0.000000e+00
       2 7.099998e-02 1.600000e-01 2.000000e-01 8.302752e-01 -5.573536e-01 -2.516532e-17 5.573536e-01 8.302752e-01 2.545760e-16 -1.544999e-16 -1.850031e-16 1.000000e+00 -7.715791e-16 -5.679968e-16 -1.632764e-15 -1.119621e-16 2.530779e-15 1.062783e+01
       1 -1.322131e-01 4.215395e-02 2.000000e-01 1.000000e+00 0.000000e+00 0.000000e+00 0.000000e+00 1.000000e+00 0.000000e+00 0.000000e+00 0.000000e+00 1.000000e+00 0.000000e+00 0.000000e+00 0.000000e+00 0.000000e+00 0.000000e+00 0.000000e+00
       2 7.099998e-02 1.600000e-01 2.000000e-01 7.633983e-01 -6.459281e-01 -2.583376e-17 6.459281e-01 7.633983e-01 2.517415e-16 -1.763907e-16 -1.684748e-16 1.000000e+00 2.671900e-15 1.260759e-15 -8.995357e-16 -1.036052e-16 2.724693e-15 1.154635e+01
       1 -1.322131e-01 4.215395e-02 2.000000e-01 1.000000e+00 0.000000e+00 0.000000e+00 0.000000e+00 1.000000e+00 0.000000e+00 0.000000e+00 0.000000e+00 1.000000e+00 0.000000e+00 0.000000e+00 0.000000e+00 0.000000e+00 0.000000e+00 0.000000e+00
       2 7.099998e-02 1.600000e-01 2.000000e-01 6.804223e-01 -7.328202e-01 -2.619853e-17 7.328202e-01 6.804223e-01 2.486101e-16 -1.978657e-16 -1.479677e-16 1.000000e+00 -5.020501e-15 -1.080308e-15 1.093399e-15 -8.583755e-17 2.915140e-15 1.245268e+01
       1 -1.322131e-01 4.215395e-02 2.000000e-01 1.000000e+00 0.000000e+00 0.000000e+00 0.000000e+00 1.000000e+00 0.000000e+00 0.000000e+00 0.000000e+00 1.000000e+00 0.000000e+00 0.000000e+00 0.000000e+00 0.000000e+00 0.000000e+00 0.000000e+00
       2 7.099998e-02 1.600000e-01 2.000000e-01 5.802719e-01 -8.144228e-01 -2.616876e-17 8.144228e-01 5.802719e-01 2.452205e-16 -2.180334e-16 -1.232160e-16 1.000000e+00 1.616989e-15 1.824392e-15 -1.136630e-16 -5.789458e-17 3.104564e-15 1.334593e+01
       1 -1.322131e-01 4.215395e-02 2.000000e-01 1.000000e+00 0.000000e+00 0.000000e+00 0.000000e+00 1.000000e+00 0.000000e+00 0.000000e+00 0.000000e+00 1.000000e+00 0.000000e+00 0.000000e+00 0.000000e+00 0.000000e+00 0.000000e+00 0.000000e+00
       2 7.099998e-02 1.600000e-01 2.000000e-01 4.625388e-01 -8.865991e-01 -2.565407e-17 8.865991e-01 4.625388e-01 2.416336e-16 -2.358714e-16 -9.411882e-17 1.000000e+00 4.486751e-15 8.669265e-16 1.945149e-16 -1.976145e-17 3.295674e-15 1.422520e+01
       1 -1.322131e-01 4.215395e-02 2.000000e-01 1.000000e+00 0.000000e+00 0.000000e+00 0.000000e+00 1.000000e+00 0.000000e+00 0.000000e+00 0.000000e+00 1.000000e+00 0.000000e+00 0.000000e+00 0.000000e+00 0.000000e+00 0.000000e+00 0.000000e+00
       2 7.099998e-02 1.600000e-01 2.000000e-01 3.276899e-01 -9.447853e-01 -2.457011e-17 9.447853e-01 3.276899e-01 2.379355e-16 -2.502518e-16 -6.079158e-17 1.000000e+00 6.248841e-16 -5.959718e-16 7.879645e-16 2.772007e-17 3.491396e-15 1.508963e+01
       1 -1.322131e-01 4.215395e-02 2.000000e-01 1.000000e+00 0.000000e+00 0.000000e+00 0.000000e+00 1.000000e+00 0.000000e+00 0.000000e+00 0.000000e+00 1.000000e+00 0.000000e+00 0.000000e+00 0.000000e+00 0.000000e+00 0.000000e+00 0.000000e+00
       2 7.099998e-02 1.600000e-01 2.000000e-01 1.772684e-01 -9.841625e-01 -2.284542e-17 9.841625e-01 1.772684e-01 2.342380e-16 -2.599837e-16 -2.361563e-17 1.000000e+00 2.453088e-15 -4.331426e-16 -1.250221e-15 8.277840e-17 3.694583e-15 1.593838e+01
       1 -1.322131e-01 4.215395e-02 2.000000e-01 1.000000e+00 0.000000e+00 0.000000e+00 0.000000e+00 1.000000e+00 0.000000e+00 0.000000e+00 0.000000e+00 1.000000e+00 0.000000e+00 0.000000e+00 0.000000e+00 0.000000e+00 0.000000e+00 0.000000e+00
       2 7.099998e-02 1.600000e-01 2.000000e-01 1.406803e-02 -9.999010e-01 -2.042925e-17 9.999010e-01 1.406803e-02 2.306784e-16 -2.638734e-16 1.671856e-17 1.000000e+00 2.118740e-16 1.882224e-15 -2.098449e-15 1.426629e-16 3.907757e-15 1.677063e+01
       1 -1.322131e-01 4.215395e-02 2.000000e-01 1.000000e+00 0.000000e+00 0.000000e+00 0.000000e+00 1.000000e+00 0.000000e+00 0.000000e+00 0.000000e+00 1.000000e+00 0.000000e+00 0.000000e+00 0.000000e+00 0.000000e+00 0.000000e+00 0.000000e+00
       2 7.099998e-02 1.600000e-01 2.000000e-01 -1.577441e-01 -9.874800e-01 -1.730012e-17 9.874800e-01 -1.577441e-01 2.274166e-16 -2.608036e-16 5.918109e-17 1.000000e+00 -2.693471e-15 4.012500e-16 1.741482e-15 2.036846e-16 4.132803e-15 1.758559e+01
       1 -1.322131e-01 4.215395e-02 2.000000e-01 1.000000e+00 0.000000e+00 0.000000e+00 0.000000e+00 1.000000e+00 0.000000e+00 0.000000e+00 0.000000e+00 1.000000e+00 0.000000e+00 0.000000e+00 0.000000e+00 0.000000e+00 0.000000e+00 0.000000e+00
       2 7.099998e-02 1.600000e-01 2.000000e-01 -3.325841e-01 -9.430736e-01 -1.347428e-17 9.430736e-01 -3.325841e-01 2.246295e-16 -2.498287e-16 1.023919e-16 1.000000e+00 2.048309e-15 1.303030e-16 -9.235623e-16 2.613576e-16 4.370649e-15 1.838248e+01
       1 -1.322131e-01 4.215395e-02 2.000000e-01 1.000000e+00 0.000000e+00 0.000000e+00 0.000000e+00 1.000000e+00 0.000000e+00 0.000000e+00 0.000000e+00 1.000000e+00 0.000000e+00 0.000000e+00 0.000000e+00 0.000000e+00 0.000000e+00 0.000000e+00
       2 7.099998e-02 1.600000e-01 2.000000e-01 -5.035156e-01 -8.639861e-01 -9.013508e-18 8.639861e-01 -5.035156e-01 2.225023e-16 -2.302826e-16 1.446368e-16 1.000000e+00 -2.968910e-15 -1.116040e-15 1.119073e-15 3.106367e-16 4.620963e-15 1.916057e+01
       1 -1.322131e-01 4.215395e-02 2.000000e-01 1.000000e+00 0.000000e+00 0.000000e+00 0.000000e+00 1.000000e+00 0.000000e+00 0.000000e+00 0.000000e+00 1.000000e+00 0.000000e+00 0.000000e+00 0.000000e+00 0.000000e+00 0.000000e+00 0.000000e+00
       2 7.099998e-02 1.600000e-01 2.000000e-01 -6.624477e-01 -7.491082e-01 -4.030926e-18 7.491082e-01 -6.624477e-01 2.212170e-16 -2.018910e-16 1.839161e-16 1.000000e+00 7.033143e-16 4.877207e-17 -2.840315e-17 3.462702e-16 4.881926e-15 1.991912e+01
       1 -1.322131e-01 4.215395e-02 2.000000e-01 1.000000e+00 0.000000e+00 0.000000e+00 0.000000e+00 1.000000e+00 0.000000e+00 0.000000e+00 0.000000e+00 1.000000e+00 0.000000e+00 0.000000e+00 0.000000e+00 0.000000e+00 0.000000e+00 0.000000e+00
       2 7.099998e-02 1.600000e-01 2.000000e-01 -8.004851e-01 -5.993527e-01 1.306045e-18 5.993527e-01 -8.004851e-01 2.209380e-16 -1.648795e-16 2.180313e-16 1.000000e+00 -8.886166e-16 -1.026690e-15 1.004963e-15 3.632563e-16 5.150081e-15 2.065744e+01
       1 -1.322131e-01 4.215395e-02 2.000000e-01 1.000000e+00 0.000000e+00 0.000000e+00 0.000000e+00 1.000000e+00 0.000000e+00 0.000000e+00 0.000000e+00 1.000000e+00 0.000000e+00 0.000000e+00 0.000000e+00 0.000000e+00 0.000000e+00 0.000000e+00
       2 7.099998e-02 1.600000e-01 2.000000e-01 -9.084369e-01 -4.180220e-01 6.776688e-18 4.180220e-01 -9.084369e-01 2.217955e-16 -1.200644e-16 2.447110e-16 1.000000e+00 5.767411e-16 3.573164e-16 -6.288211e-16 3.573710e-16 5.420305e-15 2.137485e+01
       1 -1.322131e-01 4.215395e-02 2.000000e-01 1.000000e+00 0.000000e+00 0.000000e+00 0.000000e+00 1.000000e+00 0.000000e+00 0.000000e+00 0.000000e+00 1.000000e+00 0.000000e+00 0.000000e+00 0.000000e+00 0.000000e+00 0.000000e+00 0.000000e+00
       2 7.099998e-02 1.600000e-01 2.000000e-01 -9.774756e-01 -2.110485e-01 1.211337e-17 2.110485e-01 -9.774756e-01 2.238685e-16 -6.891182e-17 2.617735e-16 1.000000e+00 1.752424e-16 1.887579e-15 -2.055899e-16 3.257154e-16 5.686029e-15 2.207070e+01
       1 -1.322131e-01 4.215395e-02 2.000000e-01 1.000000e+00 0.000000e+00 0.000000e+00 0.000000e+00 1.000000e+00 0.000000e+00 0.000000e+00 0.000000e+00 1.000000e+00 0.000000e+00 0.000000e+00 0.000000e+00 0.000000e+00 0.000000e+00 0.000000e+00
       2 7.099998e-02 1.600000e-01 2.000000e-01 -9.999161e-01 1.294985e-02 1.701323e-17 -1.294985e-02 -9.999161e-01 2.271679e-16 -1.355164e-17 2.673195e-16 1.000000e+00 1.231262e-16 2.338627e-16 -8.253229e-16 2.672462e-16 5.939526e-15 2.274435e+01
       1 -1.322131e-01 4.215395e-02 2.000000e-01 1.000000e+00 0.000000e+00 0.000000e+00 0.000000e+00 1.000000e+00 0.000000e+00 0.000000e+00 0.000000e+00 1.000000e+00 0.000000e+00 0.000000e+00 0.000000e+00 0.000000e+00 0.000000e+00 0.000000e+00
       2 7.099998e-02 1.600000e-01 2.000000e-01 -9.700636e-01 2.428508e-01 2.115637e-17 -2.428508e-01 -9.700636e-01 2.316222e-16 4.326743e-17 2.599414e-16 1.000000e+00 1.862063e-15 -1.183159e-15 4.963044e-16 1.832451e-16 6.172546e-15 2.339521e+01
       1 -1.322131e-01 4.215395e-02 2.000000e-01 1.000000e+00 0.000000e+00 0.000000e+00 0.000000e+00 1.000000e+00 0.000000e+00 0.000000e+00 0.000000e+00 1.000000e+00 0.000000e+00 0.000000e+00 0.000000e+00 0.000000e+00 0.000000e+00 0.000000e+00
       2 7.099998e-02 1.600000e-01 2.000000e-01 -8.850554e-01 4.654857e-01 2.422869e-17 -4.654857e-01 -8.850554e-01 2.370689e-16 9.829066e-17 2.389319e-16 1.000000e+00 -2.861251e-15 3.349731e-17 -3.560152e-16 7.754493e-17 6.376908e-15 2.402268e+01
       1 -1.322131e-01 4.215395e-02 2.000000e-01 1.000000e+00 0.000000e+00 0.000000e+00 0.000000e+00 1.000000e+00 0.000000e+00 0.000000e+00 0.000000e+00 1.000000e+00 0.000000e+00 0.000000e+00 0.000000e+00 0.000000e+00 0.000000e+00 0.000000e+00
       2 7.099998e-02 1.600000e-01 2.000000e-01 -7.456053e-01 6.663878e-01 2.595016e-17 -6.663878e-01 -7.456053e-01 2.432510e-16 1.479429e-16 2.044673e-16 1.000000e+00 6.289761e-16 -1.487484e-15 -5.664446e-16 -4.339802e-17 6.545561e-15 2.462622e+01
       1 -1.322131e-01 4.215395e-02 2.000000e-01 1.000000e+00 0.000000e+00 0.000000e+00 0.000000e+00 1.000000e+00 0.000000e+00 0.000000e+00 0.000000e+00 1.000000e+00 0.000000e+00 0.000000e+00 0.000000e+00 0.000000e+00 0.000000e+00 0.000000e+00
       2 7.099998e-02 1.600000e-01 2.000000e-01 -5.565469e-01 8.308162e-01 2.610388e-17 -8.308162e-01 -5.565469e-01 2.498241e-16 1.885807e-16 1.577423e-16 1.000000e+00 -9.472101e-16 7.441773e-16 1.815198e-15 -1.707561e-16 6.673199e-15 2.520528e+01
       1 -1.322131e-01 4.215395e-02 2.000000e-01 1.000000e+00 0.000000e+00 0.000000e+00 0.000000e+00 1.000000e+00 0.000000e+00 0.000000e+00 0.000000e+00 1.000000e+00 0.000000e+00 0.000000e+00 0.000000e+00 0.000000e+00 0.000000e+00 0.000000e+00
       2 7.099998e-02 1.600000e-01 2.000000e-01 -3.270724e-01 9.449993e-01 2.456566e-17 -9.449993e-01 -3.270724e-01 2.563717e-16 2.168006e-16 1.010285e-16 1.000000e+00 -2.703125e-16 -1.475223e-15 -1.000485e-15 -2.939472e-16 6.757346e-15 2.575935e+01
       1 -1.322131e-01 4.215395e-02 2.000000e-01 1.000000e+00 0.000000e+00 0.000000e+00 0.000000e+00 1.000000e+00 0.000000e+00 0.000000e+00 0.000000e+00 1.000000e+00 0.000000e+00 0.000000e+00 0.000000e+00 0.000000e+00 0.000000e+00 0.000000e+00
       2 7.099998e-02 1.600000e-01 2.000000e-01 -7.057835e-02 9.975062e-01 2.132908e-17 -9.975062e-01 -7.057835e-02 2.624319e-16 2.297776e-16 3.763710e-17 1.000000e+00 1.433872e-15 2.353555e-16 8.722714e-16 -4.014423e-16 6.798860e-15 2.628794e+01
       1 -1.322131e-01 4.215395e-02 2.000000e-01 1.000000e+00 0.000000e+00 0.000000e+00 0.000000e+00 1.000000e+00 0.000000e+00 0.000000e+00 0.000000e+00 1.000000e+00 0.000000e+00 0.000000e+00 0.000000e+00 0.000000e+00 0.000000e+00 0.000000e+00
       2 7.099998e-02 1.600000e-01 2.000000e-01 1.959418e-01 9.806155e-01 1.652283e-17 -9.806155e-01 1.959418e-01 2.675321e-16 2.256034e-16 -2.823227e-17 1.000000e+00 -4.090075e-15 -1.332975e-15 1.775905e-15 -4.818812e-16 6.802333e-15 2.679060e+01
       1 -1.322131e-01 4.215395e-02 2.000000e-01 1.000000e+00 0.000000e+00 0.000000e+00 0.000000e+00 1.000000e+00 0.000000e+00 0.000000e+00 0.000000e+00 1.000000e+00 0.000000e+00 0.000000e+00 0.000000e+00 0.000000e+00 0.000000e+00 0.000000e+00
       2 7.099998e-02 1.600000e-01 2.000000e-01 4.529720e-01 8.915247e-01 1.041727e-17 -8.915247e-01 4.529720e-01 2.712309e-16 2.035851e-16 -9.175628e-17 1.000000e+00 2.863013e-15 -1.162075e-15 1.715407e-15 -5.253595e-16 6.776078e-15 2.726688e+01
       1 -1.322131e-01 4.215395e-02 2.000000e-01 1.000000e+00 0.000000e+00 0.000000e+00 0.000000e+00 1.000000e+00 0.000000e+00 0.000000e+00 0.000000e+00 1.000000e+00 0.000000e+00 0.000000e+00 0.000000e+00 0.000000e+00 0.000000e+00 0.000000e+00
       2 7.099998e-02 1.600000e-01 2.000000e-01 6.799753e-01 7.332350e-01 3.416984e-18 -7.332350e-01 6.799753e-01 2.731641e-16 1.644648e-16 -1.478593e-16 1.000000e+00 2.459449e-15 6.908416e-16 1.586262e-15 -5.247921e-16 6.731658e-15 2.771636e+01
       1 -1.322131e-01 4.215395e-02 2.000000e-01 1.000000e+00 0.000000e+00 0.000000e+00 0.000000e+00 1.000000e+00 0.000000e+00 0.000000e+00 0.000000e+00 1.000000e+00 0.000000e+00 0.000000e+00 0.000000e+00 0.000000e+00 0.000000e+00 0.000000e+00
       2 7.099998e-02 1.600000e-01 2.000000e-01 8.572177e-01 5.149543e-01 -3.961307e-18 -5.149543e-01 8.572177e-01 2.730868e-16 1.105177e-16 -1.916640e-16 1.000000e+00 4.837731e-15 -2.854005e-16 2.506176e-16 -4.767116e-16 6.683014e-15 2.813867e+01
       1 -1.322131e-01 4.215395e-02 2.000000e-01 1.000000e+00 0.000000e+00 0.000000e+00 0.000000e+00 1.000000e+00 0.000000e+00 0.000000e+00 0.000000e+00 1.000000e+00 0.000000e+00 0.000000e+00 0.000000e+00 0.000000e+00 0.000000e+00 0.000000e+00
       2 7.099998e-02 1.600000e-01 2.000000e-01 9.677542e-01 2.518963e-01 -1.112646e-17 -2.518963e-01 9.677542e-01 2.709123e-16 4.550427e-17 -2.189829e-16 1.000000e+00 -6.897713e-16 1.170968e-15 1.409756e-15 -3.826018e-16 6.645026e-15 2.853342e+01
       1 -1.322131e-01 4.215395e-02 2.000000e-01 1.000000e+00 0.000000e+00 0.000000e+00 0.000000e+00 1.000000e+00 0.000000e+00 0.000000e+00 0.000000e+00 1.000000e+00 0.000000e+00 0.000000e+00 0.000000e+00 0.000000e+00 0.000000e+00 0.000000e+00
       2 7.099998e-02 1.600000e-01 2.000000e-01 9.993666e-01 -3.558761e-02 -1.746306e-17 3.558761e-02 9.993666e-01 2.667344e-16 -2.554567e-17 -2.267959e-16 1.000000e+00 2.014735e-15 -3.886349e-16 -1.587153e-16 -2.485335e-16 6.632061e-15 2.890028e+01
       1 -1.322131e-01 4.215395e-02 2.000000e-01 1.000000e+00 0.000000e+00 0.000000e+00 0.000000e+00 1.000000e+00 0.000000e+00 0.000000e+00 0.000000e+00 1.000000e+00 0.000000e+00 0.000000e+00 0.000000e+00 0.000000e+00 0.000000e+00 0.000000e+00
       2 7.099998e-02 1.600000e-01 2.000000e-01 9.462164e-01 -3.235344e-01 -2.238864e-17 3.235344e-01 9.462164e-01 2.608364e-16 -9.671030e-17 -2.136602e-16 1.000000e+00 -1.541812e-15 -1.414716e-15 1.415880e-15 -8.550749e-17 6.656319e-15 2.923894e+01
       1 -1.322131e-01 4.215395e-02 2.000000e-01 1.000000e+00 0.000000e+00 0.000000e+00 0.000000e+00 1.000000e+00 0.000000e+00 0.000000e+00 0.000000e+00 1.000000e+00 0.000000e+00 0.000000e+00 0.000000e+00 0.000000e+00 0.000000e+00 0.000000e+00
       2 7.099998e-02 1.600000e-01 2.000000e-01 8.099833e-01 -5.864529e-01 -2.541681e-17 5.864529e-01 8.099833e-01 2.536796e-16 -1.616892e-16 -1.799910e-16 1.000000e+00 -5.442926e-16 -7.666596e-16 -2.156377e-15 9.167120e-17 6.725954e-15 2.954910e+01
       1 -1.322131e-01 4.215395e-02 2.000000e-01 1.000000e+00 0.000000e+00 0.000000e+00 0.000000e+00 1.000000e+00 0.000000e+00 0.000000e+00 0.000000e+00 1.000000e+00 0.000000e+00 0.000000e+00 0.000000e+00 0.000000e+00 0.000000e+00 0.000000e+00
       2 7.099998e-02 1.600000e-01 2.000000e-01 6.002901e-01 -7.997824e-01 -2.621270e-17 7.997824e-01 6.002901e-01 2.458696e-16 -2.144122e-16 -1.281666e-16 1.000000e+00 4.247558e-16 -7.126739e-16 -2.044786e-15 2.657510e-16 6.844186e-15 2.983049e+01
       1 -1.322131e-01 4.215395e-02 2.000000e-01 1.000000e+00 0.000000e+00 0.000000e+00 0.000000e+00 1.000000e+00 0.000000e+00 0.000000e+00 0.000000e+00 1.000000e+00 0.000000e+00 0.000000e+00 0.000000e+00 0.000000e+00 0.000000e+00 0.000000e+00
       2 7.099998e-02 1.600000e-01 2.000000e-01 3.342889e-01 -9.424707e-01 -2.463805e-17 9.424707e-01 3.342889e-01 2.381060e-16 -2.496769e-16 -6.242584e-17 1.000000e+00 6.725529e-16 -1.196541e-15 1.803344e-15 4.188285e-16 7.008412e-15 3.008288e+01
       1 -1.322131e-01 4.215395e-02 2.000000e-01 1.000000e+00 0.000000e+00 0.000000e+00 0.000000e+00 1.000000e+00 0.000000e+00 0.000000e+00 0.000000e+00 1.000000e+00 0.000000e+00 0.000000e+00 0.000000e+00 0.000000e+00 0.000000e+00 0.000000e+00
       2 7.099998e-02 1.600000e-01 2.000000e-01 3.537584e-02 -9.993741e-01 -2.077903e-17 9.993741e-01 3.537584e-02 2.311149e-16 -2.637404e-16 1.144907e-17 1.000000e+00 -8.300433e-16 -6.415603e-16 -1.603482e-16 5.345190e-16 7.210051e-15 3.030605e+01
       1 -1.322131e-01 4.215395e-02 2.000000e-01 1.000000e+00 0.000000e+00 0.000000e+00 0.000000e+00 1.000000e+00 0.000000e+00 0.000000e+00 0.000000e+00 1.000000e+00 0.000000e+00 0.000000e+00 0.000000e+00 0.000000e+00 0.000000e+00 0.000000e+00
       2 7.099998e-02 1.600000e-01 2.000000e-01 -2.688867e-01 -9.631718e-01 -1.494984e-17 9.631718e-01 -2.688867e-01 2.255755e-16 -2.547930e-16 8.664597e-17 1.000000e+00 8.736706e-16 1.383031e-15 -7.925819e-16 5.996461e-16 7.435356e-15 3.049981e+01
       1 -1.322131e-01 4.215395e-02 2.000000e-01 1.000000e+00 0.000000e+00 0.000000e+00 0.000000e+00 1.000000e+00 0.000000e+00 0.000000e+00 0.000000e+00 1.000000e+00 0.000000e+00 0.000000e+00 0.000000e+00 0.000000e+00 0.000000e+00 0.000000e+00
       2 7.099998e-02 1.600000e-01 2.000000e-01 -5.494505e-01 -8.355263e-01 -7.670582e-18 8.355263e-01 -5.494505e-01 2.220469e-16 -2.232458e-16 1.559858e-16 1.000000e+00 2.846521e-15 -4.779086e-16 9.844480e-16 6.061065e-16 7.666842e-15 3.066399e+01
       1 -1.322131e-01 4.215395e-02 2.000000e-01 1.000000e+00 0.000000e+00 0.000000e+00 0.000000e+00 1.000000e+00 0.000000e+00 0.000000e+00 0.000000e+00 1.000000e+00 0.000000e+00 0.000000e+00 0.000000e+00 0.000000e+00 0.000000e+00 0.000000e+00
       2 7.099998e-02 1.600000e-01 2.000000e-01 -7.787806e-01 -6.272964e-01 3.781088e-19 6.272964e-01 -7.787806e-01 2.209034e-16 -1.717827e-16 2.126635e-16 1.000000e+00 -3.710230e-15 -1.070621e-15 -4.504994e-16 5.519649e-16 7.884923e-15 3.079845e+01
       1 -1.322131e-01 4.215395e-02 2.000000e-01 1.000000e+00 0.000000e+00 0.000000e+00 0.000000e+00 1.000000e+00 0.000000e+00 0.000000e+00 0.000000e+00 1.000000e+00 0.000000e+00 0.000000e+00 0.000000e+00 0.000000e+00 0.000000e+00 0.000000e+00
       2 7.099998e-02 1.600000e-01 2.000000e-01 -9.338283e-01 -3.577214e-01 8.421453e-18 3.577214e-01 -9.338283e-01 2.222887e-16 -1.051585e-16 2.509830e-16 1.000000e+00 4.651864e-15 1.539625e-15 1.118421e-15 4.418754e-16 8.070297e-15 3.090309e+01
       1 -1.322131e-01 4.215395e-02 2.000000e-01 1.000000e+00 0.000000e+00 0.000000e+00 0.000000e+00 1.000000e+00 0.000000e+00 0.000000e+00 0.000000e+00 1.000000e+00 0.000000e+00 0.000000e+00 0.000000e+00 0.000000e+00 0.000000e+00 0.000000e+00
       2 7.099998e-02 1.600000e-01 2.000000e-01 -9.986144e-01 -5.262364e-02 1.567004e-17 5.262364e-02 -9.986144e-01 2.260920e-16 -2.975469e-17 2.669944e-16 1.000000e+00 2.793463e-16 -1.365562e-15 -1.831651e-15 2.868425e-16 8.206106e-15 3.097781e+01
       1 -1.322131e-01 4.215395e-02 2.000000e-01 1.000000e+00 0.000000e+00 0.000000e+00 0.000000e+00 1.000000e+00 0.000000e+00 0.000000e+00 0.000000e+00 1.000000e+00 0.000000e+00 0.000000e+00 0.000000e+00 0.000000e+00 0.000000e+00 0.000000e+00
       2 7.099998e-02 1.600000e-01 2.000000e-01 -9.660936e-01 2.581921e-01 2.140337e-17 -2.581921e-01 -9.660936e-01 2.319570e-16 4.706189e-17 2.589569e-16 1.000000e+00 5.058373e-16 9.382190e-16 -9.342714e-16 1.023918e-16 8.279966e-15 3.102255e+01
       1 -1.322131e-01 4.215395e-02 2.000000e-01 1.000000e+00 0.000000e+00 0.000000e+00 0.000000e+00 1.000000e+00 0.000000e+00 0.000000e+00 0.000000e+00 1.000000e+00 0.000000e+00 0.000000e+00 0.000000e+00 0.000000e+00 0.000000e+00 0.000000e+00
       2 7.099998e-02 1.600000e-01 2.000000e-01 -8.390515e-01 5.440519e-01 2.504908e-17 -5.440519e-01 -8.390515e-01 2.393129e-16 1.177109e-16 2.275589e-16 1.000000e+00 -2.884467e-15 6.778991e-16 -1.789274e-16 -9.233888e-17 8.285602e-15 3.103726e+01
       1 -1.322131e-01 4.215395e-02 2.000000e-01 1.000000e+00 0.000000e+00 0.000000e+00 0.000000e+00 1.000000e+00 0.000000e+00 0.000000e+00 0.000000e+00 1.000000e+00 0.000000e+00 0.000000e+00 0.000000e+00 0.000000e+00 0.000000e+00 0.000000e+00
       2 7.099998e-02 1.600000e-01 2.000000e-01 -6.299037e-01 7.766732e-01 2.624297e-17 -7.766732e-01 -6.299037e-01 2.474353e-16 1.752017e-16 1.758692e-16 1.000000e+00 1.994144e-15 1.802326e-15 -2.139268e-15 -2.774400e-16 8.222728e-15 3.102195e+01
       1 -1.322131e-01 4.215395e-02 2.000000e-01 1.000000e+00 0.000000e+00 0.000000e+00 0.000000e+00 1.000000e+00 0.000000e+00 0.000000e+00 0.000000e+00 1.000000e+00 0.000000e+00 0.000000e+00 0.000000e+00 0.000000e+00 0.000000e+00 0.000000e+00
       2 7.099998e-02 1.600000e-01 2.000000e-01 -3.594057e-01 9.331814e-01 2.487218e-17 -9.331814e-01 -3.594057e-01 2.555219e-16 2.138822e-16 1.090167e-16 1.000000e+00 1.526594e-15 1.140475e-15 -1.555293e-15 -4.341708e-16 8.098441e-15 3.097663e+01
       1 -1.322131e-01 4.215395e-02 2.000000e-01 1.000000e+00 0.000000e+00 0.000000e+00 0.000000e+00 1.000000e+00 0.000000e+00 0.000000e+00 0.000000e+00 1.000000e+00 0.000000e+00 0.000000e+00 0.000000e+00 0.000000e+00 0.000000e+00 0.000000e+00
       2 7.099998e-02 1.600000e-01 2.000000e-01 -5.442549e-02 9.985178e-01 2.108154e-17 -9.985178e-01 -5.442549e-02 2.627772e-16 2.300299e-16 3.364246e-17 1.000000e+00 5.532153e-15 1.485538e-15 1.641492e-15 -5.469860e-16 7.924565e-15 3.090132e+01
       1 -1.322131e-01 4.215395e-02 2.000000e-01 1.000000e+00 0.000000e+00 0.000000e+00 0.000000e+00 1.000000e+00 0.000000e+00 0.000000e+00 0.000000e+00 1.000000e+00 0.000000e+00 0.000000e+00 0.000000e+00 0.000000e+00 0.000000e+00 0.000000e+00
       2 7.099998e-02 1.600000e-01 2.000000e-01 2.549514e-01 9.669539e-01 1.526004e-17 -9.669539e-01 2.549514e-01 2.684974e-16 2.222288e-16 -4.281856e-17 1.000000e+00 -1.516539e-15 9.366844e-16 9.922971e-16 -6.058011e-16 7.717856e-15 3.079611e+01
       1 -1.322131e-01 4.215395e-02 2.000000e-01 1.000000e+00 0.000000e+00 0.000000e+00 0.000000e+00 1.000000e+00 0.000000e+00 0.000000e+00 0.000000e+00 1.000000e+00 0.000000e+00 0.000000e+00 0.000000e+00 0.000000e+00 0.000000e+00 0.000000e+00
       2 7.099998e-02 1.600000e-01 2.000000e-01 5.386300e-01 8.425424e-01 7.993589e-18 -8.425424e-01 5.386300e-01 2.721429e-16 1.914811e-16 -1.129283e-16 1.000000e+00 -1.121729e-15 -1.729023e-15 -7.073477e-16 -6.061899e-16 7.496630e-15 3.066107e+01
