OndselSolver
Assembly
	Notes
		(Text string: '' runs: (Core.RunArray runs: #() values: #()))
	Name
		Assembly
	Position3D
		0	0	0	
	RotationMatrix
		1	0	0	
		0	1	0	
		0	0	1	
	Velocity3D
		0	0	0	
	Omega3D
		0	0	0	
	RefPoints
		RefPoint
			Position3D
				0	0	0	
			RotationMatrix
				1	0	0	
				0	1	0	
				0	0	1	
			Markers
				Marker
					Name
						Marker0
					Position3D
						0	0	0	
					RotationMatrix
						1	0	0	
						0	1	0	
						0	0	1	
	RefCurves
	RefSurfaces
	Parts
		Part
			Name
				structural_node_1
			Position3D
				-0.121	-1.218180697837851e-18	-0.080000000000000002	
			RotationMatrix
				1	0	0	
				0	1	0	
				0	0	1	
			Velocity3D
				0	0	0	
			Omega3D
				0	0	0	
			FeatureOrder
			PrincipalMassMarker
				Name
					MassMarker
				Position3D
					0	0	0	
				RotationMatrix
					1	0	0	
					0	1	0	
					0	0	1	
				Mass
					1
				MomentOfInertias
					1	2	3	
				Density
					10
			RefPoints
				RefPoint
					Position3D
						0	0	0	
					RotationMatrix
						1	0	0	
						0	1	0	
						0	0	1	
					Markers
						Marker
							Name
								Marker0
							Position3D
								0.121	1.218180697837851e-18	0.080000000000000002	
							RotationMatrix
								1	0	0	
								0	1	0	
								0	0	1	
				RefPoint
					Position3D
						0	0	0	
					RotationMatrix
						1	0	0	
						0	1	0	
						0	0	1	
					Markers
						Marker
							Name
								Marker1
							Position3D
								0	1.218180697837851e-18	0.050000000000000003	
							RotationMatrix
								1	0	0	
								0	1	0	
								0	0	1	
				RefPoint
					Position3D
						0	0	0	
					RotationMatrix
						1	0	0	
						0	1	0	
						0	0	1	
					Markers
						Marker
							Name
								Marker2
							Position3D
								0	1.2181806978377854e-18	0.080000000000000002	
							RotationMatrix
								2.2204460492503131e-16	-2.2204460492503131e-16	1	
								1	0	-2.2204460492503131e-16	
								4.9303806576313238e-32	1	2.2204460492503131e-16	
				RefPoint
					Position3D
						0	0	0	
					RotationMatrix
						1	0	0	
						0	1	0	
						0	0	1	
					Markers
						Marker
							Name
								Marker3
							Position3D
								0	0	0	
							RotationMatrix
								1	0	0	
								0	1	0	
								0	0	1	
			RefCurves
			RefSurfaces
		Part
			Name
				structural_node_2
			Position3D
				-0.047537048944738425	0.097422004105688312	-0.030293476812230588	
			RotationMatrix
				0.95125124256419791	-0.1267494082121462	0.28116838555915347	
				0.16773125949652101	0.97765065954336783	-0.12674940821214617	
				-0.25881904510252102	0.16773125949652104	0.95125124256419769	
			Velocity3D
				0	0	0	
			Omega3D
				0	0	0	
			FeatureOrder
			PrincipalMassMarker
				Name
					MassMarker
				Position3D
					7.105427357601002e-18	0	7.105427357601002e-18	
				RotationMatrix
					1	0	0	
					0	1	0	
					0	0	1	
				Mass
					1.448636188351172
				MomentOfInertias
					0.0028717510150880004	0.0028644478408119999	0.00070895945899300007	
				Density
					10
			RefPoints
				RefPoint
					Position3D
						0	0	0	
					RotationMatrix
						1	0	0	
						0	1	0	
						0	0	1	
					Markers
						Marker
							Name
								Marker0
							Position3D
								-0.037398532842690513	0	0.0032867622552210634	
							RotationMatrix
								1	0	5.2041704279304213e-18	
								-0	1	0	
								-5.2041704279304213e-18	-0	1	
				RefPoint
					Position3D
						0	0	0	
					RotationMatrix
						1	0	0	
						0	1	0	
						0	0	1	
					Markers
						Marker
							Name
								Marker1
							Position3D
								0.032601467157309487	1.4210854715202004e-17	0.053286762255221061	
							RotationMatrix
								1	-0	5.2041704279304213e-18	
								0	1	0	
								-5.2041704279304213e-18	0	1	
			RefCurves
			RefSurfaces
		Part
			Name
				structural_node_3
			Position3D
				0.070996302773702349	-0.073647657997079813	0.058407900823760565	
			RotationMatrix
				0.96225018689905806	0.014330116918634631	-0.27178893568691503	
				-0.087155742747658013	0.96225018689905806	-0.25783416049630004	
				0.25783416049630009	0.27178893568691498	0.92717437417097659	
			Velocity3D
				0	0	0	
			Omega3D
				0	0	0	
			FeatureOrder
			PrincipalMassMarker
				Name
					MassMarker
				Position3D
					2.8421709430404008e-17	-1.4210854715202004e-17	0	
				RotationMatrix
					1	0	0	
					0	1	0	
					0	0	1	
				Mass
					2.8529486557067685
				MomentOfInertias
					0.033837921987970004	0.033715148099504003	0.0019563103180130002	
				Density
					10
			RefPoints
				RefPoint
					Position3D
						0	0	0	
					RotationMatrix
						1	0	0	
						0	1	0	
						0	0	1	
					Markers
						Marker
							Name
								Marker0
							Position3D
								-0.1400000000000079	-1.0444978215673472e-15	0.024999999999998038	
							RotationMatrix
								3.3222291540679832e-33	1	-5.5511151231257839e-17	
								-1	0	-5.9847959921199857e-17	
								-5.9847959921199857e-17	5.5511151231257839e-17	1	
				RefPoint
					Position3D
						0	0	0	
					RotationMatrix
						1	0	0	
						0	1	0	
						0	0	1	
					Markers
						Marker
							Name
								Marker1
							Position3D
								0.13999999999999133	4.4231285301066236e-16	9.7912788987741798e-15	
							RotationMatrix
								0.72548619723465779	0.68823671626991489	2.7195091690402506e-15	
								-0.68823671626991489	0.72548619723465779	1.2586758486779817e-14	
								6.6897029640320283e-15	-1.1003185610451132e-14	1	
			RefCurves
			RefSurfaces
		Part
			Name
				structural_node_4
			Position3D
				0.37230796398905641	0.043331500350960422	0.008140985321785409	
			RotationMatrix
				0.9659258262890682	-0	0.25881904510252107	
				0	1	0	
				-0.25881904510252107	0	0.9659258262890682	
			Velocity3D
				0	0	0	
			Omega3D
				0	0	0	
			FeatureOrder
			PrincipalMassMarker
				Name
					MassMarker
				Position3D
					2.8421709430404008e-16	2.1316282072803006e-17	2.2737367544323206e-16	
				RotationMatrix
					1	0	0	
					0	1	0	
					0	0	1	
				Mass
					10.859427202622141
				MomentOfInertias
					0.077067420987949012	0.066351815798527003	0.061792350456255002	
				Density
					10
			RefPoints
				RefPoint
					Position3D
						0	0	0	
					RotationMatrix
						1	0	0	
						0	1	0	
						0	0	1	
					Markers
						Marker
							Name
								Marker0
							Position3D
								-0.045580834634119244	-2.0299354019925886e-10	1.2562251640702015e-08	
							RotationMatrix
								1	0	0	
								0	1	0	
								0	0	1	
				RefPoint
					Position3D
						0	0	0	
					RotationMatrix
						1	0	0	
						0	1	0	
						0	0	1	
					Markers
						Marker
							Name
								Marker1
							Position3D
								-0.045580834634119244	-2.0299354019925886e-10	1.2562251640702015e-08	
							RotationMatrix
								1	0	0	
								0	1	0	
								0	0	1	
				RefPoint
					Position3D
						0	0	0	
					RotationMatrix
						1	0	0	
						0	1	0	
						0	0	1	
					Markers
						Marker
							Name
								Marker2
							Position3D
								0	0	0	
							RotationMatrix
								1	0	0	
								0	1	0	
								0	0	1	
			RefCurves
			RefSurfaces
	KinematicIJs
	ConstraintSets
		Joints
			FixedJoint
				Name
					joint_1
				MarkerI
					/Assembly/Marker0
				MarkerJ
					/Assembly/structural_node_1/Marker0
			RevoluteJoint
				Name
					joint_2
				MarkerI
					/Assembly/structural_node_1/Marker1
				MarkerJ
					/Assembly/structural_node_2/Marker0
			RevoluteJoint
				Name
					joint_3
				MarkerI
					/Assembly/structural_node_2/Marker1
				MarkerJ
					/Assembly/structural_node_3/Marker0
			PointInLineJoint
				Name
					joint_4
				MarkerI
					/Assembly/structural_node_3/Marker1
				MarkerJ
					/Assembly/structural_node_4/Marker0
			PointInLineJoint
				Name
					joint_5
				MarkerI
					/Assembly/structural_node_1/Marker2
				MarkerJ
					/Assembly/structural_node_4/Marker1
			NoRotationJoint
				Name
					joint_6
				MarkerI
					/Assembly/structural_node_1/Marker3
				MarkerJ
					/Assembly/structural_node_4/Marker2
		Motions
			RotationalMotion
				Name
					joint_2Motion
				MarkerI
					/Assembly/structural_node_1/Marker1
				MarkerJ
					/Assembly/structural_node_2/Marker0
				MotionJoint
					/Assembly/joint_2
				RotationZ
					integral(time,  rampstep(time, 0.0, 0.0, 1.0, 0.0 + 6.28*(1.0 - 0.0)))
		Limits
		GeneralConstraintSets
	ForceTorques
	ConstantGravity
		0	0	0	
	SimulationParameters
		tstart
			0
		tend
			3
		hmin
			1.0000000000000001e-09
		hmax
			1
		hout
			0.01
		errorTol
			9.9999999999999995e-07
	AnimationParameters
		nframe
			1000000
		icurrent
			1
		istart
			1
		iend
			1000000
		isForward
			true
		framesPerSecond
			30
