1 0.051296215921961506 0.017908175538920625 0.021903828027305762 1 0 0 0 1 0 0 0 1 0 -0 -0 0 -0 0 
2 0.031977001309755039 0.023348485961649085 0.033459369036118999 0.18859208914505218 0.072683596108786663 0.9793620978823917 0.98205550958787691 -0.013958020807279647 -0.1880748514375031 -5.5511151231257827e-17 0.99725737325518848 -0.074011698319668889 -0 -0 0 0 0 0 
3 0.030311648927266552 0.023661278470120808 0.033596344540439846 0.18428104709862231 0.079918805370988208 0.97961904852259252 0.98286568042552591 -0.010985259108145018 -0.1839955932189544 -0.0039433389282899634 0.99674084326388523 -0.080573826070850146 -0 -0 0 0 0 0 
4 0.040726844076608107 0.018584624091449564 0.038434502125338804 0.99936967996916715 -0.017008701298911518 0.031160019872409156 0.017108770833474118 0.99984928929423389 -0.0029476530296306232 -0.031105187973908682 0.0034789047040456496 0.99951006223207584 0 0 0 0 0 0 
5 0.056761363237384753 0.018693397453276823 0.031420851236471696 0.18461895700853126 0.079135077453568584 0.97961904852320003 0.98281013199351919 -0.01516133664080338 -0.18399559321392894 0.0002918286543042159 0.99674860089577355 -0.080573826074939459 0 0 0 0 0 0 
6 0.050962751919212575 0.020119765193868395 0.038485133354943822 0.99999992343187361 6.2221871515918261e-06 -0.00039127679604930566 -6.3101716842711991e-06 0.99999997469809998 -0.00022486436160507769 0.00039127538700111763 0.00022486681341139398 0.99999989816923862 -0 -0 -0 0 0 0 
7 0.045164140601040396 0.021546132934459564 0.045549415473416052 -0.70583027271176502 0.0025391181968681142 -0.70837643876855316 -0.70838085322588407 -0.0031499923063287158 0.70582338040861081 -0.00043921134313500794 0.99999181518013047 0.0040220226433547619 -0 -0 0 0 0 0 
8 0.051297762655163393 0.013432065803398788 0.043344997720174659 0.81870692573158044 -0.48232429842775221 -0.31158023189111489 -0.56716266553902206 -0.76401474371914946 -0.30758410589371088 -0.089696602933531766 0.42853791258876828 -0.8990604967944289 -0 -0 -0 0 0 0 
9 0.079846462962905471 0.02599317762066506 0.089769179571749194 0.94280402396859408 0.32531491181762323 -0.072737751805501211 -0.31402305962481791 0.93996149565645293 0.13364843697983109 0.11184851546844371 -0.10316295280950369 0.98835586443098999 0 0 0 -0 0 0 
10 0.05422508692759221 0.01387991661795147 0.046396122070667692 0.99987102251041482 -0.0019245444616227383 0.015944731813131389 0.0017603544126212137 0.99994535162650766 0.01030509159988399 -0.015963693066437103 -0.010275694096034184 0.99981976906566783 0 0 0 0 -0 0 
1 0.051296215921961506 0.017908175538920625 0.021903828027305762 1 0 0 0 1 0 0 0 1 0 -0 -0 0 -0 0 
2 0.031977001309755032 0.023348485961649082 0.033459369036118999 0.18859208914505216 0.072683596108786691 0.9793620978823917 0.9820555095878768 -0.013958020807279703 -0.18807485143750308 0 0.99725737325518837 -0.074011698319668945 -0 -0 0 0 0 0 
3 0.030311648927266548 0.023661278470120804 0.033596344540439846 0.18428104709862217 0.079918805370988527 0.97961904852259252 0.98286568042552591 -0.010985259108144296 -0.18399559321895434 -0.003943338928290796 0.99674084326388535 -0.080573826070850313 -0 -0 0 0 0 0 
4 0.0407268440766081 0.018584624091449564 0.038434502125338804 0.99936967996916715 -0.017008701298911501 0.031160019872409243 0.01710877083347408 0.99984928929423389 -0.0029476530296298998 -0.031105187973908783 0.0034789047040449271 0.99951006223207584 -0 -0 -0 0 0 0 
5 0.056761363237384753 0.018693397453276823 0.031420851236471696 0.18461895700853129 0.079135077453568486 0.97961904852320003 0.98281013199351919 -0.015161336640803713 -0.18399559321392894 0.00029182865430449345 0.99674860089577344 -0.080573826074939403 -0 -0 0 0 0 0 
6 0.050962751919212575 0.020119765193868395 0.038485133354943829 0.99999992343187361 6.2221871516248079e-06 -0.00039127679604872214 -6.3101716843041784e-06 0.99999997469809998 -0.00022486436160540734 0.00039127538700053411 0.00022486681341172366 0.99999989816923862 -0 -0 -0 0 0 0 
7 0.045164140601040396 0.021546132934459561 0.045549415473416059 -0.70583027271176513 0.0025391181968684277 -0.70837643876855316 -0.70838085322588407 -0.0031499923063290675 0.70582338040861092 -0.00043921134313503569 0.99999181518013047 0.0040220226433552329 -0 -0 0 0 0 0 
8 0.051297762655163393 0.01343206580339879 0.043344997720174666 0.81870692573158022 -0.48232429842775232 -0.31158023189111578 -0.56716266553902261 -0.76401474371914924 -0.30758410589371077 -0.089696602933532432 0.42853791258876872 -0.89906049679442868 -0 0 -0 0 0 0 
9 0.079846462962905526 0.025993177620665078 0.089769179571749166 0.94280402396859475 0.32531491181762173 -0.072737751805499934 -0.31402305962481664 0.93996149565645359 0.13364843697983042 0.11184851546844211 -0.10316295280950362 0.98835586443099022 0 0 0 0 0 0 
10 0.05422508692759221 0.01387991661795147 0.046396122070667692 0.99987102251041482 -0.001924544461622768 0.015944731813132256 0.0017603544126212341 0.99994535162650766 0.010305091599884016 -0.015963693066437971 -0.010275694096034209 0.99981976906566783 0 -0 -0 0 -0 0 
1 0.051296215921961506 0.017908175538920625 0.021903828027305762 1 0 0 0 1 0 0 0 1 0 -0 -0 0 -0 0 
2 0.031977001309755032 0.023348485961649089 0.033459369036118999 0.18859208914505241 0.072683596108786663 0.9793620978823917 0.9820555095878768 -0.013958020807279814 -0.1880748514375033 1.1102230246251565e-16 0.99725737325518837 -0.074011698319668931 -0 -0 0 0 0 0 
3 0.030311648927266555 0.023661278470120808 0.033596344540439846 0.18428104709862225 0.079918805370988333 0.97961904852259252 0.98286568042552591 -0.010985259108144296 -0.1839955932189544 -0.0039433389282906295 0.99674084326388512 -0.080573826070850146 -0 -0 0 0 0 0 
4 0.040726844076608107 0.018584624091449568 0.038434502125338811 0.99936967996916715 -0.017008701298911504 0.031160019872409211 0.017108770833474091 0.99984928929423389 -0.0029476530296301279 -0.031105187973908745 0.0034789047040451552 0.99951006223207584 -0 -0 -0 0 0 0 
5 0.056761363237384767 0.018693397453276823 0.031420851236471696 0.18461895700853129 0.079135077453568459 0.97961904852320003 0.98281013199351919 -0.015161336640804046 -0.18399559321392894 0.00029182865430488203 0.99674860089577333 -0.080573826074939459 -0 -0 0 0 0 0 
6 0.050962751919212575 0.020119765193868391 0.038485133354943822 0.99999992343187361 6.2221871515893782e-06 -0.00039127679604962712 -6.3101716842690909e-06 0.99999997469809998 -0.0002248643616057615 0.0003912753870014391 0.00022486681341207779 0.99999989816923862 -0 -0 -0 0 0 0 
7 0.045164140601040396 0.021546132934459557 0.045549415473416052 -0.70583027271176513 0.0025391181968678011 -0.70837643876855316 -0.70838085322588407 -0.0031499923063292527 0.70582338040861092 -0.00043921134313560989 0.99999181518013047 0.0040220226433549189 -0 -0 0 0 0 0 
8 0.051297762655163393 0.013432065803398794 0.043344997720174666 0.81870692573158033 -0.48232429842775226 -0.31158023189111544 -0.56716266553902239 -0.76401474371914935 -0.30758410589371082 -0.089696602933532182 0.42853791258876861 -0.89906049679442879 -0 0 -0 0 0 0 
9 0.079846462962905498 0.025993177620665095 0.089769179571749166 0.94280402396859497 0.32531491181762096 -0.072737751805500253 -0.31402305962481591 0.93996149565645382 0.13364843697983023 0.11184851546844227 -0.10316295280950344 0.98835586443099022 0 0 0 0 0 0 
10 0.05422508692759221 0.01387991661795147 0.046396122070667699 0.99987102251041482 -0.0019245444616227982 0.015944731813131784 0.0017603544126212679 0.99994535162650766 0.010305091599884089 -0.015963693066437499 -0.010275694096034281 0.99981976906566783 0 -0 -0 0 -0 0 
1 0.051296215921961506 0.017908175538920625 0.021903828027305762 1 0 0 0 1 0 0 0 1 0 -0 -0 0 -0 0 
2 0.031977001309755039 0.023348485961649085 0.033459369036118999 0.18859208914505218 0.072683596108786663 0.9793620978823917 0.98205550958787691 -0.013958020807279647 -0.1880748514375031 -5.5511151231257827e-17 0.99725737325518848 -0.074011698319668889 -0 -0 0 0 0 0 
3 0.030311648927266552 0.023661278470120808 0.033596344540439846 0.18428104709862225 0.079918805370988374 0.97961904852259252 0.98286568042552591 -0.010985259108144574 -0.18399559321895437 -0.003943338928290463 0.99674084326388535 -0.08057382607085023 -0 -0 0 0 0 0 
4 0.040726844076608107 0.018584624091449564 0.038434502125338811 0.99936967996916715 -0.017008701298911466 0.031160019872409159 0.017108770833474059 0.99984928929423389 -0.0029476530296303569 -0.031105187973908689 0.0034789047040453816 0.99951006223207584 -0 -0 -0 0 0 0 
5 0.056761363237384753 0.018693397453276823 0.031420851236471696 0.18461895700853123 0.079135077453568611 0.97961904852320003 0.98281013199351919 -0.01516133664080388 -0.18399559321392889 0.00029182865430460447 0.99674860089577344 -0.08057382607493957 -0 -0 0 0 0 0 
6 0.050962751919212575 0.020119765193868391 0.038485133354943822 0.99999992343187361 6.2221871516254068e-06 -0.00039127679604928408 -6.3101716843048958e-06 0.99999997469809998 -0.00022486436160538669 0.00039127538700109606 0.00022486681341170301 0.99999989816923862 -0 -0 -0 0 0 0 
7 0.045164140601040396 0.021546132934459561 0.045549415473416052 -0.70583027271176513 0.0025391181968681146 -0.70837643876855316 -0.70838085322588407 -0.0031499923063293819 0.70582338040861092 -0.00043921134313547978 0.99999181518013047 0.0040220226433552329 -0 -0 0 0 0 0 
8 0.051297762655163399 0.013432065803398788 0.043344997720174666 0.81870692573158033 -0.48232429842775226 -0.31158023189111533 -0.56716266553902228 -0.76401474371914935 -0.30758410589371082 -0.089696602933532071 0.42853791258876855 -0.89906049679442879 -0 0 -0 0 0 0 
9 0.079846462962905498 0.025993177620665039 0.089769179571749194 0.94280402396859375 0.32531491181762423 -0.072737751805501058 -0.31402305962481891 0.93996149565645271 0.13364843697983134 0.11184851546844375 -0.10316295280950386 0.98835586443098999 0 0 0 0 0 0 
10 0.05422508692759221 0.01387991661795147 0.046396122070667692 0.99987102251041482 -0.0019245444616227581 0.015944731813131694 0.0017603544126212323 0.99994535162650766 0.01030509159988386 -0.015963693066437409 -0.010275694096034052 0.99981976906566783 0 -0 -0 0 -0 0 
1 0.051296215921961506 0.017908175538920625 0.021903828027305762 1 0 0 0 1 0 0 0 1 0 -0 -0 0 -0 0 
2 0.031977001309755032 0.023348485961649082 0.033459369036118999 0.18859208914505216 0.072683596108786691 0.9793620978823917 0.9820555095878768 -0.013958020807279703 -0.18807485143750308 0 0.99725737325518837 -0.074011698319668945 -0 -0 0 0 0 0 
3 0.030311648927266548 0.023661278470120804 0.033596344540439846 0.1842810470986222 0.079918805370988458 0.97961904852259252 0.98286568042552591 -0.010985259108144629 -0.18399559321895434 -0.0039433389282904074 0.99674084326388535 -0.080573826070850313 -0 -0 0 0 0 0 
4 0.0407268440766081 0.018584624091449564 0.038434502125338811 0.99936967996916715 -0.017008701298911501 0.031160019872409267 0.017108770833474073 0.99984928929423389 -0.0029476530296297225 -0.031105187973908807 0.0034789047040447501 0.99951006223207584 -0 -0 -0 0 0 0 
5 0.056761363237384753 0.018693397453276823 0.031420851236471696 0.18461895700853126 0.0791350774535685 0.97961904852320003 0.98281013199351919 -0.015161336640803824 -0.18399559321392894 0.00029182865430460447 0.99674860089577344 -0.080573826074939459 -0 -0 0 0 0 0 
6 0.050962751919212575 0.020119765193868391 0.038485133354943829 0.99999992343187361 6.2221871516540754e-06 -0.00039127679604855241 -6.3101716843334628e-06 0.99999997469809998 -0.00022486436160554837 0.00039127538700036433 0.00022486681341186469 0.99999989816923862 -0 -0 -0 0 0 0 
7 0.045164140601040396 0.021546132934459561 0.045549415473416059 -0.70583027271176524 0.0025391181968684282 -0.70837643876855305 -0.70838085322588396 -0.00314999230632929 0.70582338040861103 -0.00043921134313519268 0.99999181518013047 0.0040220226433553899 -0 -0 0 0 0 0 
8 0.051297762655163393 0.013432065803398792 0.043344997720174673 0.8187069257315801 -0.48232429842775226 -0.31158023189111589 -0.56716266553902261 -0.76401474371914924 -0.30758410589371077 -0.089696602933532488 0.42853791258876878 -0.89906049679442868 -0 0 -0 0 0 0 
9 0.079846462962905526 0.025993177620665081 0.089769179571749166 0.94280402396859497 0.32531491181762112 -0.072737751805499767 -0.31402305962481608 0.9399614956564537 0.13364843697983025 0.11184851546844185 -0.10316295280950361 0.98835586443099022 0 0 0 0 0 0 
10 0.05422508692759221 0.01387991661795147 0.046396122070667699 0.99987102251041482 -0.0019245444616226314 0.015944731813132301 0.0017603544126210966 0.99994535162650766 0.010305091599884049 -0.015963693066438012 -0.010275694096034243 0.99981976906566783 0 -0 -0 0 -0 0 
1 0.051296215921961506 0.017908175538920625 0.021903828027305762 1 0 0 0 1 0 0 0 1 0 -0 -0 0 -0 0 
2 0.031977001309755032 0.023348485961649089 0.033459369036118999 0.18859208914505241 0.072683596108786663 0.9793620978823917 0.9820555095878768 -0.013958020807279814 -0.1880748514375033 1.1102230246251565e-16 0.99725737325518837 -0.074011698319668931 -0 -0 0 0 0 0 
3 0.030311648927266555 0.023661278470120808 0.033596344540439846 0.1842810470986222 0.079918805370988472 0.97961904852259252 0.98286568042552591 -0.010985259108144574 -0.18399559321895434 -0.003943338928290463 0.99674084326388535 -0.080573826070850313 -0 -0 0 0 0 0 
4 0.040726844076608107 0.018584624091449564 0.038434502125338811 0.99936967996916715 -0.017008701298911556 0.031160019872409205 0.017108770833474146 0.99984928929423389 -0.0029476530296303227 -0.031105187973908734 0.0034789047040453508 0.99951006223207584 -0 -0 -0 0 0 0 
5 0.056761363237384767 0.018693397453276823 0.031420851236471696 0.18461895700853123 0.079135077453568653 0.97961904852320003 0.98281013199351919 -0.015161336640803713 -0.18399559321392889 0.00029182865430443794 0.99674860089577355 -0.08057382607493957 -0 -0 0 0 0 0 
6 0.050962751919212575 0.020119765193868391 0.038485133354943815 0.99999992343187361 6.2221871515463744e-06 -0.00039127679605022847 -6.3101716842261133e-06 0.99999997469809998 -0.00022486436160548261 0.00039127538700204045 0.00022486681341179891 0.99999989816923862 -0 -0 -0 0 0 0 
7 0.04516414060104039 0.021546132934459557 0.045549415473416045 -0.70583027271176491 0.0025391181968671735 -0.70837643876855327 -0.70838085322588418 -0.0031499923063294374 0.7058233804086107 -0.00043921134313618408 0.99999181518013047 0.0040220226433546041 -0 -0 0 0 0 0 
8 0.051297762655163393 0.01343206580339879 0.043344997720174659 0.81870692573158055 -0.48232429842775204 -0.31158023189111489 -0.56716266553902195 -0.76401474371914946 -0.30758410589371121 -0.089696602933531655 0.42853791258876855 -0.89906049679442879 -0 0 -0 0 0 0 
9 0.079846462962905471 0.025993177620665081 0.089769179571749194 0.94280402396859408 0.32531491181762323 -0.072737751805501183 -0.31402305962481791 0.93996149565645293 0.1336484369798315 0.11184851546844381 -0.10316295280950408 0.98835586443098988 0 0 0 0 0 0 
10 0.054225086927592203 0.01387991661795147 0.046396122070667692 0.99987102251041482 -0.0019245444616228628 0.015944731813131417 0.0017603544126213303 0.99994535162650766 0.010305091599884469 -0.015963693066437131 -0.010275694096034663 0.99981976906566783 0 -0 -0 0 -0 0 
1 0.051296215921961506 0.017908175538920625 0.021903828027305762 1 0 0 0 1 0 0 0 1 0 -0 -0 0 -0 0 
2 0.031977001309755039 0.023348485961649085 0.033459369036118999 0.18859208914505218 0.072683596108786663 0.9793620978823917 0.98205550958787691 -0.013958020807279647 -0.1880748514375031 -5.5511151231257827e-17 0.99725737325518848 -0.074011698319668889 -0 -0 0 0 0 0 
3 0.030311648927266552 0.023661278470120808 0.033596344540439846 0.18428104709862225 0.079918805370988333 0.97961904852259252 0.98286568042552591 -0.010985259108144296 -0.1839955932189544 -0.0039433389282906295 0.99674084326388512 -0.080573826070850146 -0 -0 0 0 0 0 
4 0.0407268440766081 0.018584624091449568 0.038434502125338804 0.99936967996916715 -0.017008701298911452 0.031160019872409093 0.017108770833474039 0.99984928929423389 -0.0029476530296301271 -0.031105187973908627 0.0034789047040451504 0.99951006223207584 -0 -0 -0 0 0 0 
5 0.056761363237384753 0.018693397453276823 0.031420851236471696 0.18461895700853123 0.079135077453568611 0.97961904852320003 0.98281013199351919 -0.01516133664080388 -0.18399559321392889 0.00029182865430460447 0.99674860089577344 -0.08057382607493957 -0 -0 0 0 0 0 
6 0.050962751919212575 0.020119765193868391 0.038485133354943822 0.99999992343187361 6.2221871516258515e-06 -0.00039127679604873217 -6.3101716843052685e-06 0.99999997469809998 -0.00022486436160551945 0.00039127538700054414 0.00022486681341183577 0.99999989816923862 -0 -0 -0 0 0 0 
7 0.045164140601040396 0.021546132934459561 0.045549415473416059 -0.70583027271176535 0.0025391181968681155 -0.70837643876855283 -0.70838085322588373 -0.003149992306328495 0.70582338040861115 -0.00043921134313484921 0.99999181518013047 0.0040220226433546067 -0 -0 0 0 0 0 
8 0.051297762655163393 0.013432065803398792 0.043344997720174666 0.81870692573158033 -0.48232429842775226 -0.31158023189111522 -0.56716266553902228 -0.76401474371914946 -0.30758410589371082 -0.089696602933532016 0.4285379125887685 -0.89906049679442879 -0 0 -0 0 0 0 
9 0.079846462962905498 0.025993177620665102 0.08976917957174918 0.94280402396859486 0.32531491181762123 -0.072737751805500586 -0.31402305962481608 0.93996149565645382 0.13364843697983059 0.11184851546844277 -0.10316295280950366 0.98835586443099011 0 0 0 0 0 0 
10 0.05422508692759221 0.01387991661795147 0.046396122070667692 0.99987102251041482 -0.0019245444616226598 0.01594473181313159 0.0017603544126211272 0.99994535162650766 0.010305091599884363 -0.015963693066437305 -0.010275694096034559 0.99981976906566783 0 -0 -0 0 -0 0 
1 0.051296215921961506 0.017908175538920625 0.021903828027305762 1 0 0 0 1 0 0 0 1 0 -0 -0 0 -0 0 
2 0.031977001309755032 0.023348485961649082 0.033459369036118999 0.18859208914505216 0.072683596108786691 0.9793620978823917 0.9820555095878768 -0.013958020807279703 -0.18807485143750308 0 0.99725737325518837 -0.074011698319668945 -0 -0 0 0 0 0 
3 0.030311648927266548 0.023661278470120804 0.033596344540439846 0.1842810470986222 0.079918805370988444 0.97961904852259252 0.98286568042552591 -0.010985259108143741 -0.1839955932189544 -0.0039433389282912956 0.99674084326388523 -0.080573826070850146 -0 -0 0 0 0 0 
4 0.040726844076608093 0.018584624091449561 0.038434502125338818 0.99936967996916715 -0.01700870129891132 0.031160019872408927 0.017108770833473889 0.99984928929423389 -0.0029476530296295707 -0.031105187973908471 0.0034789047040445866 0.99951006223207584 -0 -0 -0 0 0 0 
5 0.056761363237384753 0.018693397453276823 0.031420851236471696 0.18461895700853126 0.079135077453568542 0.97961904852320003 0.98281013199351919 -0.015161336640804213 -0.18399559321392889 0.00029182865430504856 0.99674860089577355 -0.08057382607493957 -0 -0 0 0 0 0 
6 0.050962751919212568 0.020119765193868391 0.038485133354943822 0.99999992343187361 6.2221871516656781e-06 -0.00039127679604859447 -6.3101716843451349e-06 0.99999997469809998 -0.00022486436160570116 0.0003912753870004064 0.00022486681341201748 0.99999989816923862 -0 -0 -0 0 0 0 
7 0.045164140601040396 0.021546132934459554 0.045549415473416059 -0.70583027271176524 0.0025391181968684282 -0.70837643876855294 -0.70838085322588384 -0.0031499923063290683 0.70582338040861103 -0.00043921134313503482 0.99999181518013047 0.0040220226433552329 -0 -0 0 0 0 0 
8 0.051297762655163379 0.013432065803398787 0.043344997720174673 0.8187069257315801 -0.48232429842775254 -0.31158023189111572 -0.56716266553902273 -0.76401474371914913 -0.30758410589371077 -0.089696602933532238 0.42853791258876872 -0.89906049679442868 -0 0 -0 0 0 0 
9 0.079846462962905526 0.025993177620665137 0.089769179571749153 0.94280402396859631 0.32531491181761729 -0.072737751805499018 -0.31402305962481253 0.93996149565645526 0.13364843697982867 0.11184851546844023 -0.10316295280950279 0.98835586443099044 0 0 0 0 0 0 
10 0.05422508692759221 0.013879916617951469 0.046396122070667692 0.99987102251041482 -0.0019245444616226336 0.015944731813132194 0.0017603544126210983 0.99994535162650766 0.010305091599884146 -0.015963693066437905 -0.01027569409603434 0.99981976906566783 0 -0 -0 0 -0 0 
1 0.051296215921961506 0.017908175538920625 0.021903828027305762 1 0 0 0 1 0 0 0 1 0 -0 -0 0 -0 0 
2 0.031977001309755032 0.023348485961649089 0.033459369036118999 0.18859208914505241 0.072683596108786663 0.9793620978823917 0.9820555095878768 -0.013958020807279814 -0.1880748514375033 1.1102230246251565e-16 0.99725737325518837 -0.074011698319668931 -0 -0 0 0 0 0 
3 0.030311648927266555 0.023661278470120808 0.033596344540439846 0.18428104709862225 0.079918805370988374 0.97961904852259252 0.98286568042552591 -0.010985259108144574 -0.18399559321895437 -0.003943338928290463 0.99674084326388535 -0.08057382607085023 -0 -0 0 0 0 0 
4 0.040726844076608107 0.018584624091449568 0.038434502125338804 0.99936967996916715 -0.01700870129891165 0.031160019872409423 0.01710877083347425 0.99984928929423389 -0.0029476530296305963 -0.031105187973908949 0.0034789047040456309 0.99951006223207584 -0 -0 -0 0 0 0 
5 0.056761363237384767 0.018693397453276823 0.031420851236471696 0.18461895700853129 0.079135077453568473 0.97961904852320003 0.98281013199351919 -0.015161336640804379 -0.18399559321392892 0.0002918286543052151 0.99674860089577355 -0.080573826074939528 -0 -0 0 0 0 0 
6 0.050962751919212575 0.020119765193868388 0.038485133354943815 0.99999992343187361 6.2221871515731364e-06 -0.00039127679605048977 -6.3101716842530091e-06 0.99999997469809998 -0.000224864361605674 0.00039127538700230174 0.0002248668134119903 0.99999989816923862 -0 -0 -0 0 0 0 
7 0.04516414060104039 0.021546132934459554 0.045549415473416038 -0.70583027271176491 0.00253911819686686 -0.70837643876855327 -0.70838085322588418 -0.0031499923063297518 0.7058233804086107 -0.00043921134313662817 0.99999181518013047 0.0040220226433546041 -0 -0 0 0 0 0 
8 0.051297762655163393 0.013432065803398792 0.043344997720174652 0.81870692573158066 -0.48232429842775182 -0.31158023189111489 -0.56716266553902173 -0.76401474371914957 -0.30758410589371121 -0.089696602933531766 0.42853791258876855 -0.89906049679442879 -0 0 -0 0 0 0 
9 0.079846462962905457 0.025993177620665074 0.089769179571749194 0.94280402396859408 0.32531491181762323 -0.072737751805501377 -0.31402305962481791 0.93996149565645304 0.13364843697983139 0.11184851546844396 -0.10316295280950391 0.98835586443098999 0 0 0 0 0 0 
10 0.054225086927592203 0.01387991661795147 0.046396122070667692 0.99987102251041482 -0.0019245444616230543 0.015944731813131337 0.0017603544126215248 0.99994535162650766 0.010305091599884332 -0.015963693066437055 -0.010275694096034522 0.99981976906566783 0 -0 -0 0 -0 0 
1 0.051296215921961506 0.017908175538920625 0.021903828027305762 1 0 0 0 1 0 0 0 1 0 -0 -0 0 -0 0 
2 0.031977001309755039 0.023348485961649085 0.033459369036118999 0.18859208914505218 0.072683596108786663 0.9793620978823917 0.98205550958787691 -0.013958020807279647 -0.1880748514375031 -5.5511151231257827e-17 0.99725737325518848 -0.074011698319668889 -0 -0 0 0 0 0 
3 0.030311648927266552 0.023661278470120808 0.033596344540439846 0.18428104709862217 0.079918805370988485 0.97961904852259252 0.9828656804255258 -0.010985259108144574 -0.18399559321895431 -0.0039433389282904074 0.99674084326388523 -0.080573826070850355 -0 -0 0 0 0 0 
4 0.040726844076608107 0.018584624091449564 0.038434502125338804 0.99936967996916715 -0.017008701298911612 0.03116001987240935 0.017108770833474209 0.99984928929423389 -0.0029476530296305209 -0.031105187973908877 0.0034789047040455533 0.99951006223207584 -0 -0 -0 0 0 0 
5 0.056761363237384753 0.018693397453276823 0.031420851236471696 0.18461895700853126 0.0791350774535685 0.97961904852320003 0.98281013199351919 -0.015161336640803824 -0.18399559321392894 0.00029182865430460447 0.99674860089577344 -0.080573826074939459 -0 -0 0 0 0 0 
6 0.050962751919212575 0.020119765193868391 0.038485133354943822 0.99999992343187361 6.2221871515868464e-06 -0.00039127679604938366 -6.3101716842663863e-06 0.99999997469809998 -0.00022486436160545868 0.00039127538700119564 0.00022486681341177497 0.99999989816923862 -0 -0 -0 0 0 0 
7 0.045164140601040396 0.021546132934459557 0.045549415473416052 -0.70583027271176524 0.002539118196867488 -0.70837643876855305 -0.70838085322588396 -0.0031499923063286793 0.70582338040861103 -0.00043921134313542427 0.99999181518013047 0.0040220226433542927 -0 -0 0 0 0 0 
8 0.051297762655163399 0.013432065803398788 0.043344997720174652 0.81870692573158055 -0.48232429842775204 -0.31158023189111489 -0.56716266553902184 -0.76401474371914957 -0.30758410589371088 -0.089696602933531849 0.42853791258876828 -0.8990604967944289 -0 0 -0 0 0 0 
9 0.079846462962905471 0.025993177620665022 0.089769179571749208 0.94280402396859253 0.32531491181762739 -0.07273775180550214 -0.3140230596248218 0.93996149565645137 0.13364843697983322 0.11184851546844572 -0.10316295280950495 0.98835586443098955 0 0 0 0 0 0 
10 0.054225086927592203 0.013879916617951469 0.046396122070667692 0.99987102251041482 -0.0019245444616227995 0.015944731813131312 0.0017603544126212687 0.99994535162650766 0.010305091599884421 -0.015963693066437027 -0.010275694096034614 0.99981976906566783 0 -0 -0 0 -0 0 
1 0.051296215921961506 0.017908175538920625 0.021903828027305762 1 0 0 0 1 0 0 0 1 0 -0 -0 0 -0 0 
2 0.031977001309755032 0.023348485961649082 0.033459369036118999 0.18859208914505216 0.072683596108786691 0.9793620978823917 0.9820555095878768 -0.013958020807279703 -0.18807485143750308 0 0.99725737325518837 -0.074011698319668945 -0 -0 0 0 0 0 
3 0.030311648927266548 0.023661278470120804 0.033596344540439846 0.18428104709862225 0.079918805370988305 0.97961904852259252 0.9828656804255258 -0.01098525910814413 -0.18399559321895442 -0.0039433389282908515 0.99674084326388512 -0.080573826070850077 -0 -0 0 0 0 0 
4 0.0407268440766081 0.018584624091449561 0.038434502125338811 0.99936967996916715 -0.017008701298911306 0.031160019872408875 0.017108770833473883 0.99984928929423389 -0.0029476530296298578 -0.031105187973908415 0.0034789047040448729 0.99951006223207584 -0 -0 -0 0 0 0 
5 0.056761363237384753 0.018693397453276823 0.031420851236471696 0.18461895700853129 0.079135077453568459 0.97961904852320003 0.98281013199351919 -0.015161336640804046 -0.18399559321392894 0.00029182865430488203 0.99674860089577333 -0.080573826074939459 -0 -0 0 0 0 0 
6 0.050962751919212575 0.020119765193868388 0.038485133354943829 0.99999992343187361 6.2221871517052032e-06 -0.00039127679604875483 -6.3101716843848439e-06 0.99999997469809998 -0.00022486436160607881 0.00039127538700056675 0.00022486681341239516 0.99999989816923862 -0 -0 -0 0 0 0 
7 0.045164140601040396 0.021546132934459554 0.045549415473416059 -0.70583027271176524 0.0025391181968681151 -0.70837643876855305 -0.70838085322588396 -0.0031499923063296044 0.70582338040861103 -0.00043921134313563677 0.99999181518013047 0.0040220226433553899 -0 -0 0 0 0 0 
8 0.051297762655163386 0.013432065803398785 0.043344997720174673 0.8187069257315801 -0.48232429842775243 -0.31158023189111583 -0.56716266553902273 -0.76401474371914935 -0.30758410589371038 -0.089696602933532682 0.42853791258876839 -0.8990604967944289 -0 0 -0 0 0 0 
9 0.079846462962905526 0.025993177620665091 0.089769179571749166 0.94280402396859553 0.32531491181761951 -0.072737751805499559 -0.31402305962481458 0.93996149565645437 0.13364843697982934 0.11184851546844118 -0.10316295280950298 0.98835586443099033 0 0 0 0 0 0 
10 0.05422508692759221 0.013879916617951467 0.046396122070667699 0.99987102251041482 -0.0019245444616227451 0.015944731813132097 0.0017603544126212148 0.99994535162650766 0.010305091599883898 -0.015963693066437811 -0.010275694096034091 0.99981976906566783 0 -0 -0 0 -0 0 
1 0.051296215921961506 0.017908175538920625 0.021903828027305762 1 0 0 0 1 0 0 0 1 0 -0 -0 0 -0 0 
2 0.031977001309755032 0.023348485961649089 0.033459369036118999 0.18859208914505241 0.072683596108786663 0.9793620978823917 0.9820555095878768 -0.013958020807279814 -0.1880748514375033 1.1102230246251565e-16 0.99725737325518837 -0.074011698319668931 -0 -0 0 0 0 0 
3 0.030311648927266555 0.023661278470120808 0.033596344540439846 0.1842810470986222 0.079918805370988472 0.97961904852259252 0.9828656804255258 -0.010985259108144352 -0.18399559321895434 -0.003943338928290685 0.99674084326388523 -0.080573826070850271 -0 -0 0 0 0 0 
4 0.0407268440766081 0.018584624091449564 0.038434502125338811 0.99936967996916715 -0.017008701298911359 0.031160019872409 0.017108770833473935 0.99984928929423389 -0.0029476530296298955 -0.03110518797390854 0.0034789047040449145 0.99951006223207584 -0 -0 -0 0 0 0 
5 0.056761363237384767 0.018693397453276823 0.031420851236471696 0.18461895700853115 0.079135077453568348 0.97961904852320014 0.98281013199351941 -0.015161336640803935 -0.18399559321392878 0.00029182865430488203 0.99674860089577344 -0.080573826074939334 -0 -0 0 0 0 0 
6 0.050962751919212575 0.020119765193868391 0.038485133354943822 0.99999992343187361 6.2221871515798067e-06 -0.00039127679604968952 -6.3101716842594855e-06 0.99999997469809998 -0.00022486436160563849 0.00039127538700150149 0.00022486681341195479 0.99999989816923862 -0 -0 -0 0 0 0 
7 0.045164140601040396 0.021546132934459557 0.045549415473416052 -0.70583027271176513 0.0025391181968674875 -0.70837643876855316 -0.70838085322588407 -0.0031499923063295671 0.70582338040861092 -0.00043921134313605397 0.99999181518013047 0.0040220226433549189 -0 -0 0 0 0 0 
8 0.051297762655163393 0.013432065803398788 0.043344997720174673 0.81870692573158022 -0.48232429842775237 -0.31158023189111528 -0.56716266553902239 -0.76401474371914935 -0.30758410589371082 -0.089696602933531988 0.4285379125887685 -0.89906049679442879 -0 0 -0 0 0 0 
9 0.079846462962905485 0.025993177620665074 0.089769179571749194 0.94280402396859431 0.32531491181762279 -0.07273775180550078 -0.31402305962481758 0.93996149565645315 0.13364843697983109 0.11184851546844325 -0.10316295280950388 0.98835586443098999 0 0 0 0 0 0 
10 0.05422508692759221 0.01387991661795147 0.046396122070667692 0.99987102251041482 -0.0019245444616228342 0.015944731813131743 0.0017603544126213024 0.99994535162650766 0.010305091599884219 -0.015963693066437457 -0.010275694096034413 0.99981976906566783 0 -0 -0 0 -0 0 
1 0.051296215921961506 0.017908175538920625 0.021903828027305762 1 0 0 0 1 0 0 0 1 0 -0 -0 0 -0 0 
2 0.031977001309755039 0.023348485961649085 0.033459369036118999 0.18859208914505218 0.072683596108786663 0.9793620978823917 0.98205550958787691 -0.013958020807279647 -0.1880748514375031 -5.5511151231257827e-17 0.99725737325518848 -0.074011698319668889 -0 -0 0 0 0 0 
3 0.030311648927266552 0.023661278470120808 0.033596344540439846 0.18428104709862222 0.079918805370988416 0.97961904852259252 0.98286568042552591 -0.010985259108144796 -0.18399559321895434 -0.0039433389282901854 0.99674084326388535 -0.080573826070850313 -0 -0 0 0 0 0 
4 0.0407268440766081 0.018584624091449564 0.038434502125338804 0.99936967996916715 -0.017008701298911508 0.031160019872409205 0.017108770833474094 0.99984928929423389 -0.0029476530296301592 -0.031105187973908738 0.0034789047040451864 0.99951006223207584 -0 -0 -0 0 0 0 
5 0.056761363237384753 0.018693397453276823 0.031420851236471696 0.18461895700853123 0.079135077453568611 0.97961904852320003 0.98281013199351919 -0.01516133664080388 -0.18399559321392889 0.00029182865430460447 0.99674860089577344 -0.08057382607493957 -0 -0 0 0 0 0 
6 0.050962751919212568 0.020119765193868391 0.038485133354943829 0.99999992343187361 6.222187151561078e-06 -0.00039127679604898549 -6.3101716842404849e-06 0.99999997469809998 -0.00022486436160534888 0.00039127538700079747 0.00022486681341166517 0.99999989816923862 -0 -0 -0 0 0 0 
7 0.045164140601040396 0.021546132934459557 0.045549415473416059 -0.70583027271176491 0.0025391181968684273 -0.70837643876855338 -0.70838085322588429 -0.0031499923063290666 0.7058233804086107 -0.00043921134313503743 0.99999181518013047 0.0040220226433552312 -0 -0 0 0 0 0 
8 0.051297762655163393 0.013432065803398792 0.043344997720174666 0.81870692573158033 -0.48232429842775215 -0.3115802318911155 -0.56716266553902228 -0.76401474371914935 -0.30758410589371082 -0.089696602933532266 0.42853791258876861 -0.89906049679442879 -0 0 -0 0 0 0 
9 0.079846462962905498 0.025993177620665067 0.08976917957174918 0.94280402396859464 0.32531491181762212 -0.07273775180550042 -0.31402305962481702 0.93996149565645348 0.13364843697983064 0.11184851546844271 -0.10316295280950363 0.98835586443099022 0 0 0 0 0 0 
10 0.05422508692759221 0.013879916617951469 0.046396122070667692 0.99987102251041482 -0.0019245444616229539 0.015944731813131958 0.0017603544126214244 0.99994535162650766 0.010305091599883926 -0.015963693066437672 -0.010275694096034115 0.99981976906566783 0 -0 -0 0 -0 0 
1 0.051296215921961506 0.017908175538920625 0.021903828027305762 1 0 0 0 1 0 0 0 1 0 -0 -0 0 -0 0 
2 0.031977001309755032 0.023348485961649082 0.033459369036118999 0.18859208914505216 0.072683596108786691 0.9793620978823917 0.9820555095878768 -0.013958020807279703 -0.18807485143750308 0 0.99725737325518837 -0.074011698319668945 -0 -0 0 0 0 0 
3 0.030311648927266548 0.023661278470120804 0.033596344540439846 0.18428104709862211 0.079918805370988666 0.97961904852259252 0.98286568042552591 -0.010985259108143464 -0.18399559321895434 -0.0039433389282915732 0.99674084326388523 -0.080573826070850313 -0 -0 0 0 0 0 
4 0.040726844076608093 0.018584624091449561 0.038434502125338818 0.99936967996916715 -0.017008701298911161 0.031160019872408601 0.017108770833473716 0.99984928929423389 -0.0029476530296292168 -0.031105187973908151 0.0034789047040442223 0.99951006223207584 -0 -0 -0 0 0 0 
5 0.056761363237384753 0.018693397453276823 0.031420851236471696 0.18461895700853123 0.079135077453568653 0.97961904852320003 0.98281013199351919 -0.015161336640803713 -0.18399559321392889 0.00029182865430443794 0.99674860089577355 -0.08057382607493957 -0 -0 0 0 0 0 
6 0.050962751919212575 0.020119765193868391 0.038485133354943829 0.99999992343187361 6.2221871516808646e-06 -0.00039127679604821348 -6.3101716843601605e-06 0.99999997469809998 -0.00022486436160550817 0.00039127538700002541 0.00022486681341182449 0.99999989816923862 -0 -0 -0 0 0 0 
7 0.045164140601040403 0.021546132934459561 0.045549415473416073 -0.70583027271176502 0.0025391181968690544 -0.70837643876855316 -0.70838085322588407 -0.0031499923063293264 0.70582338040861081 -0.00043921134313477722 0.99999181518013047 0.0040220226433558591 -0 -0 0 0 0 0 
8 0.051297762655163379 0.013432065803398788 0.04334499772017468 0.81870692573157966 -0.48232429842775276 -0.31158023189111622 -0.56716266553902317 -0.76401474371914901 -0.30758410589371032 -0.089696602933532793 0.42853791258876867 -0.89906049679442868 -0 0 -0 0 0 0 
9 0.079846462962905526 0.025993177620665098 0.089769179571749166 0.94280402396859575 0.32531491181761885 -0.07273775180549906 -0.31402305962481408 0.9399614956564547 0.13364843697982895 0.11184851546844052 -0.10316295280950286 0.98835586443099044 0 0 0 0 0 0 
10 0.05422508692759221 0.01387991661795147 0.046396122070667699 0.99987102251041482 -0.0019245444616227943 0.015944731813132596 0.0017603544126212618 0.99994535162650766 0.010305091599883711 -0.015963693066438311 -0.010275694096033901 0.99981976906566783 0 -0 -0 0 -0 0 
1 0.051296215921961506 0.017908175538920625 0.021903828027305762 1 0 0 0 1 0 0 0 1 0 -0 -0 0 -0 0 
2 0.031977001309755032 0.023348485961649089 0.033459369036118999 0.18859208914505241 0.072683596108786663 0.9793620978823917 0.9820555095878768 -0.013958020807279814 -0.1880748514375033 1.1102230246251565e-16 0.99725737325518837 -0.074011698319668931 -0 -0 0 0 0 0 
3 0.030311648927266555 0.023661278470120808 0.033596344540439846 0.18428104709862222 0.079918805370988388 0.97961904852259252 0.9828656804255258 -0.010985259108144463 -0.18399559321895437 -0.003943338928290463 0.99674084326388523 -0.08057382607085023 -0 -0 0 0 0 0 
4 0.0407268440766081 0.018584624091449568 0.038434502125338811 0.99936967996916715 -0.017008701298911483 0.031160019872409173 0.017108770833474063 0.99984928929423389 -0.0029476530296299454 -0.03110518797390871 0.0034789047040449713 0.99951006223207584 -0 -0 -0 0 0 0 
5 0.056761363237384767 0.018693397453276823 0.031420851236471696 0.18461895700853129 0.079135077453568473 0.97961904852320003 0.98281013199351919 -0.015161336640804379 -0.18399559321392892 0.0002918286543052151 0.99674860089577355 -0.080573826074939528 -0 -0 0 0 0 0 
6 0.050962751919212575 0.020119765193868391 0.038485133354943822 0.99999992343187361 6.2221871516141463e-06 -0.0003912767960495579 -6.3101716842938988e-06 0.99999997469809998 -0.00022486436160590195 0.00039127538700136987 0.00022486681341221828 0.99999989816923862 -0 -0 -0 0 0 0 
7 0.045164140601040396 0.021546132934459557 0.045549415473416052 -0.70583027271176502 0.0025391181968678006 -0.70837643876855316 -0.70838085322588407 -0.0031499923063296967 0.70582338040861081 -0.00043921134313592387 0.99999181518013047 0.004022022643355232 -0 -0 0 0 0 0 
8 0.051297762655163393 0.013432065803398795 0.043344997720174666 0.81870692573158033 -0.48232429842775221 -0.31158023189111561 -0.56716266553902239 -0.76401474371914935 -0.30758410589371077 -0.089696602933532349 0.42853791258876872 -0.89906049679442868 -0 0 -0 0 0 0 
9 0.079846462962905498 0.025993177620665053 0.08976917957174918 0.94280402396859397 0.32531491181762351 -0.072737751805500628 -0.3140230596248183 0.93996149565645282 0.13364843697983117 0.11184851546844321 -0.10316295280950391 0.98835586443098999 0 0 0 0 0 0 
10 0.05422508692759221 0.013879916617951469 0.046396122070667692 0.99987102251041482 -0.0019245444616227648 0.015944731813131958 0.0017603544126212345 0.99994535162650766 0.010305091599883985 -0.015963693066437672 -0.010275694096034177 0.99981976906566783 0 -0 -0 0 -0 0 
1 0.051296215921961506 0.017908175538920625 0.021903828027305762 1 0 0 0 1 0 0 0 1 0 -0 -0 0 -0 0 
2 0.031977001309755039 0.023348485961649085 0.033459369036118999 0.18859208914505218 0.072683596108786663 0.9793620978823917 0.98205550958787691 -0.013958020807279647 -0.1880748514375031 -5.5511151231257827e-17 0.99725737325518848 -0.074011698319668889 -0 -0 0 0 0 0 
3 0.030311648927266552 0.023661278470120808 0.033596344540439846 0.18428104709862222 0.079918805370988388 0.97961904852259252 0.9828656804255258 -0.010985259108144463 -0.18399559321895437 -0.003943338928290463 0.99674084326388523 -0.08057382607085023 -0 -0 0 0 0 0 
4 0.0407268440766081 0.018584624091449568 0.038434502125338811 0.99936967996916715 -0.017008701298911334 0.031160019872408875 0.017108770833473914 0.99984928929423389 -0.0029476530296299571 -0.031105187973908412 0.003478904704044973 0.99951006223207584 -0 -0 -0 0 0 0 
5 0.056761363237384753 0.018693397453276823 0.031420851236471696 0.18461895700853123 0.079135077453568625 0.97961904852320003 0.98281013199351919 -0.015161336640803824 -0.18399559321392889 0.00029182865430454896 0.99674860089577344 -0.08057382607493957 -0 -0 0 0 0 0 
6 0.050962751919212575 0.020119765193868391 0.038485133354943822 0.99999992343187361 6.2221871516377887e-06 -0.00039127679604911272 -6.3101716843173904e-06 0.99999997469809998 -0.00022486436160577255 0.00039127538700092464 0.00022486681341208888 0.99999989816923862 -0 -0 -0 0 0 0 
7 0.045164140601040396 0.021546132934459557 0.045549415473416059 -0.70583027271176524 0.0025391181968678015 -0.70837643876855294 -0.70838085322588384 -0.0031499923063294756 0.70582338040861103 -0.00043921134313576601 0.99999181518013047 0.0040220226433550768 -0 -0 0 0 0 0 
8 0.051297762655163386 0.013432065803398792 0.043344997720174673 0.81870692573158022 -0.48232429842775248 -0.31158023189111544 -0.5671626655390225 -0.76401474371914913 -0.30758410589371082 -0.089696602933532044 0.42853791258876855 -0.89906049679442879 -0 0 -0 0 0 0 
