OndselSolver
Assembly
	Notes
		(Text string: '' runs: (Core.RunArray runs: #() values: #()))
	Name
		Assembly
	Position3D
		0	0	0	
	RotationMatrix
		1	0	0	
		0	1	0	
		0	0	1	
	Velocity3D
		0	0	0	
	Omega3D
		0	0	0	
	RefPoints
		RefPoint
			Position3D
				0	0	0	
			RotationMatrix
				1	0	0	
				0	1	0	
				0	0	1	
			Markers
				Marker
					Name
						Marker0
					Position3D
						0	0	0	
					RotationMatrix
						1	0	0	
						0	1	0	
						0	0	1	
		RefPoint
			Position3D
				0	0	0	
			RotationMatrix
				1	0	0	
				0	1	0	
				0	0	1	
			Markers
				Marker
					Name
						Marker1
					Position3D
						0	0	0	
					RotationMatrix
						1	0	0	
						0	1	0	
						0	0	1	
	RefCurves
	RefSurfaces
	Parts
		Part
			Name
				structural_node_1
			Position3D
				0.0633633	-0.00923969	0.1754432	
			RotationMatrix
				1	1.577721810442024e-30	3.552713678800501e-15	
				1.577721810442024e-30	1	-8.881784197001252e-16	
				-3.552713678800501e-15	8.881784197001252e-16	1	
			Velocity3D
				0	0	0	
			Omega3D
				0	0	0	
			FeatureOrder
			PrincipalMassMarker
				Name
					MassMarker
				Position3D
					0	0	0	
				RotationMatrix
					1	0	0	
					0	1	0	
					0	0	1	
				Mass
					1
				MomentOfInertias
					1	2	3	
				Density
					10
			RefPoints
				RefPoint
					Position3D
						0	0	0	
					RotationMatrix
						1	0	0	
						0	1	0	
						0	0	1	
					Markers
						Marker
							Name
								Marker0
							Position3D
								-0.06336329999999937	0.009239689999999844	-0.1754432000000002	
							RotationMatrix
								1	3.155443620884047e-30	-3.552713678800501e-15	
								0	1	8.881784197001252e-16	
								3.552713678800501e-15	-8.881784197001252e-16	1	
				RefPoint
					Position3D
						0	0	0	
					RotationMatrix
						1	0	0	
						0	1	0	
						0	0	1	
					Markers
						Marker
							Name
								Marker1
							Position3D
								0	0	0	
							RotationMatrix
								1	0	0	
								0	1	0	
								0	0	1	
			RefCurves
			RefSurfaces
		Part
			Name
				structural_node_2
			Position3D
				0.0633633	-0.009239690000000004	0.1754432	
			RotationMatrix
				1	0	0	
				0	1	-7.105427357601003e-16	
				0	7.105427357601003e-16	1	
			Velocity3D
				0	0	0	
			Omega3D
				0	0	0	
			FeatureOrder
			PrincipalMassMarker
				Name
					MassMarker
				Position3D
					8.128679951369122e-13	0.004257226884083109	-0.04900000000000003	
				RotationMatrix
					1	0	0	
					0	1	0	
					0	0	1	
				Mass
					0.2406058732027723
				MomentOfInertias
					7.0382920239e-05	5.839585895200001e-05	4.7214826765e-05	
				Density
					10
			RefPoints
				RefPoint
					Position3D
						0	0	0	
					RotationMatrix
						1	0	0	
						0	1	0	
						0	0	1	
					Markers
						Marker
							Name
								Marker0
							Position3D
								0	0	0	
							RotationMatrix
								1	0	0	
								0	1	0	
								0	0	1	
				RefPoint
					Position3D
						0	0	0	
					RotationMatrix
						1	0	0	
						0	1	0	
						0	0	1	
					Markers
						Marker
							Name
								Marker1
							Position3D
								0.000572592272705613	0.01498906728549972	-0.02099999999999997	
							RotationMatrix
								1	-2.189528850507527e-47	4.413308917764607e-16	
								1.246546918631725e-31	1	-2.824517707369362e-16	
								-4.413308917764607e-16	2.824517707369362e-16	1	
				RefPoint
					Position3D
						0	0	0	
					RotationMatrix
						1	0	0	
						0	1	0	
						0	0	1	
					Markers
						Marker
							Name
								Marker2
							Position3D
								0.000572592272705613	0.01498906728549972	-0.02099999999999997	
							RotationMatrix
								1	0	0	
								0	1	0	
								0	0	1	
			RefCurves
			RefSurfaces
		Part
			Name
				structural_node_3
			Position3D
				0.04450148999999998	0.01320825999999999	0.1544432000000001	
			RotationMatrix
				0.9999951445742353	0.003116220138903805	-2.965451430004197e-18	
				-0.003116220138903805	0.9999951445742353	-1.903231542417741e-15	
				-2.965451430004197e-18	1.903231542417741e-15	1	
			Velocity3D
				0	0	0	
			Omega3D
				0	0	0	
			FeatureOrder
			PrincipalMassMarker
				Name
					MassMarker
				Position3D
					-0.04550177936255628	0.03780872901233041	-0.02200000000000011	
				RotationMatrix
					1	0	0	
					0	1	0	
					0	0	1	
				Mass
					0.0240425385694815
				MomentOfInertias
					9.607179098000002e-06	9.40820717e-06	1.260956604e-06	
				Density
					10
			RefPoints
				RefPoint
					Position3D
						0	0	0	
					RotationMatrix
						1	0	0	
						0	1	0	
						0	0	1	
					Markers
						Marker
							Name
								Marker0
							Position3D
								0.01945754810926986	-0.007398288996059009	0	
							RotationMatrix
								0.9999951445742356	-0.003116220138903805	2.379270386264628e-18	
								0.003116220138903805	0.9999951445742356	2.537656620883203e-16	
								-3.170048500655776e-18	-2.537570156176929e-16	1	
				RefPoint
					Position3D
						0	0	0	
					RotationMatrix
						1	0	0	
						0	1	0	
						0	0	1	
					Markers
						Marker
							Name
								Marker1
							Position3D
								-0.02727810419316013	0.01037187712205099	-2.842170943040401e-17	
							RotationMatrix
								0.9999951445742356	-0.003116220138903805	-1.772189670094815e-15	
								0.003116220138903805	0.9999951445742356	-3.22738925792904e-16	
								1.773186790899595e-15	3.172148256181018e-16	1	
			RefCurves
			RefSurfaces
		Part
			Name
				structural_node_4
			Position3D
				0.02533717999999999	-0.01704046	0.1544432	
			RotationMatrix
				1	0	0	
				0	1	0	
				0	0	1	
			Velocity3D
				0	0	0	
			Omega3D
				0	0	0	
			FeatureOrder
			PrincipalMassMarker
				Name
					MassMarker
				Position3D
					0	0	0	
				RotationMatrix
					1	0	0	
					0	1	0	
					0	0	1	
				Mass
					1
				MomentOfInertias
					1	2	3	
				Density
					10
			RefPoints
				RefPoint
					Position3D
						0	0	0	
					RotationMatrix
						1	0	0	
						0	1	0	
						0	0	1	
					Markers
						Marker
							Name
								Marker0
							Position3D
								-0.02533717999999999	0.01704046	-0.1544432	
							RotationMatrix
								1	0	0	
								0	1	0	
								0	0	1	
				RefPoint
					Position3D
						0	0	0	
					RotationMatrix
						1	0	0	
						0	1	0	
						0	0	1	
					Markers
						Marker
							Name
								Marker1
							Position3D
								0	0	0	
							RotationMatrix
								1	0	0	
								0	1	0	
								0	0	1	
				RefPoint
					Position3D
						0	0	0	
					RotationMatrix
						1	0	0	
						0	1	0	
						0	0	1	
					Markers
						Marker
							Name
								Marker2
							Position3D
								0	0	0	
							RotationMatrix
								1	0	0	
								0	1	0	
								0	0	1	
			RefCurves
			RefSurfaces
		Part
			Name
				structural_node_5
			Position3D
				0.008879084000000002	-0.003436350999999983	0.1544432000000001	
			RotationMatrix
				0.9998703862816982	0.01610001977910644	-1.532123228697506e-17	
				-0.01610001977910644	0.9998703862816982	-1.903132986943759e-15	
				-1.532123228697505e-17	1.903132986943759e-15	1	
			Velocity3D
				0	0	0	
			Omega3D
				0	0	0	
			FeatureOrder
			PrincipalMassMarker
				Name
					MassMarker
				Position3D
					-0.05932104912422036	0.02078165052691004	-0.0220000000000002	
				RotationMatrix
					1	0	0	
					0	1	0	
					0	0	1	
				Mass
					0.0449777290670256
				MomentOfInertias
					1.35688267e-05	1.0311377119e-05	3.788040441e-06	
				Density
					10
			RefPoints
				RefPoint
					Position3D
						0	0	0	
					RotationMatrix
						1	0	0	
						0	1	0	
						0	0	1	
					Markers
						Marker
							Name
								Marker0
							Position3D
								0.007939339015500799	0.0272328001139772	-8.526512829121202e-17	
							RotationMatrix
								0.9998703862816982	-0.01610001977910644	3.553380196810903e-15	
								0.01610001977910644	0.9998703862816982	1.84107325043249e-16	
								-3.555883761565729e-15	-1.26873970756943e-16	1	
				RefPoint
					Position3D
						0	0	0	
					RotationMatrix
						1	0	0	
						0	1	0	
						0	0	1	
					Markers
						Marker
							Name
								Marker1
							Position3D
								0.01667499131794407	-0.01333736600413016	2.583957822554477e-17	
							RotationMatrix
								0.9998703862816982	-0.01610001977910644	1.54266885649206e-17	
								0.01610001977910644	0.9998703862816982	-7.611547350475735e-16	
								-3.170082765228165e-18	7.613044489431823e-16	1	
				RefPoint
					Position3D
						0	0	0	
					RotationMatrix
						1	0	0	
						0	1	0	
						0	0	1	
					Markers
						Marker
							Name
								Marker2
							Position3D
								-0.0229927999452359	-0.01920902133303017	-8.526512829121202e-17	
							RotationMatrix
								0.9998703862816982	-0.01610001977910644	-1.989865580580776e-15	
								0.01610001977910644	0.9998703862816982	-3.492973880314892e-16	
								1.995231361560053e-15	3.172152390931197e-16	1	
			RefCurves
			RefSurfaces
		Part
			Name
				structural_node_6
			Position3D
				-0.0006674049000000015	-0.03971609000000002	0.1544431999999999	
			RotationMatrix
				0.99172659095289	-0.1283680988289512	2.036681126106787e-13	
				0.1283680988289512	0.99172659095289	-3.023157453283348e-13	
				-1.63175385531342e-13	3.259590519137651e-13	1	
			Velocity3D
				0	0	0	
			Omega3D
				0	0	0	
			FeatureOrder
			PrincipalMassMarker
				Name
					MassMarker
				Position3D
					-0.04775460165601007	0.01297781424486334	-0.02199999999997956	
				RotationMatrix
					1	0	0	
					0	1	0	
					0	0	1	
				Mass
					0.0124530516778275
				MomentOfInertias
					3.080712519e-06	2.746145939e-06	4.068137390000001e-07	
				Density
					10
			RefPoints
				RefPoint
					Position3D
						0	0	0	
					RotationMatrix
						1	0	0	
						0	1	0	
						0	0	1	
					Markers
						Marker
							Name
								Marker0
							Position3D
								-0.01139964071897663	0.01906446861694256	-3.234390533179976e-14	
							RotationMatrix
								0.99172659095289	0.1283680988289512	-1.674626405891981e-13	
								-0.1283680988289512	0.99172659095289	3.24466931671453e-13	
								2.077283568150221e-13	-3.00285623226163e-13	1	
				RefPoint
					Position3D
						0	0	0	
					RotationMatrix
						1	0	0	
						0	1	0	
						0	0	1	
					Markers
						Marker
							Name
								Marker1
							Position3D
								0.008820551176670971	-0.0147512649949189	-3.237232704123016e-14	
							RotationMatrix
								0.99172659095289	0.1283680988289512	-7.843921394049555e-16	
								-0.1283680988289512	0.99172659095289	-4.561790173454178e-16	
								7.193437092000302e-16	5.530957894079983e-16	1	
			RefCurves
			RefSurfaces
		Part
			Name
				structural_node_7
			Position3D
				0.01907669000000001	-0.03178055	0.1544432	
			RotationMatrix
				0.9971200400793002	-0.07583947304837223	2.089913934188975e-13	
				0.07583947304837223	0.9971200400793002	-3.020048884826285e-13	
				-1.854856149815249e-13	3.169849236564774e-13	1	
			Velocity3D
				0	0	0	
			Omega3D
				0	0	0	
			FeatureOrder
			PrincipalMassMarker
				Name
					MassMarker
				Position3D
					-0.02808630673532206	-0.008906574578364492	-0.02199999999998568	
				RotationMatrix
					1	0	0	
					0	1	0	
					0	0	1	
				Mass
					0.012877956133769
				MomentOfInertias
					3.323661377e-06	2.919060349e-06	4.74840086e-07	
				Density
					10
			RefPoints
				RefPoint
					Position3D
						0	0	0	
					RotationMatrix
						1	0	0	
						0	1	0	
						0	0	1	
					Markers
						Marker
							Name
								Marker0
							Position3D
								-0.01070213485584045	-0.0206803938006587	-1.668354343564715e-14	
							RotationMatrix
								0.9971200400793002	0.07583947304837221	-5.99861697062243e-15	
								-0.07583947304837221	0.9971200400793002	-2.845473939500244e-17	
								5.979183201725961e-15	4.833047409570188e-16	1	
				RefPoint
					Position3D
						0	0	0	
					RotationMatrix
						1	0	0	
						0	1	0	
						0	0	1	
					Markers
						Marker
							Name
								Marker1
							Position3D
								0.007360348279200352	0.01422285394215697	4.132766070197256e-15	
							RotationMatrix
								0.9971200400793002	0.07583947304837221	2.835536297890121e-17	
								-0.07583947304837221	0.9971200400793002	2.213908848698935e-17	
								-2.659468386536053e-17	-2.422578458588119e-17	1	
				RefPoint
					Position3D
						0	0	0	
					RotationMatrix
						1	0	0	
						0	1	0	
						0	0	1	
					Markers
						Marker
							Name
								Marker2
							Position3D
								-0.01070213485584045	-0.0206803938006587	-1.668354343564715e-14	
							RotationMatrix
								0.9971200400793002	0.07583947304837221	-5.99861697062243e-15	
								-0.07583947304837221	0.9971200400793002	-2.845473939500244e-17	
								5.979183201725961e-15	4.833047409570188e-16	1	
			RefCurves
			RefSurfaces
		Part
			Name
				structural_node_8
			Position3D
				0.05919064	-0.01961078000000004	0.1544431999999999	
			RotationMatrix
				0.9999393392111202	-0.01101444043191475	2.043025799989906e-13	
				0.01101444043191475	0.9999393392111202	-2.999207132952626e-13	
				-2.009867280124297e-13	3.021527984656781e-13	1	
			Velocity3D
				0	0	0	
			Omega3D
				0	0	0	
			FeatureOrder
			PrincipalMassMarker
				Name
					MassMarker
				Position3D
					-0.01283708435992891	-0.05822511204553316	-0.02199999999996987	
				RotationMatrix
					1	0	0	
					0	1	0	
					0	0	1	
				Mass
					0.0326050144115717
				MomentOfInertias
					1.8277407926e-05	1.6715521441e-05	3.055755313e-06	
				Density
					10
			RefPoints
				RefPoint
					Position3D
						0	0	0	
					RotationMatrix
						1	0	0	
						0	1	0	
						0	0	1	
					Markers
						Marker
							Name
								Marker0
							Position3D
								-0.01289467826099664	-0.0339432964317313	-1.494981916039251e-14	
							RotationMatrix
								0.9999393392111204	0.01101444043191475	4.579871051207537e-16	
								-0.01101444043191475	0.9999393392111204	-4.501513270023455e-16	
								-4.629174882382751e-16	4.450795487797968e-16	1	
				RefPoint
					Position3D
						0	0	0	
					RotationMatrix
						1	0	0	
						0	1	0	
						0	0	1	
					Markers
						Marker
							Name
								Marker1
							Position3D
								0.005024292862524304	0.02530634891636125	6.393896531709601e-16	
							RotationMatrix
								0.9999393392111204	0.01101444043191475	-3.779590336935672e-16	
								-0.01101444043191475	0.9999393392111204	-1.018000474487091e-16	
								3.768148358418293e-16	1.059568794398448e-16	1	
			RefCurves
			RefSurfaces
		Part
			Name
				structural_node_9
			Position3D
				0.05378240000000001	-0.1021752	0.1544432	
			RotationMatrix
				1	0	0	
				0	1	0	
				0	0	1	
			Velocity3D
				0	0	0	
			Omega3D
				0	0	0	
			FeatureOrder
			PrincipalMassMarker
				Name
					MassMarker
				Position3D
					-0.06304499075484313	-0.02875987253622913	-0.02199999999358337	
				RotationMatrix
					1	0	0	
					0	1	0	
					0	0	1	
				Mass
					0.06475367880089911
				MomentOfInertias
					3.6750824095e-05	3.4476237135e-05	3.9371388e-06	
				Density
					10
			RefPoints
				RefPoint
					Position3D
						0	0	0	
					RotationMatrix
						1	0	0	
						0	1	0	
						0	0	1	
					Markers
						Marker
							Name
								Marker0
							Position3D
								-0.04380863335425453	0.04896216543042477	2.361844053666573e-14	
							RotationMatrix
								1	1.14794370197489e-41	2.025046796916286e-13	
								6.079277679995205e-26	1	-3.002043058586423e-13	
								-2.025046796916286e-13	3.002043058586423e-13	1	
				RefPoint
					Position3D
						0	0	0	
					RotationMatrix
						1	0	0	
						0	1	0	
						0	0	1	
					Markers
						Marker
							Name
								Marker1
							Position3D
								-0.00711178566808907	0.04848115618064269	1.597300069988705e-14	
							RotationMatrix
								1	-1.14794370197489e-41	1.98951966012828e-13	
								5.972623685609325e-26	1	-3.002043058586423e-13	
								-1.98951966012828e-13	3.002043058586423e-13	1	
			RefCurves
			RefSurfaces
	KinematicIJs
	ConstraintSets
		Joints
			FixedJoint
				Name
					joint_1
				MarkerI
					/Assembly/Marker0
				MarkerJ
					/Assembly/structural_node_1/Marker0
			RevoluteJoint
				Name
					joint_2
				MarkerI
					/Assembly/structural_node_2/Marker0
				MarkerJ
					/Assembly/structural_node_1/Marker1
			RevoluteJoint
				Name
					joint_4
				MarkerI
					/Assembly/structural_node_3/Marker0
				MarkerJ
					/Assembly/structural_node_2/Marker1
			FixedJoint
				Name
					joint_6
				MarkerI
					/Assembly/Marker1
				MarkerJ
					/Assembly/structural_node_4/Marker0
			RevoluteJoint
				Name
					joint_7
				MarkerI
					/Assembly/structural_node_5/Marker0
				MarkerJ
					/Assembly/structural_node_3/Marker1
			PointInLineJoint
				Name
					joint_9
				MarkerI
					/Assembly/structural_node_5/Marker1
				MarkerJ
					/Assembly/structural_node_4/Marker1
			RevoluteJoint
				Name
					joint_10
				MarkerI
					/Assembly/structural_node_5/Marker2
				MarkerJ
					/Assembly/structural_node_6/Marker0
			RevoluteJoint
				Name
					joint_12
				MarkerI
					/Assembly/structural_node_6/Marker1
				MarkerJ
					/Assembly/structural_node_7/Marker0
			PointInLineJoint
				Name
					joint_14
				MarkerI
					/Assembly/structural_node_7/Marker1
				MarkerJ
					/Assembly/structural_node_4/Marker2
			RevoluteJoint
				Name
					joint_17
				MarkerI
					/Assembly/structural_node_7/Marker2
				MarkerJ
					/Assembly/structural_node_9/Marker0
			RevoluteJoint
				Name
					joint_19
				MarkerI
					/Assembly/structural_node_9/Marker1
				MarkerJ
					/Assembly/structural_node_8/Marker0
			PointInLineJoint
				Name
					joint_21
				MarkerI
					/Assembly/structural_node_8/Marker1
				MarkerJ
					/Assembly/structural_node_2/Marker2
		Motions
			RotationalMotion
				Name
					joint_2Motion
				MarkerI
					/Assembly/structural_node_2/Marker0
				MarkerJ
					/Assembly/structural_node_1/Marker1
				MotionJoint
					/Assembly/joint_2
				RotationZ
					integral(time,  rampstep(time, 0.25, 0.0, 2.0, 0.0 + 5.0*(2.0 - 0.25)))
		GeneralConstraintSets
	ForceTorques
	ConstantGravity
		0	0	0	
	SimulationParameters
		tstart
			0
		tend
			4
		hmin
			1e-09
		hmax
			1
		hout
			0.01
		errorTol
			1e-06
	AnimationParameters
		nframe
			1000000
		icurrent
			1
		istart
			1
		iend
			1000000
		isForward
			true
		framesPerSecond
			30
TimeSeries
Number	Input	1	2	3	4	5	6	7	8	9	10	11	12	13	14	15	16	17	18	19	20	21	22	23	24	25	26	27	28	29	30	31	32	33	34	35	36	37	38	39	40	41	42	43	44	45	46	47	48	49	50	51	52	53	54	55	56	57	58	59	60	61	62	63	64	65	66	67	68	69	70	71	72	73	74	75	76	77	78	79	80	81	82	83	84	85	86	87	88	89	90	91	92	93	94	95	96	97	98	99	100	101	102	103	104	105	106	107	108	109	110	111	112	113	114	115	116	117	118	119	120	121	122	123	124	125	126	127	128	129	130	131	132	133	134	135	136	137	138	139	140	141	142	143	144	145	146	147	148	149	150	151	152	153	154	155	156	157	158	159	160	161	162	163	164	165	166	167	168	169	170	171	172	173	174	175	176	177	178	179	180	181	182	183	184	185	186	187	188	189	190	191	192	193	194	195	196	197	198	199	200	201	202	203	204	205	206	207	208	209	210	211	212	213	214	215	216	217	218	219	220	221	222	223	224	225	226	227	228	229	230	231	232	233	234	235	236	237	238	239	240	241	242	243	244	245	246	247	248	249	250	251	252	253	254	255	256	257	258	259	260	261	262	263	264	265	266	267	268	269	270	271	272	273	274	275	276	277	278	279	280	281	282	283	284	285	286	287	288	289	290	291	292	293	294	295	296	297	298	299	300	301	302	303	304	305	306	307	308	309	310	311	312	313	314	315	316	317	318	319	320	321	322	323	324	325	326	327	328	329	330	331	332	333	334	335	336	337	338	339	340	341	342	343	344	345	346	347	348	349	350	351	352	353	354	355	356	357	358	359	360	361	362	363	364	365	366	367	368	369	370	371	372	373	374	375	376	377	378	379	380	381	382	383	384	385	386	387	388	389	390	391	392	393	394	395	396	397	398	399	400	401	
Time	Input	0	0.01	0.02	0.03	0.04	0.05	0.06	0.07000000000000001	0.08	0.09	0.09999999999999999	0.11	0.12	0.13	0.14	0.15	0.16	0.17	0.18	0.19	0.2	0.21	0.2200000000000001	0.2300000000000001	0.2400000000000001	0.2500000000000001	0.2600000000000001	0.2700000000000001	0.2800000000000001	0.2900000000000001	0.3000000000000001	0.3100000000000001	0.3200000000000001	0.3300000000000001	0.3400000000000001	0.3500000000000001	0.3600000000000002	0.3700000000000002	0.3800000000000002	0.3900000000000002	0.4000000000000002	0.4100000000000002	0.4200000000000002	0.4300000000000002	0.4400000000000002	0.4500000000000002	0.4600000000000002	0.4700000000000003	0.4800000000000003	0.4900000000000003	0.5000000000000002	0.5100000000000002	0.5200000000000002	0.5300000000000002	0.5400000000000003	0.5500000000000003	0.5600000000000003	0.5700000000000003	0.5800000000000003	0.5900000000000003	0.6000000000000003	0.6100000000000003	0.6200000000000003	0.6300000000000003	0.6400000000000003	0.6500000000000004	0.6600000000000004	0.6700000000000004	0.6800000000000004	0.6900000000000004	0.7000000000000004	0.7100000000000004	0.7200000000000004	0.7300000000000004	0.7400000000000004	0.7500000000000004	0.7600000000000005	0.7700000000000005	0.7800000000000005	0.7900000000000005	0.8000000000000005	0.8100000000000005	0.8200000000000005	0.8300000000000005	0.8400000000000005	0.8500000000000005	0.8600000000000005	0.8700000000000006	0.8800000000000006	0.8900000000000006	0.9000000000000006	0.9100000000000006	0.9200000000000006	0.9300000000000006	0.9400000000000006	0.9500000000000006	0.9600000000000006	0.9700000000000006	0.9800000000000006	0.9900000000000007	1.000000000000001	1.010000000000001	1.020000000000001	1.030000000000001	1.040000000000001	1.050000000000001	1.060000000000001	1.070000000000001	1.080000000000001	1.090000000000001	1.100000000000001	1.110000000000001	1.120000000000001	1.130000000000001	1.140000000000001	1.150000000000001	1.160000000000001	1.170000000000001	1.180000000000001	1.190000000000001	1.200000000000001	1.210000000000001	1.220000000000001	1.230000000000001	1.240000000000001	1.250000000000001	1.260000000000001	1.270000000000001	1.280000000000001	1.290000000000001	1.300000000000001	1.310000000000001	1.320000000000001	1.330000000000001	1.340000000000001	1.350000000000001	1.360000000000001	1.370000000000001	1.380000000000001	1.390000000000001	1.400000000000001	1.410000000000001	1.420000000000001	1.430000000000001	1.440000000000001	1.450000000000001	1.460000000000001	1.470000000000001	1.480000000000001	1.490000000000001	1.500000000000001	1.510000000000001	1.520000000000001	1.530000000000001	1.540000000000001	1.550000000000001	1.560000000000001	1.570000000000001	1.580000000000001	1.590000000000001	1.600000000000001	1.610000000000001	1.620000000000001	1.630000000000001	1.640000000000001	1.650000000000001	1.660000000000001	1.670000000000001	1.680000000000001	1.690000000000001	1.700000000000001	1.710000000000001	1.720000000000001	1.730000000000001	1.740000000000001	1.750000000000001	1.760000000000001	1.770000000000001	1.780000000000001	1.790000000000001	1.800000000000001	1.810000000000001	1.820000000000001	1.830000000000001	1.840000000000001	1.850000000000001	1.860000000000001	1.870000000000001	1.880000000000001	1.890000000000001	1.900000000000001	1.910000000000001	1.920000000000001	1.930000000000001	1.940000000000002	1.950000000000002	1.960000000000002	1.970000000000002	1.980000000000002	1.990000000000002	2.000000000000001	2.010000000000001	2.020000000000001	2.030000000000001	2.04	2.05	2.06	2.07	2.08	2.089999999999999	2.099999999999999	2.109999999999999	2.119999999999999	2.129999999999999	2.139999999999998	2.149999999999998	2.159999999999998	2.169999999999998	2.179999999999997	2.189999999999997	2.199999999999997	2.209999999999997	2.219999999999997	2.229999999999996	2.239999999999996	2.249999999999996	2.259999999999996	2.269999999999996	2.279999999999995	2.289999999999995	2.299999999999995	2.309999999999995	2.319999999999995	2.329999999999994	2.339999999999994	2.349999999999994	2.359999999999994	2.369999999999993	2.379999999999993	2.389999999999993	2.399999999999993	2.409999999999993	2.419999999999992	2.429999999999992	2.439999999999992	2.449999999999992	2.459999999999992	2.469999999999991	2.479999999999991	2.489999999999991	2.499999999999991	2.50999999999999	2.51999999999999	2.52999999999999	2.53999999999999	2.54999999999999	2.559999999999989	2.569999999999989	2.579999999999989	2.589999999999989	2.599999999999989	2.609999999999988	2.619999999999988	2.629999999999988	2.639999999999988	2.649999999999987	2.659999999999987	2.669999999999987	2.679999999999987	2.689999999999987	2.699999999999986	2.709999999999986	2.719999999999986	2.729999999999986	2.739999999999986	2.749999999999985	2.759999999999985	2.769999999999985	2.779999999999985	2.789999999999984	2.799999999999984	2.809999999999984	2.819999999999984	2.829999999999984	2.839999999999983	2.849999999999983	2.859999999999983	2.869999999999983	2.879999999999983	2.889999999999982	2.899999999999982	2.909999999999982	2.919999999999982	2.929999999999982	2.939999999999981	2.949999999999981	2.959999999999981	2.969999999999981	2.97999999999998	2.98999999999998	2.99999999999998	3.00999999999998	3.01999999999998	3.029999999999979	3.039999999999979	3.049999999999979	3.059999999999979	3.069999999999979	3.079999999999978	3.089999999999978	3.099999999999978	3.109999999999978	3.119999999999977	3.129999999999977	3.139999999999977	3.149999999999977	3.159999999999977	3.169999999999976	3.179999999999976	3.189999999999976	3.199999999999976	3.209999999999976	3.219999999999975	3.229999999999975	3.239999999999975	3.249999999999975	3.259999999999974	3.269999999999974	3.279999999999974	3.289999999999974	3.299999999999974	3.309999999999973	3.319999999999973	3.329999999999973	3.339999999999973	3.349999999999973	3.359999999999972	3.369999999999972	3.379999999999972	3.389999999999972	3.399999999999971	3.409999999999971	3.419999999999971	3.429999999999971	3.439999999999971	3.44999999999997	3.45999999999997	3.46999999999997	3.47999999999997	3.48999999999997	3.499999999999969	3.509999999999969	3.519999999999969	3.529999999999969	3.539999999999969	3.549999999999968	3.559999999999968	3.569999999999968	3.579999999999968	3.589999999999967	3.599999999999967	3.609999999999967	3.619999999999967	3.629999999999967	3.639999999999966	3.649999999999966	3.659999999999966	3.669999999999966	3.679999999999966	3.689999999999965	3.699999999999965	3.709999999999965	3.719999999999965	3.729999999999964	3.739999999999964	3.749999999999964	3.759999999999964	3.769999999999964	3.779999999999963	3.789999999999963	3.799999999999963	3.809999999999963	3.819999999999963	3.829999999999962	3.839999999999962	3.849999999999962	3.859999999999962	3.869999999999961	3.879999999999961	3.889999999999961	3.899999999999961	3.909999999999961	3.91999999999996	3.92999999999996	3.93999999999996	3.94999999999996	3.95999999999996	3.969999999999959	3.979999999999959	3.989999999999959	3.999999999999959	
AssemblySeries	/Assembly
X	0	0	0	0	0	0	0	0	0	0	0	0	0	0	0	0	0	0	0	0	0	0	0	0	0	0	0	0	0	0	0	0	0	0	0	0	0	0	0	0	0	0	0	0	0	0	0	0	0	0	0	0	0	0	0	0	0	0	0	0	0	0	0	0	0	0	0	0	0	0	0	0	0	0	0	0	0	0	0	0	0	0	0	0	0	0	0	0	0	0	0	0	0	0	0	0	0	0	0	0	0	0	0	0	0	0	0	0	0	0	0	0	0	0	0	0	0	0	0	0	0	0	0	0	0	0	0	0	0	0	0	0	0	0	0	0	0	0	0	0	0	0	0	0	0	0	0	0	0	0	0	0	0	0	0	0	0	0	0	0	0	0	0	0	0	0	0	0	0	0	0	0	0	0	0	0	0	0	0	0	0	0	0	0	0	0	0	0	0	0	0	0	0	0	0	0	0	0	0	0	0	0	0	0	0	0	0	0	0	0	0	0	0	0	0	0	0	0	0	0	0	0	0	0	0	0	0	0	0	0	0	0	0	0	0	0	0	0	0	0	0	0	0	0	0	0	0	0	0	0	0	0	0	0	0	0	0	0	0	0	0	0	0	0	0	0	0	0	0	0	0	0	0	0	0	0	0	0	0	0	0	0	0	0	0	0	0	0	0	0	0	0	0	0	0	0	0	0	0	0	0	0	0	0	0	0	0	0	0	0	0	0	0	0	0	0	0	0	0	0	0	0	0	0	0	0	0	0	0	0	0	0	0	0	0	0	0	0	0	0	0	0	0	0	0	0	0	0	0	0	0	0	0	0	0	0	0	0	0	0	0	0	0	0	0	0	0	0	0	0	0	0	0	0	0	0	0	0	0	0	0	0	0	0	0	0	0	0	0	0	0	0	0	0	0	0	0	0	0	0	0	0	
Y	0	0	0	0	0	0	0	0	0	0	0	0	0	0	0	0	0	0	0	0	0	0	0	0	0	0	0	0	0	0	0	0	0	0	0	0	0	0	0	0	0	0	0	0	0	0	0	0	0	0	0	0	0	0	0	0	0	0	0	0	0	0	0	0	0	0	0	0	0	0	0	0	0	0	0	0	0	0	0	0	0	0	0	0	0	0	0	0	0	0	0	0	0	0	0	0	0	0	0	0	0	0	0	0	0	0	0	0	0	0	0	0	0	0	0	0	0	0	0	0	0	0	0	0	0	0	0	0	0	0	0	0	0	0	0	0	0	0	0	0	0	0	0	0	0	0	0	0	0	0	0	0	0	0	0	0	0	0	0	0	0	0	0	0	0	0	0	0	0	0	0	0	0	0	0	0	0	0	0	0	0	0	0	0	0	0	0	0	0	0	0	0	0	0	0	0	0	0	0	0	0	0	0	0	0	0	0	0	0	0	0	0	0	0	0	0	0	0	0	0	0	0	0	0	0	0	0	0	0	0	0	0	0	0	0	0	0	0	0	0	0	0	0	0	0	0	0	0	0	0	0	0	0	0	0	0	0	0	0	0	0	0	0	0	0	0	0	0	0	0	0	0	0	0	0	0	0	0	0	0	0	0	0	0	0	0	0	0	0	0	0	0	0	0	0	0	0	0	0	0	0	0	0	0	0	0	0	0	0	0	0	0	0	0	0	0	0	0	0	0	0	0	0	0	0	0	0	0	0	0	0	0	0	0	0	0	0	0	0	0	0	0	0	0	0	0	0	0	0	0	0	0	0	0	0	0	0	0	0	0	0	0	0	0	0	0	0	0	0	0	0	0	0	0	0	0	0	0	0	0	0	0	0	0	0	0	0	0	0	0	0	0	0	0	0	0	0	0	0	0	0	0	
Z	0	0	0	0	0	0	0	0	0	0	0	0	0	0	0	0	0	0	0	0	0	0	0	0	0	0	0	0	0	0	0	0	0	0	0	0	0	0	0	0	0	0	0	0	0	0	0	0	0	0	0	0	0	0	0	0	0	0	0	0	0	0	0	0	0	0	0	0	0	0	0	0	0	0	0	0	0	0	0	0	0	0	0	0	0	0	0	0	0	0	0	0	0	0	0	0	0	0	0	0	0	0	0	0	0	0	0	0	0	0	0	0	0	0	0	0	0	0	0	0	0	0	0	0	0	0	0	0	0	0	0	0	0	0	0	0	0	0	0	0	0	0	0	0	0	0	0	0	0	0	0	0	0	0	0	0	0	0	0	0	0	0	0	0	0	0	0	0	0	0	0	0	0	0	0	0	0	0	0	0	0	0	0	0	0	0	0	0	0	0	0	0	0	0	0	0	0	0	0	0	0	0	0	0	0	0	0	0	0	0	0	0	0	0	0	0	0	0	0	0	0	0	0	0	0	0	0	0	0	0	0	0	0	0	0	0	0	0	0	0	0	0	0	0	0	0	0	0	0	0	0	0	0	0	0	0	0	0	0	0	0	0	0	0	0	0	0	0	0	0	0	0	0	0	0	0	0	0	0	0	0	0	0	0	0	0	0	0	0	0	0	0	0	0	0	0	0	0	0	0	0	0	0	0	0	0	0	0	0	0	0	0	0	0	0	0	0	0	0	0	0	0	0	0	0	0	0	0	0	0	0	0	0	0	0	0	0	0	0	0	0	0	0	0	0	0	0	0	0	0	0	0	0	0	0	0	0	0	0	0	0	0	0	0	0	0	0	0	0	0	0	0	0	0	0	0	0	0	0	0	0	0	0	0	0	0	0	0	0	0	0	0	0	0	0	0	0	0	0	0	0	0	
Bryantx	-0	-0	-0	-0	-0	-0	-0	-0	-0	-0	-0	-0	-0	-0	-0	-0	-0	-0	-0	-0	-0	-0	-0	-0	-0	-0	-0	-0	-0	-0	-0	-0	-0	-0	-0	-0	-0	-0	-0	-0	-0	-0	-0	-0	-0	-0	-0	-0	-0	-0	-0	-0	-0	-0	-0	-0	-0	-0	-0	-0	-0	-0	-0	-0	-0	-0	-0	-0	-0	-0	-0	-0	-0	-0	-0	-0	-0	-0	-0	-0	-0	-0	-0	-0	-0	-0	-0	-0	-0	-0	-0	-0	-0	-0	-0	-0	-0	-0	-0	-0	-0	-0	-0	-0	-0	-0	-0	-0	-0	-0	-0	-0	-0	-0	-0	-0	-0	-0	-0	-0	-0	-0	-0	-0	-0	-0	-0	-0	-0	-0	-0	-0	-0	-0	-0	-0	-0	-0	-0	-0	-0	-0	-0	-0	-0	-0	-0	-0	-0	-0	-0	-0	-0	-0	-0	-0	-0	-0	-0	-0	-0	-0	-0	-0	-0	-0	-0	-0	-0	-0	-0	-0	-0	-0	-0	-0	-0	-0	-0	-0	-0	-0	-0	-0	-0	-0	-0	-0	-0	-0	-0	-0	-0	-0	-0	-0	-0	-0	-0	-0	-0	-0	-0	-0	-0	-0	-0	-0	-0	-0	-0	-0	-0	-0	-0	-0	-0	-0	-0	-0	-0	-0	-0	-0	-0	-0	-0	-0	-0	-0	-0	-0	-0	-0	-0	-0	-0	-0	-0	-0	-0	-0	-0	-0	-0	-0	-0	-0	-0	-0	-0	-0	-0	-0	-0	-0	-0	-0	-0	-0	-0	-0	-0	-0	-0	-0	-0	-0	-0	-0	-0	-0	-0	-0	-0	-0	-0	-0	-0	-0	-0	-0	-0	-0	-0	-0	-0	-0	-0	-0	-0	-0	-0	-0	-0	-0	-0	-0	-0	-0	-0	-0	-0	-0	-0	-0	-0	-0	-0	-0	-0	-0	-0	-0	-0	-0	-0	-0	-0	-0	-0	-0	-0	-0	-0	-0	-0	-0	-0	-0	-0	-0	-0	-0	-0	-0	-0	-0	-0	-0	-0	-0	-0	-0	-0	-0	-0	-0	-0	-0	-0	-0	-0	-0	-0	-0	-0	-0	-0	-0	-0	-0	-0	-0	-0	-0	-0	-0	-0	-0	-0	-0	-0	-0	-0	-0	-0	-0	-0	-0	-0	-0	-0	-0	-0	-0	-0	-0	-0	-0	-0	-0	-0	-0	-0	-0	-0	-0	-0	-0	-0	-0	
Bryanty	0	0	0	0	0	0	0	0	0	0	0	0	0	0	0	0	0	0	0	0	0	0	0	0	0	0	0	0	0	0	0	0	0	0	0	0	0	0	0	0	0	0	0	0	0	0	0	0	0	0	0	0	0	0	0	0	0	0	0	0	0	0	0	0	0	0	0	0	0	0	0	0	0	0	0	0	0	0	0	0	0	0	0	0	0	0	0	0	0	0	0	0	0	0	0	0	0	0	0	0	0	0	0	0	0	0	0	0	0	0	0	0	0	0	0	0	0	0	0	0	0	0	0	0	0	0	0	0	0	0	0	0	0	0	0	0	0	0	0	0	0	0	0	0	0	0	0	0	0	0	0	0	0	0	0	0	0	0	0	0	0	0	0	0	0	0	0	0	0	0	0	0	0	0	0	0	0	0	0	0	0	0	0	0	0	0	0	0	0	0	0	0	0	0	0	0	0	0	0	0	0	0	0	0	0	0	0	0	0	0	0	0	0	0	0	0	0	0	0	0	0	0	0	0	0	0	0	0	0	0	0	0	0	0	0	0	0	0	0	0	0	0	0	0	0	0	0	0	0	0	0	0	0	0	0	0	0	0	0	0	0	0	0	0	0	0	0	0	0	0	0	0	0	0	0	0	0	0	0	0	0	0	0	0	0	0	0	0	0	0	0	0	0	0	0	0	0	0	0	0	0	0	0	0	0	0	0	0	0	0	0	0	0	0	0	0	0	0	0	0	0	0	0	0	0	0	0	0	0	0	0	0	0	0	0	0	0	0	0	0	0	0	0	0	0	0	0	0	0	0	0	0	0	0	0	0	0	0	0	0	0	0	0	0	0	0	0	0	0	0	0	0	0	0	0	0	0	0	0	0	0	0	0	0	0	0	0	0	0	0	0	0	0	0	0	0	0	0	0	0	0	0	
Bryantz	-0	-0	-0	-0	-0	-0	-0	-0	-0	-0	-0	-0	-0	-0	-0	-0	-0	-0	-0	-0	-0	-0	-0	-0	-0	-0	-0	-0	-0	-0	-0	-0	-0	-0	-0	-0	-0	-0	-0	-0	-0	-0	-0	-0	-0	-0	-0	-0	-0	-0	-0	-0	-0	-0	-0	-0	-0	-0	-0	-0	-0	-0	-0	-0	-0	-0	-0	-0	-0	-0	-0	-0	-0	-0	-0	-0	-0	-0	-0	-0	-0	-0	-0	-0	-0	-0	-0	-0	-0	-0	-0	-0	-0	-0	-0	-0	-0	-0	-0	-0	-0	-0	-0	-0	-0	-0	-0	-0	-0	-0	-0	-0	-0	-0	-0	-0	-0	-0	-0	-0	-0	-0	-0	-0	-0	-0	-0	-0	-0	-0	-0	-0	-0	-0	-0	-0	-0	-0	-0	-0	-0	-0	-0	-0	-0	-0	-0	-0	-0	-0	-0	-0	-0	-0	-0	-0	-0	-0	-0	-0	-0	-0	-0	-0	-0	-0	-0	-0	-0	-0	-0	-0	-0	-0	-0	-0	-0	-0	-0	-0	-0	-0	-0	-0	-0	-0	-0	-0	-0	-0	-0	-0	-0	-0	-0	-0	-0	-0	-0	-0	-0	-0	-0	-0	-0	-0	-0	-0	-0	-0	-0	-0	-0	-0	-0	-0	-0	-0	-0	-0	-0	-0	-0	-0	-0	-0	-0	-0	-0	-0	-0	-0	-0	-0	-0	-0	-0	-0	-0	-0	-0	-0	-0	-0	-0	-0	-0	-0	-0	-0	-0	-0	-0	-0	-0	-0	-0	-0	-0	-0	-0	-0	-0	-0	-0	-0	-0	-0	-0	-0	-0	-0	-0	-0	-0	-0	-0	-0	-0	-0	-0	-0	-0	-0	-0	-0	-0	-0	-0	-0	-0	-0	-0	-0	-0	-0	-0	-0	-0	-0	-0	-0	-0	-0	-0	-0	-0	-0	-0	-0	-0	-0	-0	-0	-0	-0	-0	-0	-0	-0	-0	-0	-0	-0	-0	-0	-0	-0	-0	-0	-0	-0	-0	-0	-0	-0	-0	-0	-0	-0	-0	-0	-0	-0	-0	-0	-0	-0	-0	-0	-0	-0	-0	-0	-0	-0	-0	-0	-0	-0	-0	-0	-0	-0	-0	-0	-0	-0	-0	-0	-0	-0	-0	-0	-0	-0	-0	-0	-0	-0	-0	-0	-0	-0	-0	-0	-0	-0	-0	-0	-0	-0	-0	-0	-0	-0	-0	-0	-0	-0	-0	-0	
VX	0	-0	-0	-0	-0	-0	-0	-0	-0	-0	-0	-0	-0	-0	-0	-0	-0	-0	-0	-0	-0	-0	-0	-0	-0	-0	-1.685188701338831e-34	1.389134040600942e-19	-4.777266213321681e-19	8.131519661517227e-20	-0	-5.692079603597252e-19	1.355261702837257e-19	5.421077484907345e-20	-1.084224912335964e-19	-3.25271583960824e-19	-0	3.008886912523686e-18	1.680692160640487e-18	-2.114504235844764e-18	-2.711040337347973e-19	-4.880179437722436e-19	8.67654137257024e-19	2.060869775250675e-18	4.230675014335277e-18	-2.169861103437205e-18	3.472310706053861e-18	-2.82175600360021e-18	1.953925901974297e-18	-3.90877526153896e-18	8.688507268668226e-18	-7.822044893031779e-18	3.042954356394599e-18	6.740576563651553e-18	-4.350639249555627e-18	-0	5.226067604998578e-18	-3.921862226004708e-18	3.05231826609157e-18	-0	1.310090176790928e-18	-2.316462935019856e-17	-6.99957389039037e-18	-0	2.630339507969495e-18	1.228934911675333e-17	7.031381719958347e-18	-0	6.169841980703333e-18	8.827849656534186e-19	-9.726867261825213e-18	8.85836949252491e-18	-3.550070701203031e-18	-0	-7.129660706434126e-18	3.572896767648593e-18	-1.432576048809416e-17	-0	3.42001198215479e-17	-9.02516953649725e-18	-1.086195570011338e-17	3.087009645523678e-17	-5.465175792424305e-18	1.096705358422068e-17	1.834243040946086e-18	-3.497768814704134e-17	9.239543208087001e-18	-2.226213522394273e-17	-7.450959165871832e-18	3.741188403867593e-18	3.757480214533097e-18	-3.774350608672203e-17	2.654254889775246e-17	2.666857843669807e-17	2.679845567057618e-17	-3.84743880737688e-18	-7.734084039326275e-18	-0	-0	1.178609793811362e-17	-0	-1.191558967150236e-17	-1.996972808962376e-17	-4.01629839585524e-18	1.615547089582609e-17	-4.061594396415828e-18	1.225324092926113e-17	-8.214509911073445e-18	-8.260083870704314e-18	-0	4.175117134500011e-18	4.19722214332551e-18	-0	-4.240062662382213e-18	3.834520263509022e-17	-0	-4.299204397369126e-18	-3.453648393974064e-17	2.166883335269882e-18	4.349183182380947e-18	-0	-2.187784380087633e-18	2.193120501353902e-18	-4.395031635849379e-18	2.200894359008548e-18	5.507951151114177e-19	-6.88843578467034e-19	-0	-1.101373564868696e-18	-7.369795346211207e-17	-4.391383651156897e-18	-0	-1.309598527979927e-17	-0	2.16331215732343e-17	-8.604794186916095e-18	-1.282470381873906e-17	-4.244162541731065e-18	-0	8.346499521857228e-18	8.266666169124181e-18	1.506175329113751e-29	1.61824511482946e-17	-0	-7.898942289670995e-18	7.798586273742874e-18	5.387797617577571e-17	1.519005505063426e-17	2.997823537669913e-17	2.958824133623619e-17	-8.034716855600856e-17	-0	-0	1.414640381311378e-17	-7.018159616312121e-18	6.976842598393531e-17	1.7375914872012e-18	4.076822545549557e-17	4.730179362652218e-17	1.862251393557852e-16	1.398463234709042e-17	2.461411088994657e-17	-8.495116814971043e-17	1.42573304776222e-16	-0	-0	-7.258486094107104e-18	-1.275141316556334e-17	1.278245051518181e-17	-0	2.420770720034689e-17	2.279750860550561e-17	8.365397748994439e-17	-7.246720567321257e-18	-9.017845192368004e-18	4.307178605207102e-17	2.85657174103373e-17	-0	-3.887585458078835e-17	-6.155681133719224e-17	-0	-0	-0	-4.428751507226064e-17	-4.582773064312445e-17	3.166227421269492e-17	-1.042007838688445e-17	6.091106817043142e-17	-1.396694887295742e-17	-7.013432907223039e-18	-2.467903890895569e-17	-0	7.14958089579028e-18	5.767961080813528e-17	-0	2.940631389939632e-17	-0	-3.007255813376164e-17	-2.282795422841602e-17	7.704780085858054e-18	-7.803651371515737e-18	-7.9049439579169e-18	4.804357823907931e-17	-0	8.209223810393718e-18	-0	-3.359554544798958e-17	-0	-0	-0	-7.827567284519342e-17	-1.749419547605364e-17	4.392224000461322e-18	-0	1.37773722356701e-19	-2.202866267449149e-18	-5.932894992652644e-17	-0	-4.348197592729419e-18	-0	-2.561551221192856e-17	-0	8.321280475554715e-18	-0	1.611326442769229e-17	3.164911979054164e-17	-1.552799169023373e-17	-3.046197354555404e-17	1.494193780268282e-17	-0	-1.009743362083327e-16	2.274583344684251e-16	1.967347006422798e-16	-8.364455070570313e-17	-0	-1.735527286182425e-18	-0	-0	3.534851627094898e-17	2.139859550862186e-16	-4.316107769163117e-17	-2.53580652723822e-17	9.832402006154417e-17	-6.392257283069204e-18	4.615276046753377e-17	-1.186601529968128e-17	6.552216148617099e-17	-3.261796634845972e-17	2.162944589203422e-17	-0	2.49330160715463e-17	-0	1.760512166934992e-17	1.576706514598861e-17	-0	-2.000372844479643e-17	7.465052393018047e-17	-9.107374457500465e-18	-5.727411705815837e-17	1.043179400337681e-17	-4.185396642583969e-17	-0	-7.044440059524216e-18	8.155489934841967e-17	-7.147239065007822e-18	-2.884230314294172e-17	2.912507185875345e-17	-2.20762796464177e-17	2.232723354466477e-17	-0	-0	-1.544524008812941e-17	3.911386197199586e-17	-0	-0	-2.438558005046597e-17	1.645630478567975e-17	-4.162226988860457e-17	8.416060951672956e-18	3.400632616173888e-17	3.002867218405968e-17	8.648799616307778e-18	-1.306166721072957e-17	-0	8.79010486906582e-18	-0	1.377744753361438e-19	-0	-8.783386027139804e-18	-4.370955940269241e-18	9.118195097168644e-17	1.721972387864721e-17	-1.704014456536788e-17	-0	-2.489298927773201e-17	-0	-0	3.153592907722713e-17	-7.735352323122813e-17	-0	4.466418436032146e-17	1.169643513375487e-16	1.006717538236942e-16	7.799522370450755e-17	1.827513038358443e-29	-6.266530240203258e-17	-0	-6.684610936842106e-17	-2.789662953181215e-17	7.02210461934901e-18	-0	7.144937663068262e-17	6.48387610920041e-17	-3.626819105119323e-17	-0	6.57703282624512e-17	7.310676654372036e-18	-3.649428588827892e-18	7.274801588241516e-18	-6.879377696151943e-17	7.201864500741107e-18	4.295382395639731e-17	-3.557703645202805e-18	9.549161924561688e-17	4.572756955511977e-17	-0	-1.046175349265067e-17	-0	-3.124153034991531e-17	1.301047378851844e-17	1.82279302307492e-17	4.000791078583107e-17	1.745185571584087e-17	2.804980677125335e-17	2.115862282810503e-17	1.420354071033399e-17	-2.147644850510712e-17	-0	7.295650193556537e-17	3.687189044421076e-17	-2.983652992954094e-17	-7.549170156279953e-18	-7.643660577837681e-18	-0	2.352672917665398e-17	-7.94424585886066e-18	-4.82791880544617e-17	2.444359970680211e-17	8.246958331312627e-18	-5.005479018141949e-17	8.433010790895083e-18	-1.703440348342614e-17	-1.289046650933884e-17	-4.330482802736155e-18	8.717835129146933e-17	1.314448306162441e-17	4.397626751411991e-18	2.203393656311043e-18	2.755325965358352e-19	-0	-1.097086591685128e-17	3.929425137564387e-17	1.300649342937222e-17	3.437519653284163e-17	-2.550328665838755e-17	1.678778609825345e-17	2.482084832018134e-17	-1.628428363234241e-17	1.600366560811134e-17	-1.571112548435156e-17	3.082691113442683e-17	1.511846706976587e-17	4.450465335560202e-17	2.914423629349008e-17	7.169932148785634e-17	-0	-1.260279629850371e-16	-5.217213551501663e-17	3.556286534759348e-17	-1.389779157010664e-17	-2.234275842163489e-16	1.441743088602147e-16	8.157870449316558e-17	4.294117445381181e-17	-0	-2.904633954606039e-17	-0	6.989795939931306e-17	-0	-3.647548905053788e-18	2.725882282492593e-17	3.617116832335187e-18	-0	-0	-6.041082824371042e-17	9.185463150799665e-17	-2.108448094968499e-17	6.995890974485052e-18	-0	-0	-0	1.691432030686782e-17	
