freeCAD: 3D CAD with Motion Simulation  by  askoh.com
Assembly
	Notes
		(Text string: '' runs: (Core.RunArray runs: #() values: #()))
	Name
		parm
	Position3D
		0.0 	0.0 	0.0 
	RotationMatrix
		1.0 	0.0 	0.0 
		0.0 	1.0 	0.0 
		0.0 	0.0 	1.0 
	Velocity3D
		0.0 	0.0 	0.0 
	Omega3D
		0.0 	0.0 	0.0 
	RefPoints
		RefPoint
			Position3D
				0.0 	0.0 	0.0 
			RotationMatrix
				1.0 	0.0 	0.0 
				0.0 	1.0 	0.0 
				0.0 	0.0 	1.0 
			Markers
				Marker
					Name
						Marker1
					Position3D
						0.0 	0.0 	0.0 
					RotationMatrix
						1.0 	0.0 	0.0 
						0.0 	1.0 	0.0 
						0.0 	0.0 	1.0 
	RefCurves
	RefSurfaces
	Parts
		Part
			Name
				Part1
			Position3D
				8.3266726846887e-17	0.0 	-3.4694469519536e-18
			RotationMatrix
				1.0 	-2.2204460492503e-16	2.3592239273285e-16
				2.2204460492503e-16	1.0 	4.7184478546569e-16
				-2.3592239273285e-16	-4.7184478546569e-16	1.0 
			Velocity3D
				0.0 	0.0 	0.0 
			Omega3D
				0.0 	0.0 	0.0 
			FeatureOrder
				Extrusion
					zStart
						0.0 
					zEnd
						0.05 
					Sketch
						Name
							Sketch1
						Position3D
							0.0 	0.0 	0.0 
						RotationMatrix
							1.0 	0.0 	0.0 
							0.0 	1.0 	0.0 
							0.0 	0.0 	1.0 
						Graphics
							Rectangle
								Position2D
									0.0 	0.0 
								Angle
									0.0 
								xLength
									0.1 
								yLength
									1.0 
			PrincipalMassMarker
				Name
					MassMarker
				Position3D
					0.05 	0.5 	0.025 
				RotationMatrix
					0.0 	1.0 	0.0 
					1.0 	0.0 	0.0 
					0.0 	0.0 	-1.0 
				Mass
					0.0 
				MomentOfInertias
					0.0 	0.0 	0.0 
				Density
					0.0 
			RefPoints
				RefPoint
					Position3D
						0.0 	0.0 	0.0 
					RotationMatrix
						1.0 	2.6020852139652e-18	-1.3877787807814e-17
						-2.6020852139652e-18	1.0 	-2.7755575615629e-17
						1.3877787807814e-17	2.7755575615629e-17	1.0 
					Markers
						Marker
							Name
								Marker1
							Position3D
								0.0 	0.0 	0.0 
							RotationMatrix
								1.0 	6.8521577301084e-17	-2.2204460492503e-16
								-6.8521577301084e-17	1.0 	-4.4408920985006e-16
								2.2204460492503e-16	4.4408920985006e-16	1.0 
				RefPoint
					Position3D
						0.0 	0.0 	0.0 
					RotationMatrix
						1.0 	2.6020852139652e-18	-1.3877787807814e-17
						-2.6020852139652e-18	1.0 	-2.7755575615629e-17
						1.3877787807814e-17	2.7755575615629e-17	1.0 
					Markers
						Marker
							Name
								Marker2
							Position3D
								0.05 	0.05 	-1.7902346272081e-16
							RotationMatrix
								1.0 	1.4311468676809e-16	-1.942890293094e-16
								-1.4311468676809e-16	1.0 	-2.7755575615629e-16
								1.942890293094e-16	2.7755575615629e-16	1.0 
				RefPoint
					Position3D
						0.0 	0.0 	0.0 
					RotationMatrix
						1.0 	2.6020852139652e-18	-1.3877787807814e-17
						-2.6020852139652e-18	1.0 	-2.7755575615629e-17
						1.3877787807814e-17	2.7755575615629e-17	1.0 
					Markers
						Marker
							Name
								Marker3
							Position3D
								0.05 	0.95 	-1.5196177649557e-16
							RotationMatrix
								1.0 	1.0842021724855e-16	-4.8572257327351e-17
								-1.0842021724855e-16	1.0 	-3.0531133177192e-16
								4.8572257327351e-17	3.0531133177192e-16	1.0 
			RefCurves
			RefSurfaces
		Part
			Name
				Part2
			Position3D
				-5.5511151231258e-17	-7.632783294298e-17	-1.942890293094e-16
			RotationMatrix
				1.0 	6.7654215563096e-17	-7.6327832942979e-17
				-6.7654215563096e-17	1.0 	4.4408920985006e-16
				7.6327832942979e-17	-4.4408920985006e-16	1.0 
			Velocity3D
				0.0 	0.0 	0.0 
			Omega3D
				0.0 	0.0 	0.0 
			FeatureOrder
				Extrusion
					zStart
						-0.5 
					zEnd
						0.0 
					Sketch
						Name
							Sketch1
						Position3D
							0.0 	0.0 	0.0 
						RotationMatrix
							1.0 	0.0 	0.0 
							0.0 	1.0 	0.0 
							0.0 	0.0 	1.0 
						Graphics
							Rectangle
								Position2D
									0.0 	0.0 
								Angle
									4.6222318665294e-32
								xLength
									0.5 
								yLength
									0.5 
			PrincipalMassMarker
				Name
					MassMarker
				Position3D
					0.25 	0.05 	-0.05 
				RotationMatrix
					1.0 	0.0 	0.0 
					0.0 	0.0 	-1.0 
					0.0 	1.0 	0.0 
				Mass
					0.0 
				MomentOfInertias
					0.0 	0.0 	0.0 
				Density
					0.0 
			RefPoints
				RefPoint
					Position3D
						0.0 	0.0 	0.0 
					RotationMatrix
						1.0 	-7.5894152073985e-19	6.9388939039072e-18
						7.5894152073985e-19	1.0 	-1.3877787807814e-17
						-6.9388939039072e-18	1.3877787807814e-17	1.0 
					Markers
						Marker
							Name
								Marker1
							Position3D
								0.05 	0.05 	1.3877787807814e-18
							RotationMatrix
								1.0 	7.6978354246471e-18	9.7144514654701e-17
								-7.6978354246471e-18	1.0 	-1.4571677198205e-16
								-9.7144514654701e-17	1.4571677198205e-16	1.0 
				RefPoint
					Position3D
						0.0 	0.0 	0.0 
					RotationMatrix
						1.0 	-7.5894152073985e-19	6.9388939039072e-18
						7.5894152073985e-19	1.0 	-1.3877787807814e-17
						-6.9388939039072e-18	1.3877787807814e-17	1.0 
					Markers
						Marker
							Name
								Marker2
							Position3D
								0.45 	0.05 	9.3675067702748e-18
							RotationMatrix
								1.0 	-2.0057740190982e-17	4.8572257327351e-17
								2.0057740190982e-17	1.0 	-1.2490009027033e-16
								-4.8572257327351e-17	1.2490009027033e-16	1.0 
			RefCurves
			RefSurfaces
		Part
			Name
				Part3
			Position3D
				0.4 	-1.1102230246252e-16	5.2041704279304e-17
			RotationMatrix
				1.0 	-2.2204460492503e-16	1.873501354055e-16
				2.2204460492503e-16	1.0 	5.4211273817179e-16
				-1.873501354055e-16	-5.4211273817179e-16	1.0 
			Velocity3D
				0.0 	0.0 	0.0 
			Omega3D
				0.0 	0.0 	0.0 
			FeatureOrder
				Extrusion
					zStart
						0.0 
					zEnd
						0.05 
					Sketch
						Name
							Sketch1
						Position3D
							0.0 	0.0 	0.0 
						RotationMatrix
							1.0 	0.0 	0.0 
							0.0 	1.0 	0.0 
							0.0 	0.0 	1.0 
						Graphics
							Rectangle
								Position2D
									0.0 	0.0 
								Angle
									0.0 
								xLength
									0.1 
								yLength
									1.0 
			PrincipalMassMarker
				Name
					MassMarker
				Position3D
					0.05 	0.5 	0.025 
				RotationMatrix
					0.0 	1.0 	0.0 
					1.0 	0.0 	0.0 
					0.0 	0.0 	-1.0 
				Mass
					0.0 
				MomentOfInertias
					0.0 	0.0 	0.0 
				Density
					0.0 
			RefPoints
				RefPoint
					Position3D
						0.0 	0.0 	0.0 
					RotationMatrix
						1.0 	2.6020852139652e-18	-1.3877787807814e-17
						-2.6020852139652e-18	1.0 	-2.7755575615629e-17
						1.3877787807814e-17	2.7755575615629e-17	1.0 
					Markers
						Marker
							Name
								Marker1
							Position3D
								0.0 	0.0 	0.0 
							RotationMatrix
								1.0 	6.8521577301084e-17	-2.2204460492503e-16
								-6.8521577301084e-17	1.0 	-4.4408920985006e-16
								2.2204460492503e-16	4.4408920985006e-16	1.0 
				RefPoint
					Position3D
						0.0 	0.0 	0.0 
					RotationMatrix
						1.0 	2.6020852139652e-18	-1.3877787807814e-17
						-2.6020852139652e-18	1.0 	-2.7755575615629e-17
						1.3877787807814e-17	2.7755575615629e-17	1.0 
					Markers
						Marker
							Name
								Marker2
							Position3D
								0.05 	0.05 	-1.7902346272081e-16
							RotationMatrix
								1.0 	1.4311468676809e-16	-1.942890293094e-16
								-1.4311468676809e-16	1.0 	-2.7755575615629e-16
								1.942890293094e-16	2.7755575615629e-16	1.0 
				RefPoint
					Position3D
						0.0 	0.0 	0.0 
					RotationMatrix
						1.0 	2.6020852139652e-18	-1.3877787807814e-17
						-2.6020852139652e-18	1.0 	-2.7755575615629e-17
						1.3877787807814e-17	2.7755575615629e-17	1.0 
					Markers
						Marker
							Name
								Marker3
							Position3D
								0.05 	0.95 	-1.5196177649557e-16
							RotationMatrix
								1.0 	1.0842021724855e-16	-4.8572257327351e-17
								-1.0842021724855e-16	1.0 	-3.0531133177192e-16
								4.8572257327351e-17	3.0531133177192e-16	1.0 
			RefCurves
			RefSurfaces
		Part
			Name
				Part4
			Position3D
				-8.3266726846887e-17	0.9 	-5.4817261840867e-16
			RotationMatrix
				1.0 	1.9871833365648e-16	6.9388939039072e-17
				-1.9871833365648e-16	1.0 	4.4408920985006e-16
				-6.9388939039072e-17	-4.4408920985006e-16	1.0 
			Velocity3D
				0.0 	0.0 	0.0 
			Omega3D
				0.0 	0.0 	0.0 
			FeatureOrder
				Extrusion
					zStart
						-0.1 
					zEnd
						0.0 
					Sketch
						Name
							Sketch1
						Position3D
							0.0 	0.0 	0.0 
						RotationMatrix
							1.0 	0.0 	0.0 
							0.0 	1.0 	0.0 
							0.0 	0.0 	1.0 
						Graphics
							Rectangle
								Position2D
									0.0 	0.0 
								Angle
									0.0 
								xLength
									0.5 
								yLength
									0.1 
			PrincipalMassMarker
				Name
					MassMarker
				Position3D
					0.25 	0.05 	-0.05 
				RotationMatrix
					1.0 	0.0 	0.0 
					0.0 	0.0 	-1.0 
					0.0 	1.0 	0.0 
				Mass
					0.0 
				MomentOfInertias
					0.0 	0.0 	0.0 
				Density
					0.0 
			RefPoints
				RefPoint
					Position3D
						0.0 	0.0 	0.0 
					RotationMatrix
						1.0 	-7.5894152073985e-19	6.9388939039072e-18
						7.5894152073985e-19	1.0 	-1.3877787807814e-17
						-6.9388939039072e-18	1.3877787807814e-17	1.0 
					Markers
						Marker
							Name
								Marker1
							Position3D
								0.05 	0.05 	1.3877787807815e-18
							RotationMatrix
								1.0 	7.6978354246471e-18	9.7144514654701e-17
								-7.697835424647e-18	1.0 	-1.4571677198205e-16
								-9.7144514654701e-17	1.4571677198205e-16	1.0 
				RefPoint
					Position3D
						0.0 	0.0 	0.0 
					RotationMatrix
						1.0 	-7.5894152073985e-19	6.9388939039072e-18
						7.5894152073985e-19	1.0 	-1.3877787807814e-17
						-6.9388939039072e-18	1.3877787807814e-17	1.0 
					Markers
						Marker
							Name
								Marker2
							Position3D
								0.45 	0.05 	9.3675067702748e-18
							RotationMatrix
								1.0 	-2.0057740190982e-17	4.8572257327351e-17
								2.0057740190982e-17	1.0 	-1.2490009027033e-16
								-4.8572257327351e-17	1.2490009027033e-16	1.0 
			RefCurves
			RefSurfaces
	KinematicIJs
	ConstraintSets
		Joints
			FixedJoint
				Name
					fix
				MarkerI
					/parm/Marker1
				MarkerJ
					/parm/Part1/Marker1
			RevoluteJoint
				Name
					rev1
				MarkerI
					/parm/Part1/Marker2
				MarkerJ
					/parm/Part2/Marker1
			RevoluteJoint
				Name
					rev2
				MarkerI
					/parm/Part1/Marker3
				MarkerJ
					/parm/Part4/Marker1
			RevoluteJoint
				Name
					rev3
				MarkerI
					/parm/Part2/Marker2
				MarkerJ
					/parm/Part3/Marker2
			RevoluteJoint
				Name
					rev4
				MarkerI
					/parm/Part3/Marker3
				MarkerJ
					/parm/Part4/Marker2
		Motions
			RotationalMotion
				Name
					Motion1
				MotionJoint
					/parm/rev1
				RotationZ
					(0 + 70*sin((360*time - 0)*pi/180.0d))*pi/180.0d
		GeneralConstraintSets
	ForceTorques
	ConstantGravity
		0.0 	0.0 	0.0 
	SimulationParameters
		tstart
			0.0 
		tend
			1.0 
		hmin
			1.0e-9
		hmax
			1.0 
		hout
			0.01 
		errorTol
			1.0e-6
	AnimationParameters
		nframe
			101
		icurrent
			1
		istart
			1
		iend
			101
		isForward
			true
		framesPerSecond
			30
TimeSeries
Number	Input	1	2	3	4	5	6	7	8	9	10	11	12	13	14	15	16	17	18	19	20	21	22	23	24	25	26	27	28	29	30	31	32	33	34	35	36	37	38	39	40	41	42	43	44	45	46	47	48	49	50	51	52	53	54	55	56	57	58	59	60	61	62	63	64	65	66	67	68	69	70	71	72	73	74	75	76	77	78	79	80	81	82	83	84	85	86	87	88	89	90	91	92	93	94	95	96	97	98	99	100	101
Time	Input	0.0 	0.01 	0.02 	0.03 	0.04 	0.05 	0.06 	0.07 	0.08 	0.09 	0.1 	0.11 	0.12 	0.13 	0.14 	0.15 	0.16 	0.17 	0.18 	0.19 	0.2 	0.21 	0.22 	0.23 	0.24 	0.25 	0.26 	0.27 	0.28 	0.29 	0.3 	0.31 	0.32 	0.33 	0.34 	0.35 	0.36 	0.37 	0.38 	0.39 	0.4 	0.41 	0.42 	0.43 	0.44 	0.45 	0.46 	0.47 	0.48 	0.49 	0.5 	0.51 	0.52 	0.53 	0.54 	0.55 	0.56 	0.57 	0.58 	0.59 	0.6 	0.61 	0.62 	0.63 	0.64 	0.65 	0.66 	0.67 	0.68 	0.69 	0.7 	0.71 	0.72 	0.73 	0.74 	0.75 	0.76 	0.77 	0.78 	0.79 	0.8 	0.81 	0.82 	0.83 	0.84 	0.85 	0.86 	0.87 	0.88 	0.89 	0.9 	0.91 	0.92 	0.93 	0.94 	0.95 	0.96 	0.97 	0.98 	0.99 	1.0 
AssemblySeries /parm
X	0.0 	0.0 	0.0 	0.0 	0.0 	0.0 	0.0 	0.0 	0.0 	0.0 	0.0 	0.0 	0.0 	0.0 	0.0 	0.0 	0.0 	0.0 	0.0 	0.0 	0.0 	0.0 	0.0 	0.0 	0.0 	0.0 	0.0 	0.0 	0.0 	0.0 	0.0 	0.0 	0.0 	0.0 	0.0 	0.0 	0.0 	0.0 	0.0 	0.0 	0.0 	0.0 	0.0 	0.0 	0.0 	0.0 	0.0 	0.0 	0.0 	0.0 	0.0 	0.0 	0.0 	0.0 	0.0 	0.0 	0.0 	0.0 	0.0 	0.0 	0.0 	0.0 	0.0 	0.0 	0.0 	0.0 	0.0 	0.0 	0.0 	0.0 	0.0 	0.0 	0.0 	0.0 	0.0 	0.0 	0.0 	0.0 	0.0 	0.0 	0.0 	0.0 	0.0 	0.0 	0.0 	0.0 	0.0 	0.0 	0.0 	0.0 	0.0 	0.0 	0.0 	0.0 	0.0 	0.0 	0.0 	0.0 	0.0 	0.0 	0.0 	0.0 
Y	0.0 	0.0 	0.0 	0.0 	0.0 	0.0 	0.0 	0.0 	0.0 	0.0 	0.0 	0.0 	0.0 	0.0 	0.0 	0.0 	0.0 	0.0 	0.0 	0.0 	0.0 	0.0 	0.0 	0.0 	0.0 	0.0 	0.0 	0.0 	0.0 	0.0 	0.0 	0.0 	0.0 	0.0 	0.0 	0.0 	0.0 	0.0 	0.0 	0.0 	0.0 	0.0 	0.0 	0.0 	0.0 	0.0 	0.0 	0.0 	0.0 	0.0 	0.0 	0.0 	0.0 	0.0 	0.0 	0.0 	0.0 	0.0 	0.0 	0.0 	0.0 	0.0 	0.0 	0.0 	0.0 	0.0 	0.0 	0.0 	0.0 	0.0 	0.0 	0.0 	0.0 	0.0 	0.0 	0.0 	0.0 	0.0 	0.0 	0.0 	0.0 	0.0 	0.0 	0.0 	0.0 	0.0 	0.0 	0.0 	0.0 	0.0 	0.0 	0.0 	0.0 	0.0 	0.0 	0.0 	0.0 	0.0 	0.0 	0.0 	0.0 	0.0 
Z	0.0 	0.0 	0.0 	0.0 	0.0 	0.0 	0.0 	0.0 	0.0 	0.0 	0.0 	0.0 	0.0 	0.0 	0.0 	0.0 	0.0 	0.0 	0.0 	0.0 	0.0 	0.0 	0.0 	0.0 	0.0 	0.0 	0.0 	0.0 	0.0 	0.0 	0.0 	0.0 	0.0 	0.0 	0.0 	0.0 	0.0 	0.0 	0.0 	0.0 	0.0 	0.0 	0.0 	0.0 	0.0 	0.0 	0.0 	0.0 	0.0 	0.0 	0.0 	0.0 	0.0 	0.0 	0.0 	0.0 	0.0 	0.0 	0.0 	0.0 	0.0 	0.0 	0.0 	0.0 	0.0 	0.0 	0.0 	0.0 	0.0 	0.0 	0.0 	0.0 	0.0 	0.0 	0.0 	0.0 	0.0 	0.0 	0.0 	0.0 	0.0 	0.0 	0.0 	0.0 	0.0 	0.0 	0.0 	0.0 	0.0 	0.0 	0.0 	0.0 	0.0 	0.0 	0.0 	0.0 	0.0 	0.0 	0.0 	0.0 	0.0 	0.0 
Bryantx	0.0 	0.0 	0.0 	0.0 	0.0 	0.0 	0.0 	0.0 	0.0 	0.0 	0.0 	0.0 	0.0 	0.0 	0.0 	0.0 	0.0 	0.0 	0.0 	0.0 	0.0 	0.0 	0.0 	0.0 	0.0 	0.0 	0.0 	0.0 	0.0 	0.0 	0.0 	0.0 	0.0 	0.0 	0.0 	0.0 	0.0 	0.0 	0.0 	0.0 	0.0 	0.0 	0.0 	0.0 	0.0 	0.0 	0.0 	0.0 	0.0 	0.0 	0.0 	0.0 	0.0 	0.0 	0.0 	0.0 	0.0 	0.0 	0.0 	0.0 	0.0 	0.0 	0.0 	0.0 	0.0 	0.0 	0.0 	0.0 	0.0 	0.0 	0.0 	0.0 	0.0 	0.0 	0.0 	0.0 	0.0 	0.0 	0.0 	0.0 	0.0 	0.0 	0.0 	0.0 	0.0 	0.0 	0.0 	0.0 	0.0 	0.0 	0.0 	0.0 	0.0 	0.0 	0.0 	0.0 	0.0 	0.0 	0.0 	0.0 	0.0 	0.0 
Bryanty	0.0 	0.0 	0.0 	0.0 	0.0 	0.0 	0.0 	0.0 	0.0 	0.0 	0.0 	0.0 	0.0 	0.0 	0.0 	0.0 	0.0 	0.0 	0.0 	0.0 	0.0 	0.0 	0.0 	0.0 	0.0 	0.0 	0.0 	0.0 	0.0 	0.0 	0.0 	0.0 	0.0 	0.0 	0.0 	0.0 	0.0 	0.0 	0.0 	0.0 	0.0 	0.0 	0.0 	0.0 	0.0 	0.0 	0.0 	0.0 	0.0 	0.0 	0.0 	0.0 	0.0 	0.0 	0.0 	0.0 	0.0 	0.0 	0.0 	0.0 	0.0 	0.0 	0.0 	0.0 	0.0 	0.0 	0.0 	0.0 	0.0 	0.0 	0.0 	0.0 	0.0 	0.0 	0.0 	0.0 	0.0 	0.0 	0.0 	0.0 	0.0 	0.0 	0.0 	0.0 	0.0 	0.0 	0.0 	0.0 	0.0 	0.0 	0.0 	0.0 	0.0 	0.0 	0.0 	0.0 	0.0 	0.0 	0.0 	0.0 	0.0 	0.0 
Bryantz	0.0 	0.0 	0.0 	0.0 	0.0 	0.0 	0.0 	0.0 	0.0 	0.0 	0.0 	0.0 	0.0 	0.0 	0.0 	0.0 	0.0 	0.0 	0.0 	0.0 	0.0 	0.0 	0.0 	0.0 	0.0 	0.0 	0.0 	0.0 	0.0 	0.0 	0.0 	0.0 	0.0 	0.0 	0.0 	0.0 	0.0 	0.0 	0.0 	0.0 	0.0 	0.0 	0.0 	0.0 	0.0 	0.0 	0.0 	0.0 	0.0 	0.0 	0.0 	0.0 	0.0 	0.0 	0.0 	0.0 	0.0 	0.0 	0.0 	0.0 	0.0 	0.0 	0.0 	0.0 	0.0 	0.0 	0.0 	0.0 	0.0 	0.0 	0.0 	0.0 	0.0 	0.0 	0.0 	0.0 	0.0 	0.0 	0.0 	0.0 	0.0 	0.0 	0.0 	0.0 	0.0 	0.0 	0.0 	0.0 	0.0 	0.0 	0.0 	0.0 	0.0 	0.0 	0.0 	0.0 	0.0 	0.0 	0.0 	0.0 	0.0 	0.0 
VX	0.0 	0.0 	0.0 	0.0 	0.0 	0.0 	0.0 	0.0 	0.0 	0.0 	0.0 	0.0 	0.0 	0.0 	0.0 	0.0 	0.0 	0.0 	0.0 	0.0 	0.0 	0.0 	0.0 	0.0 	0.0 	0.0 	0.0 	0.0 	0.0 	0.0 	0.0 	0.0 	0.0 	0.0 	0.0 	0.0 	0.0 	0.0 	0.0 	0.0 	0.0 	0.0 	0.0 	0.0 	0.0 	0.0 	0.0 	0.0 	0.0 	0.0 	0.0 	0.0 	0.0 	0.0 	0.0 	0.0 	0.0 	0.0 	0.0 	0.0 	0.0 	0.0 	0.0 	0.0 	0.0 	0.0 	0.0 	0.0 	0.0 	0.0 	0.0 	0.0 	0.0 	0.0 	0.0 	0.0 	0.0 	0.0 	0.0 	0.0 	0.0 	0.0 	0.0 	0.0 	0.0 	0.0 	0.0 	0.0 	0.0 	0.0 	0.0 	0.0 	0.0 	0.0 	0.0 	0.0 	0.0 	0.0 	0.0 	0.0 	0.0 	0.0 
VY	0.0 	0.0 	0.0 	0.0 	0.0 	0.0 	0.0 	0.0 	0.0 	0.0 	0.0 	0.0 	0.0 	0.0 	0.0 	0.0 	0.0 	0.0 	0.0 	0.0 	0.0 	0.0 	0.0 	0.0 	0.0 	0.0 	0.0 	0.0 	0.0 	0.0 	0.0 	0.0 	0.0 	0.0 	0.0 	0.0 	0.0 	0.0 	0.0 	0.0 	0.0 	0.0 	0.0 	0.0 	0.0 	0.0 	0.0 	0.0 	0.0 	0.0 	0.0 	0.0 	0.0 	0.0 	0.0 	0.0 	0.0 	0.0 	0.0 	0.0 	0.0 	0.0 	0.0 	0.0 	0.0 	0.0 	0.0 	0.0 	0.0 	0.0 	0.0 	0.0 	0.0 	0.0 	0.0 	0.0 	0.0 	0.0 	0.0 	0.0 	0.0 	0.0 	0.0 	0.0 	0.0 	0.0 	0.0 	0.0 	0.0 	0.0 	0.0 	0.0 	0.0 	0.0 	0.0 	0.0 	0.0 	0.0 	0.0 	0.0 	0.0 	0.0 
VZ	0.0 	0.0 	0.0 	0.0 	0.0 	0.0 	0.0 	0.0 	0.0 	0.0 	0.0 	0.0 	0.0 	0.0 	0.0 	0.0 	0.0 	0.0 	0.0 	0.0 	0.0 	0.0 	0.0 	0.0 	0.0 	0.0 	0.0 	0.0 	0.0 	0.0 	0.0 	0.0 	0.0 	0.0 	0.0 	0.0 	0.0 	0.0 	0.0 	0.0 	0.0 	0.0 	0.0 	0.0 	0.0 	0.0 	0.0 	0.0 	0.0 	0.0 	0.0 	0.0 	0.0 	0.0 	0.0 	0.0 	0.0 	0.0 	0.0 	0.0 	0.0 	0.0 	0.0 	0.0 	0.0 	0.0 	0.0 	0.0 	0.0 	0.0 	0.0 	0.0 	0.0 	0.0 	0.0 	0.0 	0.0 	0.0 	0.0 	0.0 	0.0 	0.0 	0.0 	0.0 	0.0 	0.0 	0.0 	0.0 	0.0 	0.0 	0.0 	0.0 	0.0 	0.0 	0.0 	0.0 	0.0 	0.0 	0.0 	0.0 	0.0 	0.0 
OmegaX	0.0 	0.0 	0.0 	0.0 	0.0 	0.0 	0.0 	0.0 	0.0 	0.0 	0.0 	0.0 	0.0 	0.0 	0.0 	0.0 	0.0 	0.0 	0.0 	0.0 	0.0 	0.0 	0.0 	0.0 	0.0 	0.0 	0.0 	0.0 	0.0 	0.0 	0.0 	0.0 	0.0 	0.0 	0.0 	0.0 	0.0 	0.0 	0.0 	0.0 	0.0 	0.0 	0.0 	0.0 	0.0 	0.0 	0.0 	0.0 	0.0 	0.0 	0.0 	0.0 	0.0 	0.0 	0.0 	0.0 	0.0 	0.0 	0.0 	0.0 	0.0 	0.0 	0.0 	0.0 	0.0 	0.0 	0.0 	0.0 	0.0 	0.0 	0.0 	0.0 	0.0 	0.0 	0.0 	0.0 	0.0 	0.0 	0.0 	0.0 	0.0 	0.0 	0.0 	0.0 	0.0 	0.0 	0.0 	0.0 	0.0 	0.0 	0.0 	0.0 	0.0 	0.0 	0.0 	0.0 	0.0 	0.0 	0.0 	0.0 	0.0 	0.0 
OmegaY	0.0 	0.0 	0.0 	0.0 	0.0 	0.0 	0.0 	0.0 	0.0 	0.0 	0.0 	0.0 	0.0 	0.0 	0.0 	0.0 	0.0 	0.0 	0.0 	0.0 	0.0 	0.0 	0.0 	0.0 	0.0 	0.0 	0.0 	0.0 	0.0 	0.0 	0.0 	0.0 	0.0 	0.0 	0.0 	0.0 	0.0 	0.0 	0.0 	0.0 	0.0 	0.0 	0.0 	0.0 	0.0 	0.0 	0.0 	0.0 	0.0 	0.0 	0.0 	0.0 	0.0 	0.0 	0.0 	0.0 	0.0 	0.0 	0.0 	0.0 	0.0 	0.0 	0.0 	0.0 	0.0 	0.0 	0.0 	0.0 	0.0 	0.0 	0.0 	0.0 	0.0 	0.0 	0.0 	0.0 	0.0 	0.0 	0.0 	0.0 	0.0 	0.0 	0.0 	0.0 	0.0 	0.0 	0.0 	0.0 	0.0 	0.0 	0.0 	0.0 	0.0 	0.0 	0.0 	0.0 	0.0 	0.0 	0.0 	0.0 	0.0 	0.0 
OmegaZ	0.0 	0.0 	0.0 	0.0 	0.0 	0.0 	0.0 	0.0 	0.0 	0.0 	0.0 	0.0 	0.0 	0.0 	0.0 	0.0 	0.0 	0.0 	0.0 	0.0 	0.0 	0.0 	0.0 	0.0 	0.0 	0.0 	0.0 	0.0 	0.0 	0.0 	0.0 	0.0 	0.0 	0.0 	0.0 	0.0 	0.0 	0.0 	0.0 	0.0 	0.0 	0.0 	0.0 	0.0 	0.0 	0.0 	0.0 	0.0 	0.0 	0.0 	0.0 	0.0 	0.0 	0.0 	0.0 	0.0 	0.0 	0.0 	0.0 	0.0 	0.0 	0.0 	0.0 	0.0 	0.0 	0.0 	0.0 	0.0 	0.0 	0.0 	0.0 	0.0 	0.0 	0.0 	0.0 	0.0 	0.0 	0.0 	0.0 	0.0 	0.0 	0.0 	0.0 	0.0 	0.0 	0.0 	0.0 	0.0 	0.0 	0.0 	0.0 	0.0 	0.0 	0.0 	0.0 	0.0 	0.0 	0.0 	0.0 	0.0 	0.0 	0.0 
AX	0	0.0 	0.0 	0.0 	0.0 	0.0 	0.0 	0.0 	0.0 	0.0 	0.0 	0.0 	0.0 	0.0 	0.0 	0.0 	0.0 	0.0 	0.0 	0.0 	0.0 	0.0 	0.0 	0.0 	0.0 	0.0 	0.0 	0.0 	0.0 	0.0 	0.0 	0.0 	0.0 	0.0 	0.0 	0.0 	0.0 	0.0 	0.0 	0.0 	0.0 	0.0 	0.0 	0.0 	0.0 	0.0 	0.0 	0.0 	0.0 	0.0 	0.0 	0.0 	0.0 	0.0 	0.0 	0.0 	0.0 	0.0 	0.0 	0.0 	0.0 	0.0 	0.0 	0.0 	0.0 	0.0 	0.0 	0.0 	0.0 	0.0 	0.0 	0.0 	0.0 	0.0 	0.0 	0.0 	0.0 	0.0 	0.0 	0.0 	0.0 	0.0 	0.0 	0.0 	0.0 	0.0 	0.0 	0.0 	0.0 	0.0 	0.0 	0.0 	0.0 	0.0 	0.0 	0.0 	0.0 	0.0 	0.0 	0.0 	0.0 	0.0 
AY	0	0.0 	0.0 	0.0 	0.0 	0.0 	0.0 	0.0 	0.0 	0.0 	0.0 	0.0 	0.0 	0.0 	0.0 	0.0 	0.0 	0.0 	0.0 	0.0 	0.0 	0.0 	0.0 	0.0 	0.0 	0.0 	0.0 	0.0 	0.0 	0.0 	0.0 	0.0 	0.0 	0.0 	0.0 	0.0 	0.0 	0.0 	0.0 	0.0 	0.0 	0.0 	0.0 	0.0 	0.0 	0.0 	0.0 	0.0 	0.0 	0.0 	0.0 	0.0 	0.0 	0.0 	0.0 	0.0 	0.0 	0.0 	0.0 	0.0 	0.0 	0.0 	0.0 	0.0 	0.0 	0.0 	0.0 	0.0 	0.0 	0.0 	0.0 	0.0 	0.0 	0.0 	0.0 	0.0 	0.0 	0.0 	0.0 	0.0 	0.0 	0.0 	0.0 	0.0 	0.0 	0.0 	0.0 	0.0 	0.0 	0.0 	0.0 	0.0 	0.0 	0.0 	0.0 	0.0 	0.0 	0.0 	0.0 	0.0 	0.0 	0.0 
AZ	0	0.0 	0.0 	0.0 	0.0 	0.0 	0.0 	0.0 	0.0 	0.0 	0.0 	0.0 	0.0 	0.0 	0.0 	0.0 	0.0 	0.0 	0.0 	0.0 	0.0 	0.0 	0.0 	0.0 	0.0 	0.0 	0.0 	0.0 	0.0 	0.0 	0.0 	0.0 	0.0 	0.0 	0.0 	0.0 	0.0 	0.0 	0.0 	0.0 	0.0 	0.0 	0.0 	0.0 	0.0 	0.0 	0.0 	0.0 	0.0 	0.0 	0.0 	0.0 	0.0 	0.0 	0.0 	0.0 	0.0 	0.0 	0.0 	0.0 	0.0 	0.0 	0.0 	0.0 	0.0 	0.0 	0.0 	0.0 	0.0 	0.0 	0.0 	0.0 	0.0 	0.0 	0.0 	0.0 	0.0 	0.0 	0.0 	0.0 	0.0 	0.0 	0.0 	0.0 	0.0 	0.0 	0.0 	0.0 	0.0 	0.0 	0.0 	0.0 	0.0 	0.0 	0.0 	0.0 	0.0 	0.0 	0.0 	0.0 	0.0 	0.0 
AlphaX	0	0.0 	0.0 	0.0 	0.0 	0.0 	0.0 	0.0 	0.0 	0.0 	0.0 	0.0 	0.0 	0.0 	0.0 	0.0 	0.0 	0.0 	0.0 	0.0 	0.0 	0.0 	0.0 	0.0 	0.0 	0.0 	0.0 	0.0 	0.0 	0.0 	0.0 	0.0 	0.0 	0.0 	0.0 	0.0 	0.0 	0.0 	0.0 	0.0 	0.0 	0.0 	0.0 	0.0 	0.0 	0.0 	0.0 	0.0 	0.0 	0.0 	0.0 	0.0 	0.0 	0.0 	0.0 	0.0 	0.0 	0.0 	0.0 	0.0 	0.0 	0.0 	0.0 	0.0 	0.0 	0.0 	0.0 	0.0 	0.0 	0.0 	0.0 	0.0 	0.0 	0.0 	0.0 	0.0 	0.0 	0.0 	0.0 	0.0 	0.0 	0.0 	0.0 	0.0 	0.0 	0.0 	0.0 	0.0 	0.0 	0.0 	0.0 	0.0 	0.0 	0.0 	0.0 	0.0 	0.0 	0.0 	0.0 	0.0 	0.0 	0.0 
AlphaY	0	0.0 	0.0 	0.0 	0.0 	0.0 	0.0 	0.0 	0.0 	0.0 	0.0 	0.0 	0.0 	0.0 	0.0 	0.0 	0.0 	0.0 	0.0 	0.0 	0.0 	0.0 	0.0 	0.0 	0.0 	0.0 	0.0 	0.0 	0.0 	0.0 	0.0 	0.0 	0.0 	0.0 	0.0 	0.0 	0.0 	0.0 	0.0 	0.0 	0.0 	0.0 	0.0 	0.0 	0.0 	0.0 	0.0 	0.0 	0.0 	0.0 	0.0 	0.0 	0.0 	0.0 	0.0 	0.0 	0.0 	0.0 	0.0 	0.0 	0.0 	0.0 	0.0 	0.0 	0.0 	0.0 	0.0 	0.0 	0.0 	0.0 	0.0 	0.0 	0.0 	0.0 	0.0 	0.0 	0.0 	0.0 	0.0 	0.0 	0.0 	0.0 	0.0 	0.0 	0.0 	0.0 	0.0 	0.0 	0.0 	0.0 	0.0 	0.0 	0.0 	0.0 	0.0 	0.0 	0.0 	0.0 	0.0 	0.0 	0.0 	0.0 
AlphaZ	0	0.0 	0.0 	0.0 	0.0 	0.0 	0.0 	0.0 	0.0 	0.0 	0.0 	0.0 	0.0 	0.0 	0.0 	0.0 	0.0 	0.0 	0.0 	0.0 	0.0 	0.0 	0.0 	0.0 	0.0 	0.0 	0.0 	0.0 	0.0 	0.0 	0.0 	0.0 	0.0 	0.0 	0.0 	0.0 	0.0 	0.0 	0.0 	0.0 	0.0 	0.0 	0.0 	0.0 	0.0 	0.0 	0.0 	0.0 	0.0 	0.0 	0.0 	0.0 	0.0 	0.0 	0.0 	0.0 	0.0 	0.0 	0.0 	0.0 	0.0 	0.0 	0.0 	0.0 	0.0 	0.0 	0.0 	0.0 	0.0 	0.0 	0.0 	0.0 	0.0 	0.0 	0.0 	0.0 	0.0 	0.0 	0.0 	0.0 	0.0 	0.0 	0.0 	0.0 	0.0 	0.0 	0.0 	0.0 	0.0 	0.0 	0.0 	0.0 	0.0 	0.0 	0.0 	0.0 	0.0 	0.0 	0.0 	0.0 	0.0 	0.0 
PartSeries /parm/Part1
X	8.3266726846887e-17	8.3266726846887e-17	8.3266726846887e-17	8.3266726846887e-17	8.3266726846887e-17	8.3266726846887e-17	8.3266726846887e-17	8.3266726846887e-17	8.3266726846887e-17	8.3266726846887e-17	8.3266726846887e-17	8.3266726846887e-17	8.3266726846887e-17	8.3266726846887e-17	8.3266726846887e-17	8.3266726846887e-17	8.3266726846887e-17	8.3266726846887e-17	8.3266726846887e-17	8.3266726846887e-17	8.3266726846887e-17	8.3266726846887e-17	8.3266726846887e-17	8.3266726846887e-17	8.3266726846887e-17	8.3266726846887e-17	8.3266726846887e-17	8.3266726846887e-17	8.3266726846887e-17	8.3266726846887e-17	8.3266726846887e-17	8.3266726846887e-17	8.3266726846887e-17	8.3266726846887e-17	8.3266726846887e-17	8.3266726846887e-17	8.3266726846887e-17	8.3266726846887e-17	8.3266726846887e-17	8.3266726846887e-17	8.3266726846887e-17	8.3266726846887e-17	8.3266726846887e-17	8.3266726846887e-17	8.3266726846887e-17	8.3266726846887e-17	8.3266726846887e-17	8.3266726846887e-17	8.3266726846887e-17	8.3266726846887e-17	8.3266726846887e-17	8.3266726846887e-17	8.3266726846887e-17	8.3266726846887e-17	8.3266726846887e-17	8.3266726846887e-17	8.3266726846887e-17	8.3266726846887e-17	8.3266726846887e-17	8.3266726846887e-17	8.3266726846887e-17	8.3266726846887e-17	8.3266726846887e-17	8.3266726846887e-17	8.3266726846887e-17	8.3266726846887e-17	8.3266726846887e-17	8.3266726846887e-17	8.3266726846887e-17	8.3266726846887e-17	8.3266726846887e-17	8.3266726846887e-17	8.3266726846887e-17	8.3266726846887e-17	8.3266726846887e-17	8.3266726846887e-17	8.3266726846887e-17	8.3266726846887e-17	8.3266726846887e-17	8.3266726846887e-17	8.3266726846887e-17	8.3266726846887e-17	8.3266726846887e-17	8.3266726846887e-17	8.3266726846887e-17	8.3266726846887e-17	8.3266726846887e-17	8.3266726846887e-17	8.3266726846887e-17	8.3266726846887e-17	8.3266726846887e-17	8.3266726846887e-17	8.3266726846887e-17	8.3266726846887e-17	8.3266726846887e-17	8.3266726846887e-17	8.3266726846887e-17	8.3266726846887e-17	8.3266726846887e-17	8.3266726846887e-17	8.3266726846887e-17	8.3266726846887e-17
Y	0.0 	0.0 	0.0 	0.0 	0.0 	0.0 	0.0 	0.0 	0.0 	0.0 	0.0 	0.0 	0.0 	0.0 	0.0 	0.0 	0.0 	0.0 	0.0 	0.0 	0.0 	0.0 	0.0 	0.0 	0.0 	0.0 	0.0 	0.0 	0.0 	0.0 	0.0 	0.0 	0.0 	0.0 	0.0 	0.0 	0.0 	0.0 	0.0 	0.0 	0.0 	0.0 	0.0 	0.0 	0.0 	0.0 	0.0 	0.0 	0.0 	0.0 	0.0 	0.0 	0.0 	0.0 	0.0 	0.0 	0.0 	0.0 	0.0 	0.0 	0.0 	0.0 	0.0 	0.0 	0.0 	0.0 	0.0 	0.0 	0.0 	0.0 	0.0 	0.0 	0.0 	0.0 	0.0 	0.0 	0.0 	0.0 	0.0 	0.0 	0.0 	0.0 	0.0 	0.0 	0.0 	0.0 	0.0 	0.0 	0.0 	0.0 	0.0 	0.0 	0.0 	0.0 	0.0 	0.0 	0.0 	0.0 	0.0 	0.0 	0.0 	0.0 
Z	-3.4694469519536e-18	-3.4694469519536e-18	-3.4694469519536e-18	-3.4694469519536e-18	-3.4694469519536e-18	-3.4694469519536e-18	-3.4694469519536e-18	-3.4694469519536e-18	-3.4694469519536e-18	-3.4694469519536e-18	-3.4694469519536e-18	-3.4694469519536e-18	-3.4694469519536e-18	-3.4694469519536e-18	-3.4694469519536e-18	-3.4694469519536e-18	-3.4694469519536e-18	-3.4694469519536e-18	-3.4694469519536e-18	-3.4694469519536e-18	-3.4694469519536e-18	-3.4694469519536e-18	-3.4694469519536e-18	-3.4694469519536e-18	-3.4694469519536e-18	-3.4694469519536e-18	-3.4694469519536e-18	-3.4694469519536e-18	-3.4694469519536e-18	-3.4694469519536e-18	-3.4694469519536e-18	-3.4694469519536e-18	-3.4694469519536e-18	-3.4694469519536e-18	-3.4694469519536e-18	-3.4694469519536e-18	-3.4694469519536e-18	-3.4694469519536e-18	-3.4694469519536e-18	-3.4694469519536e-18	-3.4694469519536e-18	-3.4694469519536e-18	-3.4694469519536e-18	-3.4694469519536e-18	-3.4694469519536e-18	-3.4694469519536e-18	-3.4694469519536e-18	-3.4694469519536e-18	-3.4694469519536e-18	-3.4694469519536e-18	-3.4694469519536e-18	-3.4694469519536e-18	-3.4694469519536e-18	-3.4694469519536e-18	-3.4694469519536e-18	-3.4694469519536e-18	-3.4694469519536e-18	-3.4694469519536e-18	-3.4694469519536e-18	-3.4694469519536e-18	-3.4694469519536e-18	-3.4694469519536e-18	-3.4694469519536e-18	-3.4694469519536e-18	-3.4694469519536e-18	-3.4694469519536e-18	-3.4694469519536e-18	-3.4694469519536e-18	-3.4694469519536e-18	-3.4694469519536e-18	-3.4694469519536e-18	-3.4694469519536e-18	-3.4694469519536e-18	-3.4694469519536e-18	-3.4694469519536e-18	-3.4694469519536e-18	-3.4694469519536e-18	-3.4694469519536e-18	-3.4694469519536e-18	-3.4694469519536e-18	-3.4694469519536e-18	-3.4694469519536e-18	-3.4694469519536e-18	-3.4694469519536e-18	-3.4694469519536e-18	-3.4694469519536e-18	-3.4694469519536e-18	-3.4694469519536e-18	-3.4694469519536e-18	-3.4694469519536e-18	-3.4694469519536e-18	-3.4694469519536e-18	-3.4694469519536e-18	-3.4694469519536e-18	-3.4694469519536e-18	-3.4694469519536e-18	-3.4694469519536e-18	-3.4694469519536e-18	-3.4694469519536e-18	-3.4694469519536e-18	-3.4694469519536e-18	-3.4694469519536e-18
Bryantx	-4.7184478546569e-16	-4.7184478546569e-16	-4.7184478546569e-16	-4.7184478546569e-16	-4.7184478546569e-16	-4.7184478546569e-16	-4.7184478546569e-16	-4.7184478546569e-16	-4.7184478546569e-16	-4.7184478546569e-16	-4.7184478546569e-16	-4.7184478546569e-16	-4.7184478546569e-16	-4.7184478546569e-16	-4.7184478546569e-16	-4.7184478546569e-16	-4.7184478546569e-16	-4.7184478546569e-16	-4.7184478546569e-16	-4.7184478546569e-16	-4.7184478546569e-16	-4.7184478546569e-16	-4.7184478546569e-16	-4.7184478546569e-16	-4.7184478546569e-16	-4.7184478546569e-16	-4.7184478546569e-16	-4.7184478546569e-16	-4.7184478546569e-16	-4.7184478546569e-16	-4.7184478546569e-16	-4.7184478546569e-16	-4.7184478546569e-16	-4.7184478546569e-16	-4.7184478546569e-16	-4.7184478546569e-16	-4.7184478546569e-16	-4.7184478546569e-16	-4.7184478546569e-16	-4.7184478546569e-16	-4.7184478546569e-16	-4.7184478546569e-16	-4.7184478546569e-16	-4.7184478546569e-16	-4.7184478546569e-16	-4.7184478546569e-16	-4.7184478546569e-16	-4.7184478546569e-16	-4.7184478546569e-16	-4.7184478546569e-16	-4.7184478546569e-16	-4.7184478546569e-16	-4.7184478546569e-16	-4.7184478546569e-16	-4.7184478546569e-16	-4.7184478546569e-16	-4.7184478546569e-16	-4.7184478546569e-16	-4.7184478546569e-16	-4.7184478546569e-16	-4.7184478546569e-16	-4.7184478546569e-16	-4.7184478546569e-16	-4.7184478546569e-16	-4.7184478546569e-16	-4.7184478546569e-16	-4.7184478546569e-16	-4.7184478546569e-16	-4.7184478546569e-16	-4.7184478546569e-16	-4.7184478546569e-16	-4.7184478546569e-16	-4.7184478546569e-16	-4.7184478546569e-16	-4.7184478546569e-16	-4.7184478546569e-16	-4.7184478546569e-16	-4.7184478546569e-16	-4.7184478546569e-16	-4.7184478546569e-16	-4.7184478546569e-16	-4.7184478546569e-16	-4.7184478546569e-16	-4.7184478546569e-16	-4.7184478546569e-16	-4.7184478546569e-16	-4.7184478546569e-16	-4.7184478546569e-16	-4.7184478546569e-16	-4.7184478546569e-16	-4.7184478546569e-16	-4.7184478546569e-16	-4.7184478546569e-16	-4.7184478546569e-16	-4.7184478546569e-16	-4.7184478546569e-16	-4.7184478546569e-16	-4.7184478546569e-16	-4.7184478546569e-16	-4.7184478546569e-16	-4.7184478546569e-16	-4.7184478546569e-16
Bryanty	2.3592239273285e-16	2.3592239273285e-16	2.3592239273285e-16	2.3592239273285e-16	2.3592239273285e-16	2.3592239273285e-16	2.3592239273285e-16	2.3592239273285e-16	2.3592239273285e-16	2.3592239273285e-16	2.3592239273285e-16	2.3592239273285e-16	2.3592239273285e-16	2.3592239273285e-16	2.3592239273285e-16	2.3592239273285e-16	2.3592239273285e-16	2.3592239273285e-16	2.3592239273285e-16	2.3592239273285e-16	2.3592239273285e-16	2.3592239273285e-16	2.3592239273285e-16	2.3592239273285e-16	2.3592239273285e-16	2.3592239273285e-16	2.3592239273285e-16	2.3592239273285e-16	2.3592239273285e-16	2.3592239273285e-16	2.3592239273285e-16	2.3592239273285e-16	2.3592239273285e-16	2.3592239273285e-16	2.3592239273285e-16	2.3592239273285e-16	2.3592239273285e-16	2.3592239273285e-16	2.3592239273285e-16	2.3592239273285e-16	2.3592239273285e-16	2.3592239273285e-16	2.3592239273285e-16	2.3592239273285e-16	2.3592239273285e-16	2.3592239273285e-16	2.3592239273285e-16	2.3592239273285e-16	2.3592239273285e-16	2.3592239273285e-16	2.3592239273285e-16	2.3592239273285e-16	2.3592239273285e-16	2.3592239273285e-16	2.3592239273285e-16	2.3592239273285e-16	2.3592239273285e-16	2.3592239273285e-16	2.3592239273285e-16	2.3592239273285e-16	2.3592239273285e-16	2.3592239273285e-16	2.3592239273285e-16	2.3592239273285e-16	2.3592239273285e-16	2.3592239273285e-16	2.3592239273285e-16	2.3592239273285e-16	2.3592239273285e-16	2.3592239273285e-16	2.3592239273285e-16	2.3592239273285e-16	2.3592239273285e-16	2.3592239273285e-16	2.3592239273285e-16	2.3592239273285e-16	2.3592239273285e-16	2.3592239273285e-16	2.3592239273285e-16	2.3592239273285e-16	2.3592239273285e-16	2.3592239273285e-16	2.3592239273285e-16	2.3592239273285e-16	2.3592239273285e-16	2.3592239273285e-16	2.3592239273285e-16	2.3592239273285e-16	2.3592239273285e-16	2.3592239273285e-16	2.3592239273285e-16	2.3592239273285e-16	2.3592239273285e-16	2.3592239273285e-16	2.3592239273285e-16	2.3592239273285e-16	2.3592239273285e-16	2.3592239273285e-16	2.3592239273285e-16	2.3592239273285e-16	2.3592239273285e-16	2.3592239273285e-16
Bryantz	2.2204460492503e-16	2.2204460492503e-16	2.2204460492503e-16	2.2204460492503e-16	2.2204460492503e-16	2.2204460492503e-16	2.2204460492503e-16	2.2204460492503e-16	2.2204460492503e-16	2.2204460492503e-16	2.2204460492503e-16	2.2204460492503e-16	2.2204460492503e-16	2.2204460492503e-16	2.2204460492503e-16	2.2204460492503e-16	2.2204460492503e-16	2.2204460492503e-16	2.2204460492503e-16	2.2204460492503e-16	2.2204460492503e-16	2.2204460492503e-16	2.2204460492503e-16	2.2204460492503e-16	2.2204460492503e-16	2.2204460492503e-16	2.2204460492503e-16	2.2204460492503e-16	2.2204460492503e-16	2.2204460492503e-16	2.2204460492503e-16	2.2204460492503e-16	2.2204460492503e-16	2.2204460492503e-16	2.2204460492503e-16	2.2204460492503e-16	2.2204460492503e-16	2.2204460492503e-16	2.2204460492503e-16	2.2204460492503e-16	2.2204460492503e-16	2.2204460492503e-16	2.2204460492503e-16	2.2204460492503e-16	2.2204460492503e-16	2.2204460492503e-16	2.2204460492503e-16	2.2204460492503e-16	2.2204460492503e-16	2.2204460492503e-16	2.2204460492503e-16	2.2204460492503e-16	2.2204460492503e-16	2.2204460492503e-16	2.2204460492503e-16	2.2204460492503e-16	2.2204460492503e-16	2.2204460492503e-16	2.2204460492503e-16	2.2204460492503e-16	2.2204460492503e-16	2.2204460492503e-16	2.2204460492503e-16	2.2204460492503e-16	2.2204460492503e-16	2.2204460492503e-16	2.2204460492503e-16	2.2204460492503e-16	2.2204460492503e-16	2.2204460492503e-16	2.2204460492503e-16	2.2204460492503e-16	2.2204460492503e-16	2.2204460492503e-16	2.2204460492503e-16	2.2204460492503e-16	2.2204460492503e-16	2.2204460492503e-16	2.2204460492503e-16	2.2204460492503e-16	2.2204460492503e-16	2.2204460492503e-16	2.2204460492503e-16	2.2204460492503e-16	2.2204460492503e-16	2.2204460492503e-16	2.2204460492503e-16	2.2204460492503e-16	2.2204460492503e-16	2.2204460492503e-16	2.2204460492503e-16	2.2204460492503e-16	2.2204460492503e-16	2.2204460492503e-16	2.2204460492503e-16	2.2204460492503e-16	2.2204460492503e-16	2.2204460492503e-16	2.2204460492503e-16	2.2204460492503e-16	2.2204460492503e-16	2.2204460492503e-16
VX	0.0 	0.0 	0.0 	0.0 	0.0 	0.0 	0.0 	0.0 	0.0 	0.0 	0.0 	0.0 	0.0 	0.0 	0.0 	0.0 	0.0 	0.0 	0.0 	0.0 	0.0 	0.0 	0.0 	0.0 	0.0 	0.0 	0.0 	0.0 	0.0 	0.0 	0.0 	0.0 	0.0 	0.0 	0.0 	0.0 	0.0 	0.0 	0.0 	0.0 	0.0 	0.0 	0.0 	0.0 	0.0 	0.0 	0.0 	0.0 	0.0 	0.0 	0.0 	0.0 	0.0 	0.0 	0.0 	0.0 	0.0 	0.0 	0.0 	0.0 	0.0 	0.0 	0.0 	0.0 	0.0 	0.0 	0.0 	0.0 	0.0 	0.0 	0.0 	0.0 	0.0 	0.0 	0.0 	0.0 	0.0 	0.0 	0.0 	0.0 	0.0 	0.0 	0.0 	0.0 	0.0 	0.0 	0.0 	0.0 	0.0 	0.0 	0.0 	0.0 	0.0 	0.0 	0.0 	0.0 	0.0 	0.0 	0.0 	0.0 	0.0 	0.0 
VY	0.0 	0.0 	0.0 	0.0 	0.0 	0.0 	0.0 	0.0 	0.0 	0.0 	0.0 	0.0 	0.0 	0.0 	0.0 	0.0 	0.0 	0.0 	0.0 	0.0 	0.0 	0.0 	0.0 	0.0 	0.0 	0.0 	0.0 	0.0 	0.0 	0.0 	0.0 	0.0 	0.0 	0.0 	0.0 	0.0 	0.0 	0.0 	0.0 	0.0 	0.0 	0.0 	0.0 	0.0 	0.0 	0.0 	0.0 	0.0 	0.0 	0.0 	0.0 	0.0 	0.0 	0.0 	0.0 	0.0 	0.0 	0.0 	0.0 	0.0 	0.0 	0.0 	0.0 	0.0 	0.0 	0.0 	0.0 	0.0 	0.0 	0.0 	0.0 	0.0 	0.0 	0.0 	0.0 	0.0 	0.0 	0.0 	0.0 	0.0 	0.0 	0.0 	0.0 	0.0 	0.0 	0.0 	0.0 	0.0 	0.0 	0.0 	0.0 	0.0 	0.0 	0.0 	0.0 	0.0 	0.0 	0.0 	0.0 	0.0 	0.0 	0.0 
VZ	0.0 	0.0 	0.0 	0.0 	0.0 	0.0 	0.0 	0.0 	0.0 	0.0 	0.0 	0.0 	0.0 	0.0 	0.0 	0.0 	0.0 	0.0 	0.0 	0.0 	0.0 	0.0 	0.0 	0.0 	0.0 	0.0 	0.0 	0.0 	0.0 	0.0 	0.0 	0.0 	0.0 	0.0 	0.0 	0.0 	0.0 	0.0 	0.0 	0.0 	0.0 	0.0 	0.0 	0.0 	0.0 	0.0 	0.0 	0.0 	0.0 	0.0 	0.0 	0.0 	0.0 	0.0 	0.0 	0.0 	0.0 	0.0 	0.0 	0.0 	0.0 	0.0 	0.0 	0.0 	0.0 	0.0 	0.0 	0.0 	0.0 	0.0 	0.0 	0.0 	0.0 	0.0 	0.0 	0.0 	0.0 	0.0 	0.0 	0.0 	0.0 	0.0 	0.0 	0.0 	0.0 	0.0 	0.0 	0.0 	0.0 	0.0 	0.0 	0.0 	0.0 	0.0 	0.0 	0.0 	0.0 	0.0 	0.0 	0.0 	0.0 	0.0 
OmegaX	0.0 	0.0 	0.0 	0.0 	0.0 	0.0 	0.0 	0.0 	0.0 	0.0 	0.0 	0.0 	0.0 	0.0 	0.0 	0.0 	0.0 	0.0 	0.0 	0.0 	0.0 	0.0 	0.0 	0.0 	0.0 	0.0 	0.0 	0.0 	0.0 	0.0 	0.0 	0.0 	0.0 	0.0 	0.0 	0.0 	0.0 	0.0 	0.0 	0.0 	0.0 	0.0 	0.0 	0.0 	0.0 	0.0 	0.0 	0.0 	0.0 	0.0 	0.0 	0.0 	0.0 	0.0 	0.0 	0.0 	0.0 	0.0 	0.0 	0.0 	0.0 	0.0 	0.0 	0.0 	0.0 	0.0 	0.0 	0.0 	0.0 	0.0 	0.0 	0.0 	0.0 	0.0 	0.0 	0.0 	0.0 	0.0 	0.0 	0.0 	0.0 	0.0 	0.0 	0.0 	0.0 	0.0 	0.0 	0.0 	0.0 	0.0 	0.0 	0.0 	0.0 	0.0 	0.0 	0.0 	0.0 	0.0 	0.0 	0.0 	0.0 	0.0 
OmegaY	0.0 	0.0 	0.0 	0.0 	0.0 	0.0 	0.0 	0.0 	0.0 	0.0 	0.0 	0.0 	0.0 	0.0 	0.0 	0.0 	0.0 	0.0 	0.0 	0.0 	0.0 	0.0 	0.0 	0.0 	0.0 	0.0 	0.0 	0.0 	0.0 	0.0 	0.0 	0.0 	0.0 	0.0 	0.0 	0.0 	0.0 	0.0 	0.0 	0.0 	0.0 	0.0 	0.0 	0.0 	0.0 	0.0 	0.0 	0.0 	0.0 	0.0 	0.0 	0.0 	0.0 	0.0 	0.0 	0.0 	0.0 	0.0 	0.0 	0.0 	0.0 	0.0 	0.0 	0.0 	0.0 	0.0 	0.0 	0.0 	0.0 	0.0 	0.0 	0.0 	0.0 	0.0 	0.0 	0.0 	0.0 	0.0 	0.0 	0.0 	0.0 	0.0 	0.0 	0.0 	0.0 	0.0 	0.0 	0.0 	0.0 	0.0 	0.0 	0.0 	0.0 	0.0 	0.0 	0.0 	0.0 	0.0 	0.0 	0.0 	0.0 	0.0 
OmegaZ	0.0 	0.0 	0.0 	0.0 	0.0 	0.0 	0.0 	0.0 	0.0 	0.0 	0.0 	0.0 	0.0 	0.0 	0.0 	0.0 	0.0 	0.0 	0.0 	0.0 	0.0 	0.0 	0.0 	0.0 	0.0 	0.0 	0.0 	0.0 	0.0 	0.0 	0.0 	0.0 	0.0 	0.0 	0.0 	0.0 	0.0 	0.0 	0.0 	0.0 	0.0 	0.0 	0.0 	0.0 	0.0 	0.0 	0.0 	0.0 	0.0 	0.0 	0.0 	0.0 	0.0 	0.0 	0.0 	0.0 	0.0 	0.0 	0.0 	0.0 	0.0 	0.0 	0.0 	0.0 	0.0 	0.0 	0.0 	0.0 	0.0 	0.0 	0.0 	0.0 	0.0 	0.0 	0.0 	0.0 	0.0 	0.0 	0.0 	0.0 	0.0 	0.0 	0.0 	0.0 	0.0 	0.0 	0.0 	0.0 	0.0 	0.0 	0.0 	0.0 	0.0 	0.0 	0.0 	0.0 	0.0 	0.0 	0.0 	0.0 	0.0 	0.0 
AX	0	5.909305737243e-32	5.909305737243e-32	5.909305737243e-32	5.909305737243e-32	5.909305737243e-32	5.909305737243e-32	5.909305737243e-32	5.909305737243e-32	5.909305737243e-32	5.909305737243e-32	5.909305737243e-32	5.909305737243e-32	5.909305737243e-32	5.909305737243e-32	5.909305737243e-32	5.909305737243e-32	5.909305737243e-32	5.909305737243e-32	5.909305737243e-32	5.909305737243e-32	5.909305737243e-32	5.909305737243e-32	5.909305737243e-32	5.909305737243e-32	5.909305737243e-32	5.909305737243e-32	5.909305737243e-32	5.909305737243e-32	5.909305737243e-32	5.909305737243e-32	5.909305737243e-32	5.909305737243e-32	5.909305737243e-32	5.909305737243e-32	5.909305737243e-32	5.909305737243e-32	5.909305737243e-32	5.909305737243e-32	5.909305737243e-32	5.909305737243e-32	5.909305737243e-32	5.909305737243e-32	5.909305737243e-32	5.909305737243e-32	5.909305737243e-32	5.909305737243e-32	5.909305737243e-32	5.909305737243e-32	5.909305737243e-32	5.909305737243e-32	5.909305737243e-32	5.909305737243e-32	5.909305737243e-32	5.909305737243e-32	5.909305737243e-32	5.909305737243e-32	5.909305737243e-32	5.909305737243e-32	5.909305737243e-32	5.909305737243e-32	5.909305737243e-32	5.909305737243e-32	5.909305737243e-32	5.909305737243e-32	5.909305737243e-32	5.909305737243e-32	5.909305737243e-32	5.909305737243e-32	5.909305737243e-32	5.909305737243e-32	5.909305737243e-32	5.909305737243e-32	5.909305737243e-32	5.909305737243e-32	5.909305737243e-32	5.909305737243e-32	5.909305737243e-32	5.909305737243e-32	5.909305737243e-32	5.909305737243e-32	5.909305737243e-32	5.909305737243e-32	5.909305737243e-32	5.909305737243e-32	5.909305737243e-32	5.909305737243e-32	5.909305737243e-32	5.909305737243e-32	5.909305737243e-32	5.909305737243e-32	5.909305737243e-32	5.909305737243e-32	5.909305737243e-32	5.909305737243e-32	5.909305737243e-32	5.909305737243e-32	5.909305737243e-32	5.909305737243e-32	5.909305737243e-32	5.909305737243e-32	5.909305737243e-32
AY	0	-1.0911493159521e-31	-1.0911493159521e-31	-1.0911493159521e-31	-1.0911493159521e-31	-1.0911493159521e-31	-1.0911493159521e-31	-1.0911493159521e-31	-1.0911493159521e-31	-1.0911493159521e-31	-1.0911493159521e-31	-1.0911493159521e-31	-1.0911493159521e-31	-1.0911493159521e-31	-1.0911493159521e-31	-1.0911493159521e-31	-1.0911493159521e-31	-1.0911493159521e-31	-1.0911493159521e-31	-1.0911493159521e-31	-1.0911493159521e-31	-1.0911493159521e-31	-1.0911493159521e-31	-1.0911493159521e-31	-1.0911493159521e-31	-1.0911493159521e-31	-1.0911493159521e-31	-1.0911493159521e-31	-1.0911493159521e-31	-1.0911493159521e-31	-1.0911493159521e-31	-1.0911493159521e-31	-1.0911493159521e-31	-1.0911493159521e-31	-1.0911493159521e-31	-1.0911493159521e-31	-1.0911493159521e-31	-1.0911493159521e-31	-1.0911493159521e-31	-1.0911493159521e-31	-1.0911493159521e-31	-1.0911493159521e-31	-1.0911493159521e-31	-1.0911493159521e-31	-1.0911493159521e-31	-1.0911493159521e-31	-1.0911493159521e-31	-1.0911493159521e-31	-1.0911493159521e-31	-1.0911493159521e-31	-1.0911493159521e-31	-1.0911493159521e-31	-1.0911493159521e-31	-1.0911493159521e-31	-1.0911493159521e-31	-1.0911493159521e-31	-1.0911493159521e-31	-1.0911493159521e-31	-1.0911493159521e-31	-1.0911493159521e-31	-1.0911493159521e-31	-1.0911493159521e-31	-1.0911493159521e-31	-1.0911493159521e-31	-1.0911493159521e-31	-1.0911493159521e-31	-1.0911493159521e-31	-1.0911493159521e-31	-1.0911493159521e-31	-1.0911493159521e-31	-1.0911493159521e-31	-1.0911493159521e-31	-1.0911493159521e-31	-1.0911493159521e-31	-1.0911493159521e-31	-1.0911493159521e-31	-1.0911493159521e-31	-1.0911493159521e-31	-1.0911493159521e-31	-1.0911493159521e-31	-1.0911493159521e-31	-1.0911493159521e-31	-1.0911493159521e-31	-1.0911493159521e-31	-1.0911493159521e-31	-1.0911493159521e-31	-1.0911493159521e-31	-1.0911493159521e-31	-1.0911493159521e-31	-1.0911493159521e-31	-1.0911493159521e-31	-1.0911493159521e-31	-1.0911493159521e-31	-1.0911493159521e-31	-1.0911493159521e-31	-1.0911493159521e-31	-1.0911493159521e-31	-1.0911493159521e-31	-1.0911493159521e-31	-1.0911493159521e-31	-1.0911493159521e-31	-1.0911493159521e-31
