       1 1.727421e-18 3.055046e-03 2.500000e-02 1.000000e+00 0.000000e+00 0.000000e+00 0.000000e+00 1.000000e+00 0.000000e+00 0.000000e+00 0.000000e+00 1.000000e+00 0.000000e+00 0.000000e+00 0.000000e+00 0.000000e+00 0.000000e+00 0.000000e+00
       2 8.191198e-03 -5.628658e-03 4.303393e-02 5.735380e-01 3.287826e-05 8.191790e-01 -6.709837e-01 5.736798e-01 4.697578e-01 -4.699310e-01 -8.190797e-01 3.290492e-01 0.000000e+00 0.000000e+00 0.000000e+00 0.000000e+00 0.000000e+00 0.000000e+00
       1 1.727421e-18 3.055046e-03 2.500000e-02 1.000000e+00 0.000000e+00 0.000000e+00 0.000000e+00 1.000000e+00 0.000000e+00 0.000000e+00 0.000000e+00 1.000000e+00 0.000000e+00 0.000000e+00 0.000000e+00 0.000000e+00 0.000000e+00 0.000000e+00
       2 8.163483e-03 -6.070197e-03 4.290280e-02 5.743713e-01 1.247612e-03 8.185940e-01 -6.591528e-01 5.936741e-01 4.615936e-01 -4.854021e-01 -8.047046e-01 3.418117e-01 -5.543038e-03 -8.830775e-02 -2.622514e-02 4.924582e+00 -3.161008e-01 2.352320e-02
       1 1.727421e-18 3.055046e-03 2.500000e-02 1.000000e+00 0.000000e+00 0.000000e+00 0.000000e+00 1.000000e+00 0.000000e+00 0.000000e+00 0.000000e+00 1.000000e+00 0.000000e+00 6.505213e-17 0.000000e+00 0.000000e+00 0.000000e+00 0.000000e+00
       2 8.070516e-03 -7.350837e-03 4.245944e-02 5.776576e-01 5.117504e-03 8.162631e-01 -6.218208e-01 6.505881e-01 4.359748e-01 -5.288199e-01 -7.594136e-01 3.789993e-01 -1.255925e-02 -1.700191e-01 -5.994812e-02 9.671220e+00 -7.496133e-01 1.094925e-01
       1 1.727421e-18 3.055046e-03 2.500000e-02 1.000000e+00 0.000000e+00 0.000000e+00 0.000000e+00 1.000000e+00 0.000000e+00 0.000000e+00 0.000000e+00 1.000000e+00 0.000000e+00 6.505213e-17 0.000000e+00 0.000000e+00 0.000000e+00 0.000000e+00
       2 7.890401e-03 -9.339774e-03 4.156835e-02 5.844421e-01 1.238931e-02 8.113409e-01 -5.555041e-01 7.349483e-01 3.889296e-01 -5.914750e-01 -6.780099e-01 4.364170e-01 -2.236888e-02 -2.343085e-01 -1.114951e-01 1.391348e+01 -1.380866e+00 1.313828e-01
       1 1.727421e-18 3.055046e-03 2.500000e-02 1.000000e+00 0.000000e+00 0.000000e+00 0.000000e+00 1.000000e+00 0.000000e+00 0.000000e+00 0.000000e+00 1.000000e+00 0.000000e+00 6.505213e-17 0.000000e+00 0.000000e+00 0.000000e+00 0.000000e+00
       2 7.598250e-03 -1.180807e-02 4.006108e-02 5.954720e-01 2.399595e-02 8.030176e-01 -4.583696e-01 8.310414e-01 3.150674e-01 -6.597806e-01 -5.556927e-01 5.058609e-01 -3.481695e-02 -2.707979e-01 -1.815363e-01 1.737630e+01 -2.182108e+00 -1.032906e-01
       1 1.727421e-18 3.055046e-03 2.500000e-02 1.000000e+00 0.000000e+00 0.000000e+00 0.000000e+00 1.000000e+00 0.000000e+00 0.000000e+00 0.000000e+00 1.000000e+00 0.000000e+00 6.505213e-17 0.000000e+00 0.000000e+00 0.000000e+00 0.000000e+00
       2 7.173451e-03 -1.443145e-02 3.781697e-02 6.119815e-01 4.027812e-02 7.898458e-01 -3.329290e-01 9.190204e-01 2.110918e-01 -7.173820e-01 -3.921468e-01 5.758332e-01 -4.911225e-02 -2.700917e-01 -2.612519e-01 1.988766e+01 -3.107556e+00 -6.057137e-01
       1 1.727421e-18 3.055046e-03 2.500000e-02 1.000000e+00 0.000000e+00 0.000000e+00 0.000000e+00 1.000000e+00 0.000000e+00 0.000000e+00 0.000000e+00 1.000000e+00 0.000000e+00 6.505213e-17 0.000000e+00 0.000000e+00 0.000000e+00 0.000000e+00
       2 6.602548e-03 -1.683678e-02 3.484526e-02 6.369359e-01 6.017229e-02 7.685649e-01 -1.874830e-01 9.791086e-01 7.871741e-02 -7.477719e-01 -1.942308e-01 6.349107e-01 -6.439553e-02 -2.296308e-01 -3.335518e-01 2.140589e+01 -4.304282e+00 -1.211182e+00
       1 1.727421e-18 3.055046e-03 2.500000e-02 1.000000e+00 0.000000e+00 0.000000e+00 0.000000e+00 1.000000e+00 0.000000e+00 0.000000e+00 0.000000e+00 1.000000e+00 0.000000e+00 6.505213e-17 0.000000e+00 0.000000e+00 0.000000e+00 0.000000e+00
       2 5.899973e-03 -1.869610e-02 3.129651e-02 6.704346e-01 8.190897e-02 7.374336e-01 -3.798323e-02 9.963736e-01 -7.613792e-02 -7.409957e-01 2.303539e-02 6.711145e-01 -7.684110e-02 -1.586319e-01 -3.837278e-01 2.183797e+01 -5.260082e+00 -2.224903e+00
       1 1.727421e-18 3.055046e-03 2.500000e-02 1.000000e+00 0.000000e+00 0.000000e+00 0.000000e+00 1.000000e+00 0.000000e+00 0.000000e+00 0.000000e+00 1.000000e+00 0.000000e+00 6.505213e-17 0.000000e+00 0.000000e+00 0.000000e+00 0.000000e+00
       2 5.107649e-03 -1.979823e-02 2.743763e-02 7.094232e-01 1.035395e-01 6.971358e-01 9.707195e-02 9.653679e-01 -2.421606e-01 -6.980657e-01 2.394667e-01 6.748036e-01 -8.371981e-02 -7.235245e-02 -4.013935e-01 2.119844e+01 -5.509607e+00 -3.549683e+00
       1 1.727421e-18 3.055046e-03 2.500000e-02 1.000000e+00 0.000000e+00 0.000000e+00 0.000000e+00 1.000000e+00 0.000000e+00 0.000000e+00 0.000000e+00 1.000000e+00 0.000000e+00 6.505213e-17 0.000000e+00 0.000000e+00 0.000000e+00 0.000000e+00
       2 4.233929e-03 -2.010492e-02 2.363394e-02 7.574125e-01 1.212184e-01 6.415859e-01 2.016997e-01 8.911193e-01 -4.064770e-01 -6.210020e-01 4.372785e-01 6.504952e-01 -9.144185e-02 9.102576e-03 -3.776099e-01 1.977237e+01 -6.697411e+00 -4.886484e+00
       1 1.727421e-18 3.055046e-03 2.500000e-02 1.000000e+00 0.000000e+00 0.000000e+00 0.000000e+00 1.000000e+00 0.000000e+00 0.000000e+00 0.000000e+00 1.000000e+00 0.000000e+00 6.505213e-17 0.000000e+00 0.000000e+00 0.000000e+00 0.000000e+00
       2 3.325677e-03 -1.974053e-02 2.017803e-02 8.088229e-01 1.334167e-01 5.727177e-01 2.645477e-01 7.872508e-01 -5.570016e-01 -5.251858e-01 6.020267e-01 6.014513e-01 -9.255179e-02 6.999284e-02 -3.282016e-01 1.748048e+01 -6.764991e+00 -6.204711e+00
       1 1.727421e-18 3.055046e-03 2.500000e-02 1.000000e+00 0.000000e+00 0.000000e+00 0.000000e+00 1.000000e+00 0.000000e+00 0.000000e+00 0.000000e+00 1.000000e+00 0.000000e+00 6.505213e-17 0.000000e+00 0.000000e+00 0.000000e+00 0.000000e+00
       2 2.448515e-03 -1.893033e-02 1.727682e-02 8.552658e-01 1.409932e-01 4.986395e-01 2.867222e-01 6.727851e-01 -6.820194e-01 -4.316374e-01 7.262789e-01 5.349842e-01 -8.616164e-02 1.033111e-01 -2.623861e-01 1.436805e+01 -5.499777e+00 -6.956451e+00
       1 1.727421e-18 3.055046e-03 2.500000e-02 1.000000e+00 0.000000e+00 0.000000e+00 0.000000e+00 1.000000e+00 0.000000e+00 0.000000e+00 0.000000e+00 1.000000e+00 0.000000e+00 6.505213e-17 0.000000e+00 0.000000e+00 0.000000e+00 0.000000e+00
       2 1.585069e-03 -1.797155e-02 1.507473e-02 8.986382e-01 1.424507e-01 4.149182e-01 2.701493e-01 5.655052e-01 -7.792453e-01 -3.456424e-01 8.123495e-01 4.697016e-01 -8.565890e-02 1.033068e-01 -1.852540e-01 1.084692e+01 -5.580442e+00 -7.948547e+00
       1 1.727421e-18 3.055046e-03 2.500000e-02 1.000000e+00 0.000000e+00 0.000000e+00 0.000000e+00 1.000000e+00 0.000000e+00 0.000000e+00 0.000000e+00 1.000000e+00 0.000000e+00 6.505210e-17 0.000000e+00 0.000000e+00 0.000000e+00 0.000000e+00
       2 7.522285e-04 -1.713479e-02 1.360557e-02 9.354439e-01 1.388092e-01 3.250795e-01 2.232873e-01 4.808940e-01 -8.478701e-01 -2.740210e-01 8.657211e-01 4.188550e-01 -8.175374e-02 7.757388e-02 -1.102682e-01 6.861279e+00 -5.211018e+00 -8.293475e+00
       1 1.727421e-18 3.055046e-03 2.500000e-02 1.000000e+00 0.000000e+00 0.000000e+00 0.000000e+00 1.000000e+00 0.000000e+00 0.000000e+00 0.000000e+00 1.000000e+00 0.000000e+00 6.505190e-17 0.000000e+00 0.000000e+00 0.000000e+00 0.000000e+00
       2 -2.792179e-05 -1.663172e-02 1.285978e-02 9.630567e-01 1.319665e-01 2.347479e-01 1.577170e-01 4.301717e-01 -8.888631e-01 -2.182821e-01 8.930493e-01 3.934664e-01 -7.538053e-02 3.362301e-02 -3.841160e-02 2.435665e+00 -4.663618e+00 -8.077132e+00
       1 1.727421e-18 3.055046e-03 2.500000e-02 1.000000e+00 0.000000e+00 0.000000e+00 0.000000e+00 1.000000e+00 0.000000e+00 0.000000e+00 0.000000e+00 1.000000e+00 0.000000e+00 6.505019e-17 0.000000e+00 0.000000e+00 0.000000e+00 0.000000e+00
       2 -7.482069e-04 -1.659066e-02 1.282666e-02 9.816335e-01 1.227168e-01 1.460696e-01 8.209017e-02 4.194474e-01 -9.040603e-01 -1.722119e-01 8.994467e-01 4.016698e-01 -6.903524e-02 -1.899361e-02 3.232177e-02 -2.099993e+00 -4.565430e+00 -7.661727e+00
       1 1.727421e-18 3.055046e-03 2.500000e-02 1.000000e+00 0.000000e+00 0.000000e+00 0.000000e+00 1.000000e+00 0.000000e+00 0.000000e+00 0.000000e+00 1.000000e+00 0.000000e+00 6.503543e-17 0.000000e+00 0.000000e+00 0.000000e+00 0.000000e+00
       2 -1.399532e-03 -1.703424e-02 1.351628e-02 9.919483e-01 1.113096e-01 6.040416e-02 3.839569e-03 4.503117e-01 -8.928632e-01 -1.265849e-01 8.859061e-01 4.462585e-01 -6.168446e-02 -6.859121e-02 1.050989e-01 -6.610219e+00 -4.809492e+00 -7.039428e+00
       1 1.727421e-18 3.055046e-03 2.500000e-02 1.000000e+00 0.000000e+00 0.000000e+00 0.000000e+00 1.000000e+00 0.000000e+00 0.000000e+00 0.000000e+00 1.000000e+00 0.000000e+00 6.490884e-17 0.000000e+00 0.000000e+00 0.000000e+00 0.000000e+00
       2 -1.966385e-03 -1.786917e-02 1.495878e-02 9.950202e-01 9.734520e-02 -2.141712e-02 -6.916619e-02 5.196267e-01 -8.515892e-01 -7.176921e-02 8.488298e-01 5.237721e-01 -5.246176e-02 -1.030602e-01 1.818953e-01 -1.087959e+01 -5.390779e+00 -6.138522e+00
       1 1.727421e-18 3.055046e-03 2.500000e-02 1.000000e+00 0.000000e+00 0.000000e+00 0.000000e+00 1.000000e+00 0.000000e+00 0.000000e+00 0.000000e+00 1.000000e+00 0.000000e+00 6.382233e-17 0.000000e+00 0.000000e+00 0.000000e+00 0.000000e+00
       2 -2.429428e-03 -1.889061e-02 1.717422e-02 9.918686e-01 7.996477e-02 -9.900625e-02 -1.272639e-01 6.188495e-01 -7.751318e-01 -7.132676e-04 7.814288e-01 6.239940e-01 -4.111383e-02 -1.114687e-01 2.601901e-01 -1.463800e+01 -6.190228e+00 -4.895232e+00
       1 1.727421e-18 3.055046e-03 2.500000e-02 1.000000e+00 0.000000e+00 0.000000e+00 0.000000e+00 1.000000e+00 0.000000e+00 0.000000e+00 0.000000e+00 1.000000e+00 0.000000e+00 5.449723e-17 0.000000e+00 0.000000e+00 0.000000e+00 0.000000e+00
       2 -2.765902e-03 -1.981377e-02 2.012513e-02 9.834612e-01 5.841718e-02 -1.714393e-01 -1.587420e-01 7.337675e-01 -6.605954e-01 8.720645e-02 6.768845e-01 7.309052e-01 -2.731892e-02 -8.740229e-02 3.318643e-01 -1.764351e+01 -6.878551e+00 -3.171113e+00
       1 1.727421e-18 3.055046e-03 2.500000e-02 1.000000e+00 0.000000e+00 0.000000e+00 0.000000e+00 1.000000e+00 0.000000e+00 0.000000e+00 0.000000e+00 1.000000e+00 0.000000e+00 3.951606e-17 0.000000e+00 0.000000e+00 0.000000e+00 0.000000e+00
       2 -2.961315e-03 -2.033419e-02 2.367669e-02 9.708069e-01 3.248851e-02 -2.376522e-01 -1.533820e-01 8.458248e-01 -5.109347e-01 1.844126e-01 5.324705e-01 8.261157e-01 -1.248821e-02 -3.190590e-02 3.851883e-01 -1.973565e+01 -7.108428e+00 -1.086584e+00
       1 1.727421e-18 3.055046e-03 2.500000e-02 1.000000e+00 0.000000e+00 0.000000e+00 0.000000e+00 1.000000e+00 0.000000e+00 0.000000e+00 0.000000e+00 1.000000e+00 0.000000e+00 6.819764e-17 0.000000e+00 0.000000e+00 0.000000e+00 0.000000e+00
       2 -3.035348e-03 -2.020191e-02 2.758252e-02 9.541416e-01 2.326496e-03 -2.993467e-01 -1.076518e-01 9.357405e-01 -3.358583e-01 2.793295e-01 3.526816e-01 8.930794e-01 -1.334291e-03 4.586374e-02 4.082972e-01 -2.088666e+01 -7.028426e+00 8.526903e-01
       1 1.727421e-18 3.055046e-03 2.500000e-02 1.000000e+00 0.000000e+00 0.000000e+00 0.000000e+00 1.000000e+00 0.000000e+00 0.000000e+00 0.000000e+00 1.000000e+00 0.000000e+00 9.264016e-17 0.000000e+00 0.000000e+00 0.000000e+00 0.000000e+00
       2 -3.021671e-03 -1.929621e-02 3.152118e-02 9.335054e-01 -3.060439e-02 -3.572550e-01 -2.530654e-02 9.882428e-01 -1.507841e-01 3.576693e-01 1.497986e-01 9.217554e-01 5.753135e-03 1.292410e-01 3.955070e-01 -2.107857e+01 -6.463034e+00 2.480797e+00
       1 1.727421e-18 3.055046e-03 2.500000e-02 1.000000e+00 0.000000e+00 0.000000e+00 0.000000e+00 1.000000e+00 0.000000e+00 0.000000e+00 0.000000e+00 1.000000e+00 0.000000e+00 4.127538e-17 0.000000e+00 0.000000e+00 0.000000e+00 0.000000e+00
       2 -2.938840e-03 -1.765865e-02 3.517523e-02 9.109645e-01 -6.318463e-02 -4.076168e-01 8.139979e-02 9.963026e-01 2.748000e-02 4.043734e-01 -5.821323e-02 9.127395e-01 1.174083e-02 2.003496e-01 3.511751e-01 -2.031358e+01 -4.946267e+00 3.614418e+00
       1 1.727421e-18 3.055046e-03 2.500000e-02 1.000000e+00 0.000000e+00 0.000000e+00 0.000000e+00 1.000000e+00 0.000000e+00 0.000000e+00 0.000000e+00 1.000000e+00 0.000000e+00 7.783042e-17 0.000000e+00 0.000000e+00 0.000000e+00 0.000000e+00
       2 -2.840564e-03 -1.547962e-02 3.827828e-02 8.867786e-01 -9.364047e-02 -4.526093e-01 1.962323e-01 9.628984e-01 1.852554e-01 4.184694e-01 -2.530970e-01 8.722530e-01 1.059981e-02 2.449760e-01 2.827541e-01 -1.875815e+01 -3.875494e+00 4.131337e+00
       1 1.727421e-18 3.055046e-03 2.500000e-02 1.000000e+00 0.000000e+00 0.000000e+00 0.000000e+00 1.000000e+00 0.000000e+00 0.000000e+00 0.000000e+00 1.000000e+00 0.000000e+00 4.839474e-17 0.000000e+00 0.000000e+00 0.000000e+00 0.000000e+00
       2 -2.764656e-03 -1.304977e-02 4.068630e-02 8.616379e-01 -1.203266e-01 -4.930535e-01 3.050362e-01 8.992198e-01 3.136186e-01 4.056268e-01 -4.206248e-01 8.115058e-01 6.472507e-03 2.555255e-01 2.060519e-01 -1.650141e+01 -2.993910e+00 4.124643e+00
       1 1.727421e-18 3.055046e-03 2.500000e-02 1.000000e+00 0.000000e+00 0.000000e+00 0.000000e+00 1.000000e+00 0.000000e+00 0.000000e+00 0.000000e+00 1.000000e+00 0.000000e+00 6.073658e-17 0.000000e+00 0.000000e+00 0.000000e+00 0.000000e+00
       2 -2.708261e-03 -1.068094e-02 4.239491e-02 8.390744e-01 -1.413869e-01 -5.253226e-01 3.955340e-01 8.215299e-01 4.106599e-01 3.735063e-01 -5.523572e-01 7.452480e-01 4.663718e-03 2.338325e-01 1.358894e-01 -1.355705e+01 -1.777685e+00 3.501224e+00
       1 1.727421e-18 3.055046e-03 2.500000e-02 1.000000e+00 0.000000e+00 0.000000e+00 0.000000e+00 1.000000e+00 0.000000e+00 0.000000e+00 0.000000e+00 1.000000e+00 0.000000e+00 7.734498e-17 0.000000e+00 0.000000e+00 0.000000e+00 0.000000e+00
       2 -2.680956e-03 -8.663164e-03 4.348681e-02 8.200287e-01 -1.568422e-01 -5.504121e-01 4.632923e-01 7.465631e-01 4.774974e-01 3.360256e-01 -6.465633e-01 6.848670e-01 1.276127e-03 1.842247e-01 7.835441e-02 -1.006935e+01 -1.124383e+00 2.790677e+00
       1 1.727421e-18 3.055046e-03 2.500000e-02 1.000000e+00 0.000000e+00 0.000000e+00 0.000000e+00 1.000000e+00 0.000000e+00 0.000000e+00 0.000000e+00 1.000000e+00 0.000000e+00 7.676504e-17 0.000000e+00 0.000000e+00 0.000000e+00 0.000000e+00
       2 -2.680422e-03 -7.221929e-03 4.409605e-02 8.053843e-01 -1.670477e-01 -5.687278e-01 5.081319e-01 6.886142e-01 5.173127e-01 3.052181e-01 -7.056242e-01 6.394813e-01 -1.285270e-03 1.152964e-01 3.679208e-02 -6.144164e+00 -7.223827e-01 1.923242e+00
       1 1.727421e-18 3.055046e-03 2.500000e-02 1.000000e+00 0.000000e+00 0.000000e+00 0.000000e+00 1.000000e+00 0.000000e+00 0.000000e+00 0.000000e+00 1.000000e+00 0.000000e+00 9.011537e-17 0.000000e+00 0.000000e+00 0.000000e+00 0.000000e+00
       2 -2.696761e-03 -6.505930e-03 4.434943e-02 7.962949e-01 -1.723165e-01 -5.798461e-01 5.311042e-01 6.580044e-01 5.338151e-01 2.895561e-01 -7.330329e-01 6.154836e-01 -2.477415e-03 3.533817e-02 7.543855e-03 -1.881638e+00 -3.863168e-01 9.326265e-01
       1 1.727421e-18 3.055046e-03 2.500000e-02 1.000000e+00 0.000000e+00 0.000000e+00 0.000000e+00 1.000000e+00 0.000000e+00 0.000000e+00 0.000000e+00 1.000000e+00 0.000000e+00 6.391404e-17 0.000000e+00 0.000000e+00 0.000000e+00 0.000000e+00
       2 -2.724048e-03 -6.590685e-03 4.431690e-02 7.934151e-01 -1.728918e-01 -5.836102e-01 5.330952e-01 6.601367e-01 5.291777e-01 2.937721e-01 -7.309774e-01 6.159302e-01 -3.276266e-03 -4.851322e-02 -1.754865e-02 2.536885e+00 -1.121829e-01 -1.125776e-01
       1 1.727421e-18 3.055046e-03 2.500000e-02 1.000000e+00 0.000000e+00 0.000000e+00 0.000000e+00 1.000000e+00 0.000000e+00 0.000000e+00 0.000000e+00 1.000000e+00 0.000000e+00 5.115932e-17 0.000000e+00 0.000000e+00 0.000000e+00 0.000000e+00
       2 -2.762555e-03 -7.478096e-03 4.398543e-02 7.969874e-01 -1.687204e-01 -5.799522e-01 5.133895e-01 6.950642e-01 5.033060e-01 3.181860e-01 -6.988699e-01 6.405767e-01 -4.411527e-03 -1.288739e-01 -4.809379e-02 6.898519e+00 2.001399e-01 -1.174419e+00
       1 1.727421e-18 3.055046e-03 2.500000e-02 1.000000e+00 0.000000e+00 0.000000e+00 0.000000e+00 1.000000e+00 0.000000e+00 0.000000e+00 0.000000e+00 1.000000e+00 0.000000e+00 7.832346e-17 0.000000e+00 0.000000e+00 0.000000e+00 0.000000e+00
       2 -2.819429e-03 -9.088001e-03 4.326086e-02 8.066669e-01 -1.595163e-01 -5.690721e-01 4.699217e-01 7.570604e-01 4.539087e-01 3.584162e-01 -6.335724e-01 6.856558e-01 -6.605803e-03 -1.971153e-01 -9.211099e-02 1.095487e+01 6.337012e-01 -2.169230e+00
       1 1.727421e-18 3.055046e-03 2.500000e-02 1.000000e+00 0.000000e+00 0.000000e+00 0.000000e+00 1.000000e+00 0.000000e+00 0.000000e+00 0.000000e+00 1.000000e+00 0.000000e+00 3.670663e-17 0.000000e+00 0.000000e+00 0.000000e+00 0.000000e+00
       2 -2.906798e-03 -1.124665e-02 4.200186e-02 8.212744e-01 -1.450583e-01 -5.517847e-01 4.011026e-01 8.345889e-01 3.775951e-01 4.057401e-01 -5.314315e-01 7.436098e-01 -1.026165e-02 -2.433021e-01 -1.526215e-01 1.445960e+01 1.221270e+00 -2.941269e+00
       1 1.727421e-18 3.055046e-03 2.500000e-02 1.000000e+00 0.000000e+00 0.000000e+00 0.000000e+00 1.000000e+00 0.000000e+00 0.000000e+00 0.000000e+00 1.000000e+00 0.000000e+00 3.474904e-17 0.000000e+00 0.000000e+00 0.000000e+00 0.000000e+00
       2 -3.036173e-03 -1.368749e-02 4.008093e-02 8.388907e-01 -1.255574e-01 -5.296204e-01 3.082151e-01 9.115762e-01 2.720886e-01 4.486266e-01 -3.914896e-01 8.034115e-01 -1.503792e-02 -2.581932e-01 -2.251902e-01 1.721465e+01 1.915058e+00 -3.331469e+00
       1 1.727421e-18 3.055046e-03 2.500000e-02 1.000000e+00 0.000000e+00 0.000000e+00 0.000000e+00 1.000000e+00 0.000000e+00 0.000000e+00 0.000000e+00 1.000000e+00 0.000000e+00 7.121271e-17 0.000000e+00 0.000000e+00 0.000000e+00 0.000000e+00
       2 -3.207034e-03 -1.608050e-02 3.745522e-02 8.578050e-01 -1.017249e-01 -5.038081e-01 1.967132e-01 9.705632e-01 1.389639e-01 4.748415e-01 -2.183096e-01 8.525646e-01 -1.916029e-02 -2.369098e-01 -2.978100e-01 1.909867e+01 2.700041e+00 -3.338860e+00
       1 1.727421e-18 3.055046e-03 2.500000e-02 1.000000e+00 0.000000e+00 0.000000e+00 0.000000e+00 1.000000e+00 0.000000e+00 0.000000e+00 0.000000e+00 1.000000e+00 0.000000e+00 9.292556e-17 0.000000e+00 0.000000e+00 0.000000e+00 0.000000e+00
       2 -3.400095e-03 -1.809844e-02 3.421335e-02 8.770470e-01 -7.474678e-02 -4.745540e-01 7.665724e-02 9.969393e-01 -1.535335e-02 4.742492e-01 -2.291240e-02 8.800925e-01 -2.041613e-02 -1.830412e-01 -3.549955e-01 2.007336e+01 3.584944e+00 -2.986985e+00
       1 1.727421e-18 3.055046e-03 2.500000e-02 1.000000e+00 0.000000e+00 0.000000e+00 0.000000e+00 1.000000e+00 0.000000e+00 0.000000e+00 0.000000e+00 1.000000e+00 0.000000e+00 5.863397e-17 0.000000e+00 0.000000e+00 0.000000e+00 0.000000e+00
       2 -3.591759e-03 -1.949663e-02 3.056604e-02 8.951634e-01 -4.672591e-02 -4.432824e-01 -3.812479e-02 9.828198e-01 -1.805871e-01 4.441048e-01 1.785550e-01 8.780029e-01 -1.909659e-02 -1.088305e-01 -3.850022e-01 2.014370e+01 4.161874e+00 -2.152030e+00
       1 1.727421e-18 3.055046e-03 2.500000e-02 1.000000e+00 0.000000e+00 0.000000e+00 0.000000e+00 1.000000e+00 0.000000e+00 0.000000e+00 0.000000e+00 1.000000e+00 0.000000e+00 8.802186e-17 0.000000e+00 0.000000e+00 0.000000e+00 0.000000e+00
       2 -3.748141e-03 -2.016647e-02 2.680694e-02 9.117077e-01 -1.975026e-02 -4.103644e-01 -1.346722e-01 9.292888e-01 -3.439270e-01 3.881397e-01 3.688256e-01 8.445800e-01 -1.387405e-02 -3.056680e-02 -3.814997e-01 1.934951e+01 4.487538e+00 -1.024413e+00
       1 1.727421e-18 3.055046e-03 2.500000e-02 1.000000e+00 0.000000e+00 0.000000e+00 0.000000e+00 1.000000e+00 0.000000e+00 0.000000e+00 0.000000e+00 1.000000e+00 0.000000e+00 8.661490e-17 0.000000e+00 0.000000e+00 0.000000e+00 0.000000e+00
       2 -3.822012e-03 -2.015719e-02 2.324499e-02 9.278446e-01 5.149705e-03 -3.729315e-01 -2.031612e-01 8.455189e-01 -4.937846e-01 3.127778e-01 5.339206e-01 7.855564e-01 -3.261535e-03 3.488418e-02 -3.463371e-01 1.779831e+01 4.936123e+00 2.786281e-01
       1 1.727421e-18 3.055046e-03 2.500000e-02 1.000000e+00 0.000000e+00 0.000000e+00 0.000000e+00 1.000000e+00 0.000000e+00 0.000000e+00 0.000000e+00 1.000000e+00 0.000000e+00 9.219446e-17 0.000000e+00 0.000000e+00 0.000000e+00 0.000000e+00
       2 -3.798042e-03 -1.964234e-02 2.012624e-02 9.428805e-01 2.651656e-02 -3.320742e-01 -2.397141e-01 7.462129e-01 -6.210503e-01 2.313299e-01 6.651790e-01 7.099460e-01 7.289045e-03 7.676375e-02 -2.897159e-01 1.547805e+01 4.703095e+00 1.564306e+00
       1 1.727421e-18 3.055046e-03 2.500000e-02 1.000000e+00 0.000000e+00 0.000000e+00 0.000000e+00 1.000000e+00 0.000000e+00 0.000000e+00 0.000000e+00 1.000000e+00 0.000000e+00 6.474396e-17 0.000000e+00 0.000000e+00 0.000000e+00 0.000000e+00
       2 -3.667759e-03 -1.886842e-02 1.761554e-02 9.566191e-01 4.374299e-02 -2.880390e-01 -2.466432e-01 6.478256e-01 -7.207559e-01 1.550710e-01 7.605317e-01 6.305113e-01 1.834389e-02 9.034463e-02 -2.206665e-01 1.249033e+01 4.235494e+00 2.713734e+00
       1 1.727421e-18 3.055046e-03 2.500000e-02 1.000000e+00 0.000000e+00 0.000000e+00 0.000000e+00 1.000000e+00 0.000000e+00 0.000000e+00 0.000000e+00 1.000000e+00 0.000000e+00 6.819414e-17 0.000000e+00 0.000000e+00 0.000000e+00 0.000000e+00
       2 -3.422374e-03 -1.809829e-02 1.579461e-02 9.693402e-01 5.739548e-02 -2.389256e-01 -2.288352e-01 5.650977e-01 -7.926532e-01 8.952157e-02 8.230251e-01 5.609060e-01 3.029368e-02 7.682383e-02 -1.476056e-01 9.006104e+00 3.966091e+00 3.744712e+00
       1 1.727421e-18 3.055046e-03 2.500000e-02 1.000000e+00 0.000000e+00 0.000000e+00 0.000000e+00 1.000000e+00 0.000000e+00 0.000000e+00 0.000000e+00 1.000000e+00 0.000000e+00 8.864733e-17 0.000000e+00 0.000000e+00 0.000000e+00 0.000000e+00
       2 -3.071295e-03 -1.755511e-02 1.468568e-02 9.803540e-01 6.770404e-02 -1.852623e-01 -1.936233e-01 5.095070e-01 -8.383989e-01 3.762945e-02 8.577988e-01 5.126063e-01 4.039251e-02 4.296977e-02 -7.529157e-02 5.060028e+00 3.607294e+00 4.483103e+00
       1 1.727421e-18 3.055046e-03 2.500000e-02 1.000000e+00 0.000000e+00 0.000000e+00 0.000000e+00 1.000000e+00 0.000000e+00 0.000000e+00 0.000000e+00 1.000000e+00 0.000000e+00 7.436737e-17 0.000000e+00 0.000000e+00 0.000000e+00 0.000000e+00
       2 -2.624533e-03 -1.738991e-02 1.429005e-02 9.889912e-01 7.491234e-02 -1.276111e-01 -1.479594e-01 4.883076e-01 -8.600371e-01 -2.113917e-03 8.694503e-01 4.940159e-01 4.946045e-02 -2.377609e-03 -3.898670e-03 8.225734e-01 3.374256e+00 5.008676e+00
       1 1.727421e-18 3.055046e-03 2.500000e-02 1.000000e+00 0.000000e+00 0.000000e+00 0.000000e+00 1.000000e+00 0.000000e+00 0.000000e+00 0.000000e+00 1.000000e+00 0.000000e+00 6.239364e-17 0.000000e+00 0.000000e+00 0.000000e+00 0.000000e+00
       2 -2.088435e-03 -1.765820e-02 1.461605e-02 9.946500e-01 7.913628e-02 -6.639836e-02 -9.740256e-02 5.043516e-01 -8.579873e-01 -3.440980e-02 8.598645e-01 5.093614e-01 5.807651e-02 -4.850482e-02 6.868178e-02 -3.494703e+00 3.348184e+00 5.362715e+00
       1 1.727421e-18 3.055046e-03 2.500000e-02 1.000000e+00 0.000000e+00 0.000000e+00 0.000000e+00 1.000000e+00 0.000000e+00 0.000000e+00 0.000000e+00 1.000000e+00 0.000000e+00 9.036040e-17 0.000000e+00 0.000000e+00 0.000000e+00 0.000000e+00
       2 -1.465665e-03 -1.830631e-02 1.568706e-02 9.967734e-01 8.023846e-02 -2.137195e-03 -4.653300e-02 5.559576e-01 -8.299071e-01 -6.540228e-02 8.273288e-01 5.578975e-01 6.661073e-02 -8.380090e-02 1.443504e-01 -7.676168e+00 3.536788e+00 5.558553e+00
       1 1.727421e-18 3.055046e-03 2.500000e-02 1.000000e+00 0.000000e+00 0.000000e+00 0.000000e+00 1.000000e+00 0.000000e+00 0.000000e+00 0.000000e+00 1.000000e+00 0.000000e+00 5.906943e-17 0.000000e+00 0.000000e+00 0.000000e+00 0.000000e+00
       2 -7.603379e-04 -1.917050e-02 1.752245e-02 9.948959e-01 7.788415e-02 6.415771e-02 -1.002928e-04 6.365754e-01 -7.712145e-01 -1.009066e-01 7.672717e-01 6.333341e-01 7.466047e-02 -9.722413e-02 2.217590e-01 -1.148677e+01 3.900137e+00 5.535955e+00
       1 1.727421e-18 3.055046e-03 2.500000e-02 1.000000e+00 0.000000e+00 0.000000e+00 0.000000e+00 1.000000e+00 0.000000e+00 0.000000e+00 0.000000e+00 1.000000e+00 0.000000e+00 7.867969e-17 0.000000e+00 0.000000e+00 0.000000e+00 0.000000e+00
       2 1.311652e-05 -1.999916e-02 2.009758e-02 9.888719e-01 7.169140e-02 1.303564e-01 3.603112e-02 7.347286e-01 -6.774036e-01 -1.443406e-01 6.745622e-01 7.239693e-01 8.075182e-02 -8.108796e-02 2.944989e-01 -1.471187e+01 4.300789e+00 5.180426e+00
       1 1.727421e-18 3.055046e-03 2.500000e-02 1.000000e+00 0.000000e+00 0.000000e+00 0.000000e+00 1.000000e+00 0.000000e+00 0.000000e+00 0.000000e+00 1.000000e+00 0.000000e+00 7.910699e-17 0.000000e+00 0.000000e+00 0.000000e+00 0.000000e+00
       2 8.240926e-04 -2.050462e-02 2.330245e-02 9.792394e-01 6.152054e-02 1.931462e-01 5.549686e-02 8.350629e-01 -5.473482e-01 -1.949624e-01 5.467039e-01 8.143123e-01 8.297370e-02 -3.438699e-02 3.519754e-01 -1.718463e+01 4.519680e+00 4.438551e+00
       1 1.727421e-18 3.055046e-03 2.500000e-02 1.000000e+00 0.000000e+00 0.000000e+00 0.000000e+00 1.000000e+00 0.000000e+00 0.000000e+00 0.000000e+00 1.000000e+00 0.000000e+00 5.047244e-17 0.000000e+00 0.000000e+00 0.000000e+00 0.000000e+00
       2 1.635390e-03 -2.043596e-02 2.692276e-02 9.670649e-01 4.801204e-02 2.499606e-01 5.398641e-02 9.210128e-01 -3.857730e-01 -2.487387e-01 3.865620e-01 8.880872e-01 8.114575e-02 3.557186e-02 3.828014e-01 -1.878717e+01 4.527312e+00 3.495307e+00
       1 1.727421e-18 3.055046e-03 2.500000e-02 1.000000e+00 0.000000e+00 0.000000e+00 0.000000e+00 1.000000e+00 0.000000e+00 0.000000e+00 0.000000e+00 1.000000e+00 0.000000e+00 8.374107e-17 0.000000e+00 0.000000e+00 0.000000e+00 0.000000e+00
       2 2.409454e-03 -1.965036e-02 3.066195e-02 9.535242e-01 3.255927e-02 2.995521e-01 3.054509e-02 9.785786e-01 -2.035949e-01 -2.997642e-01 2.032825e-01 9.321039e-01 7.554481e-02 1.144067e-01 3.798646e-01 -1.947403e+01 4.357959e+00 2.521155e+00
       1 1.727421e-18 3.055046e-03 2.500000e-02 1.000000e+00 0.000000e+00 0.000000e+00 0.000000e+00 1.000000e+00 0.000000e+00 0.000000e+00 0.000000e+00 1.000000e+00 0.000000e+00 7.661308e-17 0.000000e+00 0.000000e+00 0.000000e+00 0.000000e+00
       2 3.100548e-03 -1.815600e-02 3.420576e-02 9.403739e-01 1.649313e-02 3.397424e-01 -1.177130e-02 9.998034e-01 -1.595463e-02 -3.399387e-01 1.100411e-02 9.403832e-01 6.496084e-02 1.848742e-01 3.446106e-01 -1.924693e+01 3.736960e+00 1.588321e+00
       1 1.727421e-18 3.055046e-03 2.500000e-02 1.000000e+00 0.000000e+00 0.000000e+00 0.000000e+00 1.000000e+00 0.000000e+00 0.000000e+00 0.000000e+00 1.000000e+00 0.000000e+00 5.582806e-17 0.000000e+00 0.000000e+00 0.000000e+00 0.000000e+00
       2 3.679971e-03 -1.610806e-02 3.728772e-02 9.288107e-01 1.419110e-03 3.705519e-01 -6.596377e-02 9.846540e-01 1.615712e-01 -3.646361e-01 -1.745121e-01 9.146508e-01 5.235876e-02 2.324740e-01 2.851049e-01 -1.815130e+01 3.011305e+00 8.405118e-01
       1 1.727421e-18 3.055046e-03 2.500000e-02 1.000000e+00 0.000000e+00 0.000000e+00 0.000000e+00 1.000000e+00 0.000000e+00 0.000000e+00 0.000000e+00 1.000000e+00 0.000000e+00 4.906437e-17 0.000000e+00 0.000000e+00 0.000000e+00 0.000000e+00
       2 4.142621e-03 -1.376653e-02 3.974182e-02 9.189308e-01 -1.111131e-02 3.942623e-01 -1.243105e-01 9.404982e-01 3.162435e-01 -3.743168e-01 -3.396168e-01 8.628715e-01 4.042637e-02 2.488313e-01 2.140156e-01 -1.628106e+01 2.448046e+00 2.639091e-01
       1 1.727421e-18 3.055046e-03 2.500000e-02 1.000000e+00 0.000000e+00 0.000000e+00 0.000000e+00 1.000000e+00 0.000000e+00 0.000000e+00 0.000000e+00 1.000000e+00 0.000000e+00 8.618611e-17 0.000000e+00 0.000000e+00 0.000000e+00 0.000000e+00
       2 4.488139e-03 -1.143191e-02 4.152779e-02 9.110136e-01 -2.052742e-02 4.118651e-01 -1.792589e-01 8.797471e-01 4.403535e-01 -3.713765e-01 -4.749986e-01 7.977818e-01 2.869523e-02 2.331168e-01 1.451914e-01 -1.369671e+01 1.794818e+00 -1.089158e-01
       1 1.727421e-18 3.055046e-03 2.500000e-02 1.000000e+00 0.000000e+00 0.000000e+00 0.000000e+00 1.000000e+00 0.000000e+00 0.000000e+00 0.000000e+00 1.000000e+00 0.000000e+00 8.913305e-17 0.000000e+00 0.000000e+00 0.000000e+00 0.000000e+00
       2 4.732382e-03 -9.388234e-03 4.270496e-02 9.046334e-01 -2.659946e-02 4.253596e-01 -2.257355e-01 8.166527e-01 5.311515e-01 -3.614994e-01 -5.765162e-01 7.327669e-01 1.936048e-02 1.898209e-01 8.727672e-02 -1.051728e+01 1.298741e+00 -4.123185e-01
       1 1.727421e-18 3.055046e-03 2.500000e-02 1.000000e+00 0.000000e+00 0.000000e+00 0.000000e+00 1.000000e+00 0.000000e+00 0.000000e+00 0.000000e+00 1.000000e+00 0.000000e+00 3.810872e-17 0.000000e+00 0.000000e+00 0.000000e+00 0.000000e+00
       2 4.898687e-03 -7.865277e-03 4.338859e-02 8.990032e-01 -2.939704e-02 4.369542e-01 -2.614622e-01 7.643854e-01 5.893661e-01 -3.513271e-01 -6.440891e-01 6.794987e-01 1.273364e-02 1.262596e-01 4.368635e-02 -6.863973e+00 9.882044e-01 -6.947141e-01
       1 1.727421e-18 3.055046e-03 2.500000e-02 1.000000e+00 0.000000e+00 0.000000e+00 0.000000e+00 1.000000e+00 0.000000e+00 0.000000e+00 0.000000e+00 1.000000e+00 0.000000e+00 3.496159e-17 0.000000e+00 0.000000e+00 0.000000e+00 0.000000e+00
       2 5.005960e-03 -7.022281e-03 4.369834e-02 8.935763e-01 -2.924362e-02 4.479577e-01 -2.854787e-01 7.330845e-01 6.173241e-01 -3.464436e-01 -6.795086e-01 6.467185e-01 7.775771e-03 5.030161e-02 1.228079e-02 -2.854028e+00 7.636091e-01 -9.479560e-01
       1 1.727421e-18 3.055046e-03 2.500000e-02 1.000000e+00 0.000000e+00 0.000000e+00 0.000000e+00 1.000000e+00 0.000000e+00 0.000000e+00 0.000000e+00 1.000000e+00 0.000000e+00 7.992352e-17 0.000000e+00 0.000000e+00 0.000000e+00 0.000000e+00
       2 5.065240e-03 -6.946743e-03 4.371059e-02 8.880283e-01 -2.638498e-02 4.590312e-01 -2.972652e-01 7.286887e-01 6.169654e-01 -3.507694e-01 -6.843367e-01 6.392528e-01 3.528290e-03 -3.081910e-02 -1.365040e-02 1.349164e+00 6.049016e-01 -1.174881e+00
       1 1.727421e-18 3.055046e-03 2.500000e-02 1.000000e+00 0.000000e+00 0.000000e+00 0.000000e+00 1.000000e+00 0.000000e+00 0.000000e+00 0.000000e+00 1.000000e+00 0.000000e+00 3.357051e-17 0.000000e+00 0.000000e+00 0.000000e+00 0.000000e+00
       2 5.076311e-03 -7.654357e-03 4.342938e-02 8.823720e-01 -2.085609e-02 4.700901e-01 -2.958418e-01 7.522861e-01 5.886793e-01 -3.659198e-01 -6.585064e-01 6.576260e-01 -1.303428e-03 -1.099190e-01 -4.279423e-02 5.546328e+00 4.621771e-01 -1.349822e+00
       1 1.727421e-18 3.055046e-03 2.500000e-02 1.000000e+00 0.000000e+00 0.000000e+00 0.000000e+00 1.000000e+00 0.000000e+00 0.000000e+00 0.000000e+00 1.000000e+00 0.000000e+00 8.271250e-17 0.000000e+00 0.000000e+00 0.000000e+00 0.000000e+00
       2 5.028051e-03 -9.082645e-03 4.278270e-02 8.769873e-01 -1.247414e-02 4.803516e-01 -2.796120e-01 7.997366e-01 5.312613e-01 -3.907818e-01 -6.002215e-01 6.978709e-01 -7.792418e-03 -1.788625e-01 -8.294136e-02 9.503717e+00 2.807936e-01 -1.457901e+00
       1 1.727421e-18 3.055046e-03 2.500000e-02 1.000000e+00 0.000000e+00 0.000000e+00 0.000000e+00 1.000000e+00 0.000000e+00 0.000000e+00 0.000000e+00 1.000000e+00 0.000000e+00 4.892697e-17 0.000000e+00 0.000000e+00 0.000000e+00 0.000000e+00
       2 4.903134e-03 -1.108091e-02 4.164850e-02 8.725220e-01 -9.664265e-04 4.885738e-01 -2.471410e-01 8.617522e-01 4.430626e-01 -4.214577e-01 -5.073285e-01 7.516590e-01 -1.632467e-02 -2.283259e-01 -1.377950e-01 1.297431e+01 2.091007e-02 -1.523258e+00
       1 1.727421e-18 3.055046e-03 2.500000e-02 1.000000e+00 0.000000e+00 0.000000e+00 0.000000e+00 1.000000e+00 0.000000e+00 0.000000e+00 0.000000e+00 1.000000e+00 0.000000e+00 8.940480e-17 0.000000e+00 0.000000e+00 0.000000e+00 0.000000e+00
       2 4.686065e-03 -1.340986e-02 3.990693e-02 8.696796e-01 1.378761e-02 4.934241e-01 -1.984947e-01 9.249966e-01 3.240079e-01 -4.519483e-01 -3.797251e-01 8.071874e-01 -2.631438e-02 -2.494287e-01 -2.045266e-01 1.573992e+01 -3.124242e-01 -1.610014e+00
       1 1.727421e-18 3.055046e-03 2.500000e-02 1.000000e+00 0.000000e+00 0.000000e+00 0.000000e+00 1.000000e+00 0.000000e+00 0.000000e+00 0.000000e+00 1.000000e+00 0.000000e+00 4.914345e-17 0.000000e+00 0.000000e+00 0.000000e+00 0.000000e+00
       2 4.370161e-03 -1.576594e-02 3.750348e-02 8.691394e-01 3.141799e-02 4.935682e-01 -1.361534e-01 9.746172e-01 1.777176e-01 -4.754566e-01 -2.216624e-01 8.513559e-01 -3.653225e-02 -2.369640e-01 -2.734377e-01 1.765812e+01 -6.921641e-01 -1.749407e+00
       1 1.727421e-18 3.055046e-03 2.500000e-02 1.000000e+00 0.000000e+00 0.000000e+00 0.000000e+00 1.000000e+00 0.000000e+00 0.000000e+00 0.000000e+00 1.000000e+00 0.000000e+00 5.954609e-17 0.000000e+00 0.000000e+00 0.000000e+00 0.000000e+00
       2 3.960229e-03 -1.783570e-02 3.449761e-02 8.716624e-01 5.080198e-02 4.874668e-01 -6.512658e-02 9.977991e-01 1.246899e-02 -4.857605e-01 -4.261580e-02 8.730525e-01 -4.569460e-02 -1.926604e-01 -3.307087e-01 1.867642e+01 -1.138207e+00 -1.912909e+00
       1 1.727421e-18 3.055046e-03 2.500000e-02 1.000000e+00 0.000000e+00 0.000000e+00 0.000000e+00 1.000000e+00 0.000000e+00 0.000000e+00 0.000000e+00 1.000000e+00 0.000000e+00 7.156467e-17 0.000000e+00 0.000000e+00 0.000000e+00 0.000000e+00
       2 3.477070e-03 -1.936699e-02 3.106875e-02 8.774855e-01 7.039029e-02 4.744094e-01 7.271179e-03 9.871048e-01 -1.599103e-01 -4.795480e-01 1.437685e-01 8.656584e-01 -5.197718e-02 -1.262054e-01 -3.640354e-01 1.879266e+01 -1.544066e+00 -2.141067e+00
       1 1.727421e-18 3.055046e-03 2.500000e-02 1.000000e+00 0.000000e+00 0.000000e+00 0.000000e+00 1.000000e+00 0.000000e+00 0.000000e+00 0.000000e+00 1.000000e+00 0.000000e+00 8.962223e-17 0.000000e+00 0.000000e+00 0.000000e+00 0.000000e+00
       2 2.955642e-03 -2.022650e-02 2.748050e-02 8.859747e-01 8.867366e-02 4.551767e-01 7.330956e-02 9.424235e-01 -3.262877e-01 -4.579023e-01 3.224514e-01 8.284627e-01 -5.405625e-02 -5.236220e-02 -3.667944e-01 1.804670e+01 -1.751662e+00 -2.419161e+00
       1 1.727421e-18 3.055046e-03 2.500000e-02 1.000000e+00 0.000000e+00 0.000000e+00 0.000000e+00 1.000000e+00 0.000000e+00 0.000000e+00 0.000000e+00 1.000000e+00 0.000000e+00 3.396707e-17 0.000000e+00 0.000000e+00 0.000000e+00 0.000000e+00
       2 2.428343e-03 -2.042432e-02 2.402511e-02 8.966860e-01 1.041189e-01 4.302483e-01 1.268542e-01 8.707422e-01 -4.750958e-01 -4.241018e-01 4.805905e-01 7.675744e-01 -5.302343e-02 1.330291e-02 -3.388956e-01 1.652398e+01 -1.951422e+00 -2.658247e+00
       1 1.727421e-18 3.055046e-03 2.500000e-02 1.000000e+00 0.000000e+00 0.000000e+00 0.000000e+00 1.000000e+00 0.000000e+00 0.000000e+00 0.000000e+00 1.000000e+00 0.000000e+00 6.932638e-17 0.000000e+00 0.000000e+00 0.000000e+00 0.000000e+00
       2 1.926833e-03 -2.009832e-02 2.095710e-02 9.086221e-01 1.158575e-01 4.012267e-01 1.643388e-01 7.840392e-01 -5.985611e-01 -3.839253e-01 6.098029e-01 6.933554e-01 -4.886170e-02 5.879121e-02 -2.874326e-01 1.430500e+01 -2.002963e+00 -2.810617e+00
       1 1.727421e-18 3.055046e-03 2.500000e-02 1.000000e+00 0.000000e+00 0.000000e+00 0.000000e+00 1.000000e+00 0.000000e+00 0.000000e+00 0.000000e+00 1.000000e+00 0.000000e+00 7.392508e-17 0.000000e+00 0.000000e+00 0.000000e+00 0.000000e+00
       2 1.479908e-03 -1.946721e-02 1.845496e-02 9.203093e-01 1.239192e-01 3.710456e-01 1.857177e-01 6.963926e-01 -6.932144e-01 -3.442960e-01 7.068814e-01 6.178826e-01 -4.196317e-02 7.836551e-02 -2.219204e-01 1.147641e+01 -1.808026e+00 -2.784088e+00
       1 1.727421e-18 3.055046e-03 2.500000e-02 1.000000e+00 0.000000e+00 0.000000e+00 0.000000e+00 1.000000e+00 0.000000e+00 0.000000e+00 0.000000e+00 1.000000e+00 0.000000e+00 9.235486e-17 0.000000e+00 0.000000e+00 0.000000e+00 0.000000e+00
       2 1.102532e-03 -1.877597e-02 1.661863e-02 9.309714e-01 1.285814e-01 3.417002e-01 1.930052e-01 6.211228e-01 -7.595759e-01 -3.099051e-01 7.730933e-01 5.534307e-01 -3.426009e-02 7.213115e-02 -1.503430e-01 8.148343e+00 -1.624474e+00 -2.591466e+00
       1 1.727421e-18 3.055046e-03 2.500000e-02 1.000000e+00 0.000000e+00 0.000000e+00 0.000000e+00 1.000000e+00 0.000000e+00 0.000000e+00 0.000000e+00 1.000000e+00 0.000000e+00 6.763022e-17 0.000000e+00 0.000000e+00 0.000000e+00 0.000000e+00
       2 8.041027e-04 -1.824365e-02 1.548567e-02 9.400302e-01 1.304228e-01 3.151715e-01 1.893798e-01 5.689371e-01 -8.002786e-01 -2.836873e-01 8.119732e-01 5.101186e-01 -2.589565e-02 4.528502e-02 -7.812710e-02 4.435624e+00 -1.424168e+00 -2.206947e+00
       1 1.727421e-18 3.055046e-03 2.500000e-02 1.000000e+00 0.000000e+00 0.000000e+00 0.000000e+00 1.000000e+00 0.000000e+00 0.000000e+00 0.000000e+00 1.000000e+00 0.000000e+00 9.208622e-17 0.000000e+00 0.000000e+00 0.000000e+00 0.000000e+00
       2 5.907993e-04 -1.802533e-02 1.506329e-02 9.471869e-01 1.300312e-01 2.931363e-01 1.780673e-01 5.469633e-01 -8.179995e-01 -2.667003e-01 8.269964e-01 4.949221e-01 -1.707404e-02 6.132305e-03 -6.709524e-03 4.727802e-01 -1.228436e+00 -1.667423e+00
       1 1.727421e-18 3.055046e-03 2.500000e-02 1.000000e+00 0.000000e+00 0.000000e+00 0.000000e+00 1.000000e+00 0.000000e+00 0.000000e+00 0.000000e+00 1.000000e+00 0.000000e+00 3.400677e-17 0.000000e+00 0.000000e+00 0.000000e+00 0.000000e+00
       2 4.668874e-04 -1.818744e-02 1.535640e-02 9.524975e-01 1.276696e-01 2.764940e-01 1.613925e-01 5.583128e-01 -8.137809e-01 -2.582652e-01 8.197483e-01 5.111866e-01 -7.921613e-03 -3.523144e-02 6.508562e-02 -3.565654e+00 -1.083044e+00 -1.039515e+00
       1 1.727421e-18 3.055046e-03 2.500000e-02 1.000000e+00 0.000000e+00 0.000000e+00 0.000000e+00 1.000000e+00 0.000000e+00 0.000000e+00 0.000000e+00 1.000000e+00 0.000000e+00 8.196400e-17 0.000000e+00 0.000000e+00 0.000000e+00 0.000000e+00
       2 4.355883e-04 -1.869423e-02 1.637817e-02 9.562717e-01 1.231768e-01 2.652771e-01 1.405726e-01 6.018050e-01 -7.861743e-01 -2.564835e-01 7.890869e-01 5.581738e-01 1.500738e-03 -6.791427e-02 1.386111e-01 -7.474465e+00 -9.974426e-01 -3.967109e-01
       1 1.727421e-18 3.055046e-03 2.500000e-02 1.000000e+00 0.000000e+00 0.000000e+00 0.000000e+00 1.000000e+00 0.000000e+00 0.000000e+00 0.000000e+00 1.000000e+00 0.000000e+00 4.512032e-17 0.000000e+00 0.000000e+00 0.000000e+00 0.000000e+00
       2 4.976791e-04 -1.940744e-02 1.813681e-02 9.589892e-01 1.160226e-01 2.586086e-01 1.160425e-01 6.717069e-01 -7.316720e-01 -2.585997e-01 7.316752e-01 6.306962e-01 1.087857e-02 -8.164187e-02 2.127063e-01 -1.102819e+01 -9.809536e-01 1.992383e-01
       1 1.727421e-18 3.055046e-03 2.500000e-02 1.000000e+00 0.000000e+00 0.000000e+00 0.000000e+00 1.000000e+00 0.000000e+00 0.000000e+00 0.000000e+00 1.000000e+00 0.000000e+00 5.520914e-17 0.000000e+00 0.000000e+00 0.000000e+00 0.000000e+00
       2 6.487146e-04 -2.010570e-02 2.060229e-02 9.611994e-01 1.055506e-01 2.548625e-01 8.818463e-02 7.578480e-01 -6.464440e-01 -2.613796e-01 6.438365e-01 7.191351e-01 1.955078e-02 -6.907836e-02 2.818911e-01 -1.401080e+01 -1.035723e+00 7.204065e-01
       1 1.727421e-18 3.055046e-03 2.500000e-02 1.000000e+00 0.000000e+00 0.000000e+00 0.000000e+00 1.000000e+00 0.000000e+00 0.000000e+00 0.000000e+00 1.000000e+00 0.000000e+00 8.180555e-17 0.000000e+00 0.000000e+00 0.000000e+00 0.000000e+00
       2 8.767739e-04 -2.052952e-02 2.366956e-02 9.633801e-01 9.134619e-02 2.521005e-01 5.810811e-02 8.467201e-01 -5.288559e-01 -2.617676e-01 5.241383e-01 8.104053e-01 2.665713e-02 -2.865922e-02 3.368161e-01 -1.625207e+01 -1.132478e+00 1.183355e+00
       1 1.727421e-18 3.055046e-03 2.500000e-02 1.000000e+00 0.000000e+00 0.000000e+00 0.000000e+00 1.000000e+00 0.000000e+00 0.000000e+00 0.000000e+00 1.000000e+00 0.000000e+00 8.481244e-17 0.000000e+00 0.000000e+00 0.000000e+00 0.000000e+00
       2 1.160968e-03 -2.044668e-02 2.714135e-02 9.658458e-01 7.353691e-02 2.484636e-01 2.786150e-02 9.238520e-01 -3.817346e-01 -2.576151e-01 3.756193e-01 8.902497e-01 3.122616e-02 3.361693e-02 3.674043e-01 -1.765407e+01 -1.221439e+00 1.604164e+00
       1 1.727421e-18 3.055046e-03 2.500000e-02 1.000000e+00 0.000000e+00 0.000000e+00 0.000000e+00 1.000000e+00 0.000000e+00 0.000000e+00 0.000000e+00 1.000000e+00 0.000000e+00 4.669319e-17 0.000000e+00 0.000000e+00 0.000000e+00 0.000000e+00
       2 1.470131e-03 -1.971823e-02 3.074718e-02 9.688101e-01 5.282987e-02 2.421074e-01 5.454529e-06 9.770058e-01 -2.132127e-01 -2.478044e-01 2.065639e-01 9.465328e-01 3.216473e-02 1.051250e-01 3.672849e-01 -1.819216e+01 -1.312290e+00 1.958003e+00
