U1: (-290.4440000000, 448.5130000000)
U2: (-142.1510000000, 551.0200000000)
U3: (-88.0403000000, -3.6648600000)
Uabs: (69.4067883803, 695.6363140635)
Sabs: (253.7021048384, 3661.8134111820)
MaxPrin: (-171.6426180829, 2877.3028857679)
MidPrin: (-1053.2688605374, 1136.7129381108)
MinPrin: (-2584.4199852788, 288.5989104212)
MaxShear: (141.8543449888, 2036.5588751840)
Peeq: (0.0000000000, 0.0000000000)
Temp: (0.0000000000, 0.0000000000)
MFlow: (0.0000000000, 0.0000000000)
NPress: (0.0000000000, 0.0000000000)
