U1: (-0.0680669000, -0.0225964098, 0.0029674500)
U2: (-0.0109484000, 0.0000147168, 0.0110702000)
U3: (-0.0643181000, -0.0308766826, 0.0000000000)
Uabs: (0.0000000000, 0.0394629905, 0.0937383460)
Sabs: (385.3799018170, 1006.7357751359, 2203.5090958167)
MaxPrin: (-924.0494419697, -23.6402931716, 1169.5484598644)
MidPrin: (-1260.1000473504, -208.2969867613, 346.8740040676)
MinPrin: (-3276.2805106799, -1096.4513895842, 3.2401143113)
MaxShear: (218.1005303160, 536.4055482063, 1176.1155343551)
Peeq: (0.0000000000, 0.0000000000, 0.0000000000)
Temp: (0.0000000000, 0.0000000000, 0.0000000000)
MFlow: (0.0000000000, 0.0000000000, 0.0000000000)
NPress: (0.0000000000, 0.0000000000, 0.0000000000)
