U1: (0.0000000000, 0.0000000000, 0.0000000000)
U2: (0.0000000000, 0.0000000000, 0.0000000000)
U3: (0.0000000000, 0.0000000000, 0.0000000000)
Uabs: (0.0000000000, 0.0000000000, 0.0000000000)
Sabs: (0.0000000000, 0.0000000000, 0.0000000000)
MaxPrin: (0.0000000000, 0.0000000000, 0.0000000000)
MidPrin: (0.0000000000, 0.0000000000, 0.0000000000)
MinPrin: (0.0000000000, 0.0000000000, 0.0000000000)
MaxShear: (0.0000000000, 0.0000000000, 0.0000000000)
Peeq: (0.0000000000, 0.0000000000, 0.0000000000)
Temp: (0.0000000000, 0.0000000000, 0.0000000000)
MFlow: (78.3918000000, 78.3918000000, 78.3918000000)
NPress: (0.1000000000, 0.1429887407, 0.1916470000)
