U1: (-0.0009424550, 0.0072981800)
U2: (-0.0016338200, 0.0022231800)
U3: (-0.0018532900, 0.0022067500)
Uabs: (0.0000000000, 0.0073257122)
Sabs: (0.3071229725, 35.8618037277)
MaxPrin: (-5.8043388849, 11.1175902063)
MidPrin: (-38.5576970149, 10.7086318773)
MinPrin: (-38.5960841002, 6.3205092526)
MaxShear: (0.1766446029, 17.9323020685)
Peeq: (0.0000000000, 0.0000000000)
Temp: (293.4470000000, 310.9300000000)
MFlow: (0.0000000000, 0.0000000000)
NPress: (0.0000000000, 0.0000000000)
