U1: (-290.444, 78.205419178571, 448.513)
U2: (-142.151, 204.57418299643, 551.02)
U3: (-88.0403, -45.873190964286, -3.66486)
Uabs: (69.406788380271, 368.26808671734, 695.63631406348)
Sabs: (253.70210483837, 1550.584765187, 3661.813411182)
MaxPrin: (-171.64261808287, 920.73940817323, 2877.3028857679)
MidPrin: (-1053.2688605374, 61.84355293719, 1136.7129381108)
MinPrin: (-2584.4199852788, -815.24731273899, 288.59891042119)
MaxShear: (141.85434498876, 867.99336045611, 2036.558875184)
Peeq: (0, 0, 0)
Temp: (0, 0, 0)
MFlow: (0, 0, 0)
NPress: (0, 0, 0)
