U1: (-260.885, 0.45986312857143, 260.514)
U2: (-31.5876, 28.367291432143, 60.9314)
U3: (0, 288.88279535714, 603.385)
Uabs: (0, 311.88645851564, 655.52614630342)
Sabs: (4.4795289671369, 71.968623348873, 217.18852638646)
MaxPrin: (-51.052324030744, 39.88082216026, 294.92652329271)
MidPrin: (-198.6180601552, 0.32270320037735, 202.66494122231)
MinPrin: (-295.69600708994, -40.144573469343, 46.838542860044)
MaxShear: (2.5742131875107, 40.012697814801, 124.04399021633)
Peeq: (0, 0, 0)
Temp: (0, 0, 0)
MFlow: (0, 0, 0)
NPress: (0, 0, 0)
