U1: (-0.0680669, -0.022596409820714, 0.00296745)
U2: (-0.0109484, 1.4716768996429e-05, 0.0110702)
U3: (-0.0643181, -0.030876682571429, 0)
Uabs: (0, 0.039462990491044, 0.093738346040971)
Sabs: (385.37990181702, 1006.7357751359, 2203.5090958167)
MaxPrin: (-924.04944196969, -23.640293171615, 1169.5484598644)
MidPrin: (-1260.1000473504, -208.29698676134, 346.87400406764)
MinPrin: (-3276.2805106799, -1096.4513895842, 3.2401143112922)
MaxShear: (218.10053031601, 536.40554820629, 1176.1155343551)
Peeq: (0, 0, 0)
Temp: (0, 0, 0)
MFlow: (0, 0, 0)
NPress: (0, 0, 0)
