U1: (-290.444, 78.205419178571, 448.513)
U2: (-142.151, 204.57418299643, 551.02)
U3: (-88.0403, -45.873190964286, -3.66486)
Uabs: (69.406788380271, 368.26808671734, 695.63631406348)
Sabs: (0.0046042267946421, 0.028140262879514, 0.066455181503066)
MaxPrin: (-0.0029467975966255, 0.017009841508179, 0.050896445645355)
MidPrin: (-0.024289766728358, 0.00050842806524365, 0.022921042483556)
MinPrin: (-0.046889619563141, -0.014481435186805, 0.0068642052938599)
MaxShear: (0.0026301991142606, 0.015745638347492, 0.036973899767846)
Peeq: (0, 0, 0)
Temp: (0, 0, 0)
MFlow: (0, 0, 0)
NPress: (0, 0, 0)
