U1: (-0.000942455, 0.0030585454755556, 0.00729818)
U2: (-0.00163382, 0.00061658895555556, 0.00222318)
U3: (-0.00185329, 0.00054391362222222, 0.00220675)
Uabs: (0, 0.003644782698151, 0.0073257122411351)
Sabs: (0.30712297252407, 7.7474585262667, 35.861803727667)
MaxPrin: (-5.8043388849171, 1.3112172518488, 11.117590206346)
MidPrin: (-38.557697014884, -4.9005864027774, 10.708631877287)
MinPrin: (-38.596084100199, -6.992615040027, 6.3205092526187)
MaxShear: (0.17664460289028, 4.1519161459379, 17.932302068545)
Peeq: (0, 0, 0)
Temp: (293.447, 299.91893333333, 310.93)
MFlow: (0, 0, 0)
NPress: (0, 0, 0)
